27
792
680
504
462
660
3363
3336
2206
750
3106
1143
1233
2449
1233
1618
2650
1295
644
2034
2086
1930
2031
2929
1802
1634
1444
2038
388
2
6 10
15 13
16 19
25 4
26 7
8 1
18 3
12 16
3 10
14 25
9 11
25 26
17 4
21 11
6 1
27 6
27 19
11 26
17 19
19 1
14 25
18 15
11 20
20 14
6 11
21 15
16 20
10 12
17 19
21 25
15 14
21 20
6 8
9 9
10 13
26 24
18 24
17 7
5 18
1 10
22 10
18 13
25 17
21 18
22 13
4 3
10 24
13 14
8 17
2 9
2 17
26 25
10 23
16 24
2 4
6 15
4 15
13 24
7 24
18 19
13 6
22 21
7 26
24 25
22 23
14 18
10 3
11 11
7 8
10 1
18 9
18 9
12 11
15 13
15 13
21 18
12 27
12 27
20 27
3 23
15 11
14 24
23 3
19 1
15 26
8 2
9 10
15 10
15 8
6 24
10 23
17 12
9 3
21 22
13 21
22 4
3 24
9 6
12 21
20 6
4 14
4 19
15 8
5 25
8 10
23 9
13 14
3 7
16 4
16 24
3 18
26 25
4 27
20 12
18 27
7 3
23 8
24 22
2 23
3 14
23 15
22 8
20 26
13 8
19 4
8 13
24 22
20 5
8 14
20 6
16 19
15 18
24 26
10 27
14 17
22 4
5 13
12 10
13 22
21 4
14 23
1 3
2 18
12 24
4 9
1 3
14 26
6 12
10 7
12 24
7 2
10 20
15 7
6 25
16 16
24 6
22 7
6 18
23 1
21 11
24 7
21 12
19 21
10 23
18 15
11 13
17 11
19 6
1 19
3 18
2 8
23 20
2 8
15 10
24 23
9 27
1 19
5 3
12 11
19 19
16 13
18 20
18 13
10 11
12 15
27 18
27 20
4 11
11 4
12 1
15 8
11 23
2 11
27 8
20 22
10 13
15 10
22 19
19 27
1 6
14 7
12 5
23 16
3 12
19 6
9 14
4 16
3 7
25 19
18 24
22 7
10 13
17 5
12 8
14 12
19 15
1 21
13 25
18 13
26 14
13 12
1 6
3 27
1 22
17 26
12 7
10 16
27 7
7 25
18 20
17 25
23 9
7 26
10 27
26 26
9 26
18 24
10 26
4 13
18 20
5 11
16 26
16 4
15 3
21 10
16 24
1 4
11 24
8 3
13 14
2 14
19 22
7 25
24 24
21 22
2 2
11 11
27 4
13 27
4 5
8 24
27 11
2 12
22 26
22 8
5 5
11 25
5 24
12 8
10 15
22 5
15 6
12 3
26 13
20 25
7 7
25 10
13 17
13 19
20 6
27 10
8 18
1 26
26 25
8 4
10 10
25 21
12 6
15 8
2 27
27 1
9 19
10 5
10 8
15 23
27 9
24 5
14 18
24 16
6 2
14 25
5 24
4 9
19 8
11 13
20 13
9 22
1 22
4 9
8 16
20 3
12 27
7 16
27 8
21 12
6 1
25 15
19 26
14 10
24 6
13 4
18 23
10 5
3 23
12 19
25 12
1 9
4 18
21 26
25 22
15 23
15 27
18 9
6 13
15 11
20 12
8 17
5 17
22 9
17 19
6 22
16 20
2 4
24 26
21 9
11 19
8 19
23 25
21 25
13 17
5 6
2 26
27 16
8 15
15 27
5 7
20 3
25 8
27 18
8 18
13 24
10 8
2 2
17 11
8 7
19 9
22 6
13 5
9 23
12 3
13 24
20 20
9 12
6 7
18 9
16 22
24 22
2 26
9 14
3 26
27 26
24 13
5 6
10 21
19 17
22 13
23 3
20 25