27
1759
991
1275
3377
2904
431
1565
2890
3447
514
1733
2398
3300
1034
3156
1536
1860
1666
2131
2787
2412
1513
846
480
1812
1480
3112
310
2
10 6
25 17
13 26
5 9
23 26
4 7
7 19
18 6
25 1
14 16
8 25
20 10
11 4
20 8
10 17
11 20
23 23
22 3
25 6
11 10
9 16
23 26
24 24
14 21
18 13
1 13
18 26
22 6
17 17
19 27
14 5
3 6
13 4
25 27
2 14
4 6
10 12
24 9
20 19
21 27
2 11
9 13
1 6
12 2
8 18
6 16
3 14
8 8
23 25
19 22
19 5
2 11
3 15
4 23
4 20
2 14
21 20
2 12
11 6
1 15
26 12
19 10
19 19
24 11
26 12
17 2
27 21
6 15
14 13
24 22
13 16
23 24
10 21
22 25
22 18
7 15
25 4
3 3
4 12
8 6
23 8
16 22
27 8
21 7
24 26
26 5
24 21
23 11
17 23
12 22
3 8
25 15
13 22
25 8
4 18
6 24
19 9
16 15
18 8
1 9
6 12
17 13
17 27
18 18
23 2
11 11
15 4
26 22
22 18
15 2
24 16
20 19
17 5
15 15
18 3
24 14
5 10
5 23
1 15
27 6
25 16
19 20
19 18
4 14
13 22
14 25
2 9
5 20
5 24
1 7
17 8
10 11
27 1
16 3
14 26
15 5
5 22
14 13
20 20
1 7
8 19
12 3
5 7
10 14
8 10
24 8
2 17
15 24
1 12
17 25
2 13
18 14
24 3
14 24
2 8
23 14
2 21
3 3
11 8
25 20
21 26
18 20
20 2
21 10
25 24
3 2
3 13
8 3
6 23
25 19
10 14
19 6
18 16
24 12
12 13
7 13
10 24
25 20
14 12
19 24
14 2
8 20
2 2
25 24
2 15
19 6
6 13
10 17
21 14
27 1
27 14
4 2
13 3
22 23
2 26
25 9
27 6
12 3
23 17
1 20
11 20
8 27
11 14
21 16
21 27
10 27
9 17
25 21
9 9
1 11
2 19
11 25
24 18
11 13
14 21
11 22
15 6
13 13
1 25
14 11
23 16
12 9
19 16
11 4
27 1
13 25
9 16
23 20
9 25
23 23
18 27
23 22
21 26
25 15
26 14
6 1
5 19
18 22
15 3
4 17
22 2
24 27
22 26
9 16
8 10
23 9
24 18
5 8
12 24
24 14
18 21
19 13
25 17
14 9
6 10
11 8
5 20
22 18
25 10
24 24
11 6
12 1
21 3
3 4
15 7
1 11
8 14
26 7
26 19
2 24
25 9
23 9
23 18
27 7
18 12
10 24
3 23
12 14
9 14
6 22
7 17
22 15
14 3
6 10
23 25
25 2
7 9
1 23
23 3
13 25
1 5
20 19
10 1
17 9
25 11
20 8
3 16
22 6
3 12
12 12
14 8
19 10
4 12
18 21
20 21
20 24
25 7
8 15
3 22
19 25