27
3188
3446
1660
2759
3012
1219
2316
1799
1992
1466
3003
1771
1451
2595
3012
2438
1391
2834
3248
1800
561
3495
716
2490
3466
1845
2206
359
2
26 13
19 3
4 19
8 3
19 27
23 5
13 23
26 5
10 25
22 20
21 25
7 25
7 10
25 27
25 8
12 12
4 2
21 12
15 7
11 4
11 18
16 9
14 1
27 22
7 17
2 12
23 7
1 10
5 26
1 6
11 24
5 15
6 19
26 26
18 6
15 7
9 19
19 20
25 19
1 20
2 6
6 9
26 7
9 3
21 12
6 24
7 21
24 13
22 19
25 4
18 14
26 25
14 13
10 24
2 26
3 11
4 16
7 11
20 10
22 16
8 13
11 22
18 10
19 18
7 1
17 24
24 10
27 8
19 24
16 3
15 18
27 25
20 27
4 10
4 13
3 13
19 22
14 23
5 5
13 22
21 12
1 14
20 15
19 22
25 22
12 6
4 9
15 6
1 2
17 26
15 19
7 5
18 21
15 11
13 19
6 22
14 21
23 26
2 11
3 11
10 3
2 22
23 12
26 2
23 1
1 8
4 4
23 17
25 14
6 27
16 26
17 22
13 17
25 23
12 14
5 14
16 6
5 4
12 2
6 14
26 20
25 7
12 20
20 26
18 26
7 23
15 1
20 16
23 19
25 21
26 7
26 22
13 12
19 22
4 13
8 16
15 14
7 7
19 25
27 19
18 15
11 4
20 1
12 14
16 27
19 22
27 23
23 21
3 24
23 3
16 15
13 23
12 16
22 11
5 4
27 3
6 15
25 11
25 19
17 15
11 20
22 17
20 22
5 22
13 26
6 26
14 23
20 15
1 9
10 3
3 1
1 26
6 6
3 21
21 11
22 11
2 27
23 14
5 17
7 27
27 26
22 6
21 6
9 6
19 12
8 15
20 6
15 12
20 17
11 10
20 2
12 19
14 26
10 27
21 22
9 5
21 2
20 4
25 9
25 10
15 21
27 18
6 27
21 27
4 26
13 25
23 23
3 25
16 22
22 9
1 14
6 16
27 17
8 10
12 17
14 25
2 1
25 22
11 26
3 10
20 3
20 20
22 13
1 26
17 15
12 11
19 6
13 12
12 17
2 13
19 10
3 21
10 11
11 26
20 27
18 6
6 18
2 24
27 12
25 12
6 6
21 2
13 12
9 17
3 19
27 18
4 9
5 14
3 24
14 22
23 13
22 25
20 27
17 13
10 27
6 13
16 27
1 16
21 26
24 8
15 14
20 17
6 23
10 3
23 14
9 14
26 4
14 5
14 8
2 2
12 22
8 25
7 11
9 6
13 9
23 25
17 6
20 4
25 2
10 10
2 9
3 2
25 26
7 22
20 15
6 2
12 24
8 14
6 21
2 3
24 20
24 27
22 14
13 24
20 8
9 4
18 20
22 20
11 9
26 13
5 22
17 10
22 18
9 18
6 2
21 23
5 21
14 11
19 20
10 4
22 13
21 17
25 13
19 10
14 22
16 4
21 19
20 9
8 19
8 21
7 7
13 10
17 7
24 24
21 10
23 5
1 4
26 10
23 25
5 19
10 5
15 15
6 6
8 9
17 27
20 21
18 2
4 26
27 21
26 7
25 6
12 13
22 23
7 15
14 10
16 19
9 25
10 26
3 2
26 14
7 12
3 12
7 11
3 10
14 8
18 13
21 17
25 20
17 1