27
1554
1430
1344
781
2344
579
1205
2226
1524
2438
1026
3081
1764
555
1985
2482
3205
2264
1900
419
781
1358
1040
1875
1083
2114
2107
320
2
10 15
3 6
20 23
26 9
27 23
25 20
26 2
5 12
6 14
2 12
27 23
18 24
15 18
27 16
15 15
8 20
22 4
1 27
4 11
20 27
2 23
23 4
6 4
11 26
9 6
17 17
25 23
4 17
20 12
15 14
4 11
22 14
6 1
9 9
14 9
16 25
1 24
1 1
16 18
8 7
11 24
7 11
20 16
27 17
25 23
7 10
24 17
27 1
23 9
24 19
5 25
19 10
17 24
1 15
20 8
4 17
23 2
27 25
2 23
3 10
1 10
6 27
2 10
21 15
14 24
2 10
11 27
26 1
12 12
9 2
21 13
8 9
20 16
3 15
26 18
13 22
19 22
13 11
18 24
12 2
12 15
10 21
17 16
18 1
24 9
26 17
12 11
1 9
14 6
14 2
21 21
16 14
20 24
22 17
11 8
11 2
1 1
17 3
1 9
27 25
27 18
8 17
13 12
16 4
22 1
26 26
8 12
1 15
14 17
18 1
15 13
22 2
7 12
12 9
7 22
26 21
12 13
20 6
24 2
15 7
12 17
24 9
3 21
8 9
18 5
16 20
8 16
18 3
16 27
24 4
12 5
6 1
14 24
25 8
9 14
25 6
19 22
27 12
12 11
3 25
5 23
1 20
25 18
21 16
6 25
27 11
10 22
20 1
5 7
26 19
8 22
9 8
11 16
17 7
4 23
23 11
27 14
16 24
14 2
14 22
6 21
25 9
25 22
21 21
8 15
2 5
22 25
1 7
9 22
7 20
15 20
7 16
5 18
26 16
12 21
26 3
7 18
3 22
12 20
9 21
4 6
27 25
15 2
8 21
20 27
18 14
15 16
20 9
10 9
26 2
9 16
21 11
16 10
2 23
3 15
13 13
5 18
3 18
22 17
20 10
2 25
20 27
10 7
19 26
25 15
6 20
18 15
9 3
25 24
6 18
23 5
13 6
26 16
26 16
13 15
8 21
15 25
22 5
14 17
1 25
21 17
9 20
26 9
26 19
25 13
24 18
4 1
13 22
16 11
22 4
19 12
21 24
21 22
24 4
18 27
19 21
14 5
16 19
10 19
19 20
2 17
18 7
21 25
15 25
2 13
2 13
20 2
11 6
4 20
12 17
23 23
17 1
24 13
9 8
22 24
14 16
7 27
11 9
22 12
1 22
17 6
27 2
18 26
13 22
8 9
6 23
7 12
1 13
10 1
2 17
26 1
26 3
9 6
7 27
8 23
20 24
4 26
15 13
13 12
11 19
14 5
12 4
6 18
17 1
3 19
7 23
26 17
9 17
8 25
24 26
1 17
25 5
1 11
18 14
22 13
19 8
9 13
12 26
27 14
5 23
9 20
20 27
26 26
7 1
25 3
4 24
15 2
15 11
7 7
8 11
6 16
26 12
19 24
18 16
4 6
7 18
22 27
8 6
17 3
13 9