27
611
820
584
3053
2848
1963
2689
3496
2533
1527
2037
1959
1569
420
1322
3353
1097
1256
855
2026
2072
3001
2087
3098
1419
1651
571
345
2
5 19
24 25
8 9
27 12
21 17
5 10
8 21
11 17
7 9
5 22
5 10
7 19
19 14
20 18
14 9
8 1
11 4
19 16
10 4
16 12
25 12
18 13
20 1
26 4
14 26
17 14
2 20
6 27
24 11
9 7
24 27
19 11
27 10
13 8
20 15
17 10
19 15
9 6
15 17
26 10
4 16
24 1
8 20
14 14
17 4
24 22
3 7
1 2
6 5
25 26
9 2
2 8
1 20
1 21
7 1
9 7
16 10
12 19
6 14
24 27
14 4
12 19
16 7
26 13
9 16
2 2
4 4
18 6
24 17
21 2
4 3
7 22
7 2
1 17
18 18
5 9
1 3
1 27
3 27
27 3
18 18
8 16
1 3
22 5
12 23
4 10
16 25
26 11
1 23
7 5
4 6
24 11
23 15
27 12
27 21
8 6
9 11
6 20
4 25
25 10
25 13
25 10
15 3
7 2
9 23
6 4
7 2
21 13
12 15
22 15
17 7
20 8
3 6
3 3
15 2
1 27
6 25
17 26
6 25
2 10
12 14
1 23
22 11
7 18
13 20
17 21
2 3
14 21
7 20
25 20
25 26
8 10
3 23
18 21
19 3
10 18
8 22
19 14
1 6
14 10
6 6
13 15
15 14
9 15
23 7
9 6
13 12
9 3
14 18
16 17
22 5
18 13
26 8
14 22
14 14
1 18
9 8
2 27
27 15
13 4
22 27
15 5
2 11
7 14
10 20
9 15
12 25
6 19
21 2
18 13
4 20
19 4
17 3
15 8
12 5
2 24
8 22
24 21
4 13
12 7
23 10
25 11
7 21
18 5
17 24
16 3
6 19
25 11
11 26
27 3
9 5
5 21
3 22
19 11
18 3
20 4
25 18
4 11
5 21
6 6
1 23
12 22
1 12
1 12
1 8
22 5
11 23
19 16
11 24
12 10
17 13
20 21
3 7
21 21
13 8
1 3
10 8
12 8
2 26
10 25
19 7
6 9
11 15
18 26
15 17
27 7
9 17
7 19
13 24
3 24
15 23
27 19
20 3
6 19
7 14
20 10
4 27
24 6
15 25
8 16
13 6
12 9
19 25
5 8
17 19
19 5
7 6
16 23
5 7
25 17
27 12
23 4
2 25
4 25
10 13
15 18
19 10
20 23
17 24
24 26
21 20
21 24
3 7
18 21
6 14
10 26
10 26
10 24
27 24
7 25
21 26
7 27
27 3
5 9
2 4
21 19
5 26
4 1
3 18
18 6
23 21
1 11
24 13
6 27
13 11
27 18
20 20
15 24
10 3
8 17
7 4
9 23
15 24
3 8
19 9
8 26
26 16
13 21
22 11
12 23
14 2
6 25
8 6
3 22
14 8
18 8
2 15
19 17
8 20
24 11
8 14
3 19
27 6
14 16
7 16
6 26
16 26
27 9
19 2
17 8
4 10
3 15
1 14
22 17
1 24
18 23
19 7
21 19
7 20
15 8
20 10
1 17
5 18
14 11
10 17
1 27
18 4
21 21
13 27
10 7
25 22
19 25
19 6
9 12
7 6