27
1186
2119
2934
3251
533
2657
1415
1714
1308
1285
1959
3107
2424
601
3026
1940
816
1862
2786
1210
1514
3031
1543
1075
3021
1134
966
339
2
19 26
10 12
16 25
19 2
16 1
20 4
1 2
25 3
26 24
20 19
9 3
2 15
19 11
14 26
6 2
4 12
25 16
9 26
2 21
11 15
11 23
16 20
3 26
6 8
6 8
19 2
26 9
4 23
24 26
6 1
21 18
22 6
27 26
10 9
12 11
15 3
9 14
8 26
9 6
18 19
24 13
8 11
24 5
6 2
26 27
15 27
12 6
11 26
17 20
26 19
5 1
25 6
22 17
13 19
19 17
20 15
12 5
12 16
18 11
12 24
9 1
5 6
13 7
5 18
14 27
5 15
18 16
3 19
2 21
15 4
20 18
12 17
26 13
27 21
12 1
16 7
26 4
18 20
11 7
5 1
11 18
17 8
15 23
12 1
21 3
5 8
11 4
24 7
25 6
9 4
5 21
4 8
13 22
22 10
8 24
27 5
18 23
7 16
15 11
26 10
16 8
19 21
15 10
27 13
4 7
5 14
1 17
11 4
25 14
8 11
25 19
16 3
11 22
14 24
3 9
22 20
13 3
13 22
4 5
24 13
8 18
26 11
8 2
8 11
17 7
9 9
10 26
21 15
11 5
3 12
27 10
5 8
3 7
7 4
2 5
8 22
3 21
7 6
22 2
5 1
17 5
1 6
21 8
8 5
27 12
27 3
14 19
12 26
13 10
16 3
11 17
22 12
14 20
7 25
2 8
27 15
24 3
27 3
10 2
16 12
24 9
12 14
15 11
17 21
14 1
23 10
21 10
23 27
23 13
2 25
13 7
5 23
21 4
2 10
13 22
7 3
25 22
9 3
16 16
21 11
24 10
26 22
5 17
12 20
20 15
21 17
23 23
9 14
21 22
22 24
17 2
18 1
21 5
21 27
3 14
2 3
23 8
2 13
24 2
18 25
17 4
4 2
20 3
17 27
7 5
13 17
3 24
27 24
3 1
6 14
10 11
12 9
8 12
23 4
7 26
7 15
4 15
21 25
10 24
26 14
9 14
5 24
15 25
10 4
25 17
7 10
13 7
12 20
22 17
25 19
11 1
14 1
23 3
8 27
9 12
22 9
24 27
9 3
9 15
17 1
20 12
18 26
7 6
26 10
23 7
9 3
1 3
2 17
21 7
26 15
24 3
1 8
18 19
14 17
6 15
18 6
23 13
12 4
16 4
10 20
6 1
8 26
5 1
14 1
26 6
24 9
27 21
9 13
23 24
5 5
7 27
24 22
10 14
9 9
21 8
9 1
24 24
25 9
16 9
8 15
21 7
17 13
22 11
24 19
10 10
11 16
19 3
8 19
5 3
11 1
10 6
16 8
16 5
7 2
16 4
18 25
13 7
12 11
5 3
6 4
20 19
10 8
21 23
9 18
10 22
1 27
27 5
16 24
17 6
16 16
26 13
4 25
14 8
17 17
11 21
17 3
23 24
8 11
19 4
13 14
15 6
23 18
6 23
2 11
11 8
27 15
6 19
27 7
8 1
13 11
12 19
10 10
24 23
17 8
23 9
26 8
22 12
1 6
5 19