27
1294
2925
3459
1804
608
2775
3445
2806
640
1142
581
999
602
3461
1642
671
2424
2656
1639
1345
1584
2517
2632
940
662
1389
1675
304
2
1 15
13 27
11 19
14 11
12 18
20 20
6 15
13 18
25 23
25 15
2 5
12 12
12 25
22 23
21 18
10 25
13 16
3 9
4 17
25 2
12 3
21 23
5 13
24 18
13 5
3 15
4 12
14 8
23 4
24 4
19 10
7 9
5 2
5 22
1 24
3 7
9 18
24 21
5 16
26 4
12 12
15 13
13 4
6 24
20 26
13 17
11 15
9 25
14 17
25 4
9 2
26 10
17 4
21 14
11 25
18 19
2 10
6 2
17 9
17 21
6 26
16 24
23 21
24 24
10 2
20 4
8 2
17 7
8 15
2 23
5 14
4 23
25 9
26 1
14 20
26 11
9 14
1 2
1 1
26 25
22 27
22 17
26 25
25 27
10 14
8 4
21 21
18 14
3 10
17 24
21 14
20 19
20 4
1 1
11 27
2 12
10 23
16 25
6 13
18 17
19 21
21 20
25 4
4 14
4 9
15 9
19 7
3 27
10 22
13 27
19 6
22 11
26 18
13 23
8 24
7 16
8 15
19 15
22 26
5 26
24 6
15 4
17 4
6 16
8 24
16 2
17 6
20 27
18 6
5 21
15 9
13 18
18 6
18 11
18 5
26 24
2 25
1 20
5 1
25 9
12 2
8 15
11 10
26 15
15 20
27 3
14 12
9 17
26 23
20 16
6 9
5 8
14 22
20 14
17 14
18 27
10 25
20 22
17 10
4 4
25 20
17 18
13 13
4 16
12 24
6 4
10 6
19 16
21 13
9 23
6 25
1 6
10 3
24 7
11 3
27 18
5 6
25 20
17 18
27 2
12 23
27 4
14 15
14 9
8 20
21 22
5 19
7 10
1 24
7 22
18 7
12 19
23 15
21 15
3 11
6 3
8 5
17 8
1 7
18 22
1 10
23 5
2 12
21 27
5 2
23 27
21 10
26 20
10 4
16 12
4 13
1 21
21 25
18 5
19 19
19 17
14 4
26 21
23 15
13 21
3 23
15 4
1 23
10 16
9 1
16 15
6 18
13 24
19 5
16 10
16 3
7 17
21 25
17 5
24 9
5 24
1 27
6 20
3 10
26 1
5 19
18 16
23 19
18 10
3 4
10 16
19 15
19 2
1 9
15 1
11 16
15 3
21 7
21 8
21 26
7 25
17 7
21 7
27 11
27 14
20 13
20 15
10 19
25 19
26 25
25 2
20 18
14 16
22 22
9 25
17 17
4 2
16 12
24 17
7 17
5 25
24 1
8 1
20 26
15 2
13 9
8 15
22 3
27 1
22 16
11 22
10 12
15 8
17 8
26 11
4 5
1 5
3 8
1 11
17 8
14 15
8 25
23 7
6 2
20 23
3 5
21 6
10 10
10 9