27
1373
3384
2146
1526
1900
2999
1065
2690
2603
1077
3140
2111
631
1239
754
966
552
526
1382
3407
892
2763
1060
2400
1596
2086
604
346
2
10 25
27 23
2 6
12 9
18 23
22 26
16 11
27 23
20 8
19 23
18 12
25 7
16 10
24 13
16 23
6 18
22 1
24 18
12 6
23 1
26 9
13 14
11 27
13 25
7 8
7 27
23 1
11 22
15 12
17 3
9 2
5 21
27 26
25 9
21 6
1 6
5 18
16 27
6 24
25 21
19 13
22 6
6 15
15 2
6 16
12 6
19 16
15 24
9 14
6 17
7 5
15 25
5 10
24 8
2 20
19 18
13 8
6 27
4 20
23 17
24 1
3 5
27 8
14 18
8 24
25 18
5 10
23 20
10 5
5 8
26 14
10 8
4 11
11 24
16 12
9 5
10 19
7 9
15 25
17 21
18 11
18 10
3 22
3 2
13 18
9 25
7 16
3 4
16 27
15 21
7 5
6 24
25 4
12 10
1 13
4 9
4 12
20 4
19 17
26 21
4 10
15 23
26 27
11 23
9 6
23 6
11 6
24 19
25 25
9 27
6 1
13 13
10 23
4 25
8 5
8 5
20 16
26 8
21 1
5 22
14 3
15 23
19 17
19 17
3 8
2 9
1 24
1 5
13 17
1 18
13 20
16 26
10 7
22 16
9 1
16 2
10 2
1 25
22 8
9 11
27 3
9 15
22 21
9 1
14 23
22 18
8 20
12 21
17 12
13 9
10 24
17 20
17 18
2 25
20 25
21 7
7 12
2 18
21 15
25 23
13 1
9 13
14 23
12 15
1 20
24 4
20 3
10 24
16 16
3 24
21 27
25 9
12 16
12 7
26 25
2 17
25 17
26 15
7 4
22 22
15 10
5 3
17 17
14 16
7 8
20 25
2 8
16 5
11 27
18 9
10 26
8 6
16 3
11 20
22 9
18 2
8 26
9 13
15 14
6 2
3 14
27 2
3 22
13 5
23 27
21 27
17 10
10 12
26 7
5 21
26 17
23 23
15 6
2 14
17 25
19 2
3 6
9 12
13 19
7 14
9 12
26 3
13 11
26 2
2 11
10 7
4 19
23 8
5 7
2 23
12 4
16 23
2 1
21 18
8 27
7 21
10 25
20 6
3 15
8 13
3 25
8 8
21 3
3 12
10 1
16 24
4 22
15 11
5 18
8 25
15 8
12 3
24 18
2 2
1 3
18 15
26 22
23 18
5 19
6 23
15 24
13 2
13 6
4 21
26 7
20 4
10 19
20 12
10 20
16 1
25 27
22 17
26 13
20 21
25 19
17 6
15 5
27 21
22 7
9 16
3 18
1 11
23 17
8 13
16 4
26 17
23 9
22 11
16 11
3 14
26 17
12 22
25 10
2 21
5 24
20 4
12 10
16 6
22 17
8 18
16 24
4 18
15 7
6 27
18 17
19 14
6 9
4 5
12 3
23 6
12 2
9 8
17 5
18 14
13 5
19 22
27 25
18 10
15 1
13 11
16 24
9 11
17 25
19 2
10 13
24 6
18 6
17 8
14 12
18 5
19 25
20 23
27 18
22 22
25 7
20 15
20 14
9 14
5 4
4 8
26 9
19 2
25 4
7 10
17 9
17 20