27
2994
3283
836
3063
690
2842
2501
574
3077
864
3370
2618
2381
892
874
1061
2073
1943
2687
1033
2834
459
2133
1469
881
474
464
300
2
19 26
27 16
12 4
20 23
19 25
24 22
10 17
20 2
3 24
4 20
6 3
25 12
8 24
25 8
12 13
24 8
23 22
5 16
18 25
5 5
16 24
23 7
14 3
14 12
8 21
4 24
13 18
12 4
20 9
10 10
25 7
3 13
26 19
19 18
17 18
2 3
20 15
22 17
24 10
4 21
3 21
5 25
21 18
19 15
15 8
1 14
15 23
7 14
7 3
1 12
6 23
21 14
1 6
22 27
1 22
15 21
18 16
25 9
21 2
7 17
27 17
12 8
10 16
9 18
18 19
19 26
10 13
9 7
16 17
4 13
1 3
4 19
9 10
22 2
9 1
18 17
23 18
20 12
4 5
27 1
12 10
25 18
11 6
23 25
15 27
16 7
5 3
20 1
15 13
21 7
6 15
5 1
26 27
20 8
8 24
20 1
21 13
7 17
13 17
17 19
17 12
27 23
10 14
10 4
5 6
25 13
2 17
9 20
23 11
5 13
17 9
14 23
24 11
8 10
6 26
24 15
7 19
21 19
23 7
25 16
14 5
11 13
15 26
15 20
6 17
3 23
4 27
22 9
19 5
24 23
21 2
4 6
26 23
27 9
7 1
16 27
5 23
23 13
8 22
19 26
14 6
16 1
17 10
13 4
1 24
8 16
9 11
27 14
1 8
20 20
13 4
7 7
19 13
15 13
20 24
17 20
1 16
26 27
14 26
25 6
27 11
2 14
13 5
20 8
23 19
14 22
21 4
25 5
5 1
1 14
1 1
13 4
14 22
12 8
3 21
26 3
9 9
1 1
24 4
19 26
9 20
2 22
10 11
21 20
11 11
3 12
16 9
4 6
3 21
3 24
2 10
13 15
10 24
25 26
4 9
18 17
26 1
8 18
23 3
26 1
23 13
7 5
13 11
14 24
1 22
19 23
6 14
6 23
2 4
22 1
22 10
13 19
1 3
4 18
11 3
23 16
17 2
12 13
6 20
26 19
1 27
13 5
15 9
20 3
15 1
13 22
25 7
20 3
2 4
10 17
23 27
25 12
14 5
13 12
14 14
11 3
8 12
18 6
24 9
25 17
4 27
22 26
20 2
17 23
16 26
12 10
11 23
26 14
24 5
17 8
2 17
20 27
3 11
15 27
23 27
9 27
4 5
25 21
24 23
25 6
1 26
25 1
19 16
4 11
16 5
21 9
13 16
2 12
10 19
26 12
5 23
16 6
14 7
1 6
11 25
22 2
12 4
18 20
26 17
7 15
2 3
15 9
12 24
24 3
14 15
22 20
8 17
11 10
4 10
27 8
22 24
24 17
6 12
2 1
24 26
17 26
24 22
10 5
5 17
15 14