27
885
3362
1192
2447
877
425
1547
2537
488
586
518
1826
695
1201
493
1628
2617
2731
1677
1528
1968
2379
2689
2444
2115
3342
1621
372
4
3 12 1 13
18 21 13 17
9 3 23 8
20 20 15 22
25 13 13 7
4 26 6 12
27 8 25 11
5 23 18 3
4 25 17 24
22 26 24 15
11 7 18 16
20 20 23 27
25 13 15 22
14 6 21 15
25 8 11 20
2 9 1 24
16 23 26 1
22 19 20 22
19 24 23 10
24 3 20 12
25 24 17 17
23 6 7 16
2 4 22 11
7 9 8 9
2 15 7 16
2 8 20 26
9 17 18 20
22 11 7 6
19 12 13 13
7 24 13 8
11 19 16 27
12 2 16 16
9 25 7 22
21 15 5 24
17 18 25 11
19 27 2 14
10 2 11 15
7 17 20 10
3 12 24 17
12 22 20 15
17 27 18 25
3 16 25 24
18 20 8 13
20 7 3 10
13 26 20 13
24 5 1 11
7 13 8 2
11 13 8 18
5 17 16 16
23 3 17 26
17 13 11 3
12 7 24 11
1 12 11 26
1 15 7 3
11 15 5 3
22 17 13 14
8 15 15 22
11 24 6 14
14 26 4 1
3 27 15 21
25 24 15 18
14 24 5 5
14 26 3 10
21 7 6 9
17 14 24 1
15 25 10 18
6 1 20 21
23 19 24 9
27 22 4 11
3 5 24 17
6 6 1 10
25 11 9 6
6 1 14 4
24 19 24 26
19 11 4 12
21 13 3 6
27 1 26 25
20 1 14 25
24 4 27 7
2 13 8 15
5 14 9 16
2 9 17 13
2 11 27 1
24 15 17 22
26 20 9 27
8 17 24 7
5 18 10 7
21 22 3 12
23 12 26 13
24 7 4 20
25 10 24 18
14 23 2 25
17 1 8 26
25 7 14 12
17 18 16 7
7 4 12 11
8 24 14 13
25 9 27 2
14 17 8 21
27 23 5 21
3 26 15 21
3 13 27 17
16 4 13 19
19 2 14 21
25 20 21 21
13 10 4 13
25 25 4 3
11 4 25 21
25 6 21 7
14 27 19 16
12 19 25 15
17 24 16 16
15 11 27 20
19 26 25 8
2 5 5 14
8 15 27 14
7 6 23 26
26 26 21 3
24 7 14 13
16 8 3 12
27 13 11 26
10 10 11 10
20 1 17 21
18 5 2 17
3 22 18 21
12 4 23 19
7 23 4 4
22 10 1 2
4 19 21 6
1 8 10 6
4 1 10 27
4 26 1 14
7 15 25 27
18 2 2 25
14 15 13 3
2 17 14 15
6 25 8 20
10 26 13 2
20 22 26 19
16 21 2 18
16 21 25 20
22 8 6 5
10 5 10 9
6 22 12 7
11 15 2 26
20 12 11 14
5 2 8 9
21 16 17 9
12 9 16 14
16 4 8 21
9 13 9 20
26 2 25 26
21 16 25 8
8 26 18 23
8 22 7 21
16 21 19 26
12 17 19 11
23 13 22 14
12 23 12 17
5 21 25 15
5 27 25 12
26 24 25 10
6 18 3 18
7 3 5 24
9 14 9 18
18 25 2 13
4 15 23 21
15 7 4 5
8 13 21 13
5 9 6 22
6 8 12 23
18 12 10 17
15 20 16 15
8 7 16 22
14 8 17 15
12 7 10 12
13 18 10 26
10 18 20 7
14 19 26 7
21 18 6 19
9 8 7 26
16 20 21 11
8 4 27 6
15 16 9 26
18 23 25 1
22 12 13 20
14 24 26 9
12 5 27 15
5 4 23 17
22 26 13 22
3 22 10 17
2 12 6 15
8 19 19 23
26 6 16 27
4 20 4 11
14 14 25 3
4 12 12 22
3 20 18 26
9 27 23 18
19 7 17 4
25 12 1 23
22 2 2 1
24 7 9 7
7 8 16 20
12 11 8 22
10 7 8 21
22 24 9 24
15 27 11 2
20 22 12 10
23 10 8 19
21 11 19 13
13 11 3 12
21 17 8 24
12 15 1 17
23 12 10 14
17 6 26 6
27 14 24 2
25 25 24 25
24 16 18 12
19 5 4 24
23 15 26 19
18 7 13 12
25 5 12 27
3 17 3 1
25 19 19 13
22 8 11 24
5 1 21 10
18 25 20 19
12 18 24 8
26 21 23 8
26 19 23 20
21 11 14 1
8 12 26 4
25 16 24 17
4 15 25 19
2 17 26 18
8 9 4 25
15 26 17 21
13 19 14 10
6 8 4 15
25 17 26 21
27 27 11 19
7 16 18 25
2 17 11 6
24 3 4 11
25 2 27 4
24 18 6 3
16 27 9 14
23 3 7 10
11 3 6 16
4 4 1 4
14 12 16 26
5 7 5 3
12 18 17 3
12 18 22 2
21 19 27 8
8 15 2 22
1 13 12 12
14 6 9 22
12 22 13 23
5 2 25 22
19 25 5 23
21 7 20 24
3 1 3 5
21 4 25 3
21 3 17 4
19 10 21 26
14 16 18 16
21 2 25 19
3 16 7 5
19 8 22 1
13 25 4 3
5 27 27 1
17 26 19 12
15 21 15 22
2 26 19 5
10 3 3 15
19 2 21 18
21 2 26 25
17 17 27 4
13 8 13 17
19 13 11 1
12 25 1 2
14 3 7 24
17 20 17 19
11 1 14 16
20 18 9 12
15 13 15 2
4 22 8 19
27 10 15 23
16 8 20 9
20 17 19 11
23 12 23 8
17 23 7 19
13 8 3 24
7 25 16 21
17 7 23 15
5 24 20 22
16 24 25 15
12 7 25 2
21 27 25 20
10 10 23 20
15 20 5 10
6 11 5 24
6 15 9 3
8 17 4 2
26 23 10 12
21 17 1 1
18 7 17 23
3 20 21 7
15 16 2 15
13 14 1 2
20 22 6 27
14 21 19 12
11 8 26 20
25 22 17 20
12 11 26 19
23 13 27 8
22 17 24 15
4 20 14 24
7 20 13 24
24 7 1 16
18 13 16 23
15 26 16 27
17 10 9 27
3 17 13 11
4 14 16 5
24 9 6 3
1 17 27 16
22 12 11 13
17 7 6 7
17 27 16 2
1 18 3 2
12 14 14 7
5 23 8 19
9 7 2 3
21 19 20 3
12 24 5 15
21 14 19 23
16 7 2 15
19 27 10 6
10 9 10 11
5 9 3 5
15 25 4 6
13 23 11 19
3 8 2 4
6 19 12 24
24 8 24 23
8 4 11 11
15 13 13 1
21 19 11 9
22 20 2 3
5 12 1 9
19 22 21 5
23 4 13 16
7 24 8 18
10 24 22 4
25 9 8 13
8 2 8 24
2 25 7 20
27 3 24 12
26 20 8 18
4 4 23 6
1 13 7 22
3 7 27 17
2 24 21 27
11 1 3 25
5 15 15 13
13 16 17 12
19 3 25 5
23 4 22 5
15 25 5 17