27
1373
3384
2146
1526
1900
2999
1065
2690
2603
1077
3140
2111
631
1239
754
966
552
526
1382
3407
892
2763
1060
2400
1596
2086
604
346
1
27
19
13
24
7
21
16
11
22
17
19
8
25
20
2
15
6
25
6
5
26
1
13
4
6
4
22
2
8
7
17
26
6
2
21
2
24
7
21
13
4
10
17
9
11
8
24
6
7
21
6
24
8
18
8
17
16
24
25
4
22
18
25
15
9
4
21
25
3
19
2
2
23
24
18
20
6
1
16
6
9
1
22
22
20
19
11
19
12
13
22
24
5
21
20
5
23
22
22
20
24
19
22
8
1
21
11
16
18
18
11
19
18
1
7
18
18
27
1
21
9
11
18
12
21
12
21
15
17
7
25
25
14
18
16
20
20
27
20
21
18
16
25
21
18
22
12
2
3
21
13
25
3
26
3
27
17
6
8
26
10
10
13
5
14
11
6
3
16
15
22
23
7
5
4
15
8
24
4
17
9
6
21
26
21
16
11
18
3
13
11
16
26
10
16
6
5
16
8
19
14
4
1
4
5
26
27
19
25
19
25
17
8
21
2
11
1
6
25
10
25
13
17
22
2
12
17
21
20
5
11
14
10
8
23
8
9
20
21
9
10
14
12
13
6
6
25
18
9
5
11
10
16
18
12
17
9
26
4
24
11
12
18
24
11
27
23
18
20
3
8
17
24
11
19
18
21
26
25
8
16
2
15
14
13
3
21
9
13
25
21
17
26
21
6
14
7
27
14
7
4
19
15
15
1
15
19
23
5
2
4
6
10
12
12
23
11
15
24
26
14
16
21
6
18
18
11
13
11
21
4
3
26
23
3
2
11
25
6
11
21
1
13
1
8
16