27
3089
996
1290
1988
3047
3500
1193
2448
573
3026
2746
3409
2499
3049
2691
2067
3033
3483
1915
2592
1002
2828
2677
1767
2328
2557
1825
363
4
20 7 9 1
23 9 15 1
9 7 27 17
7 8 20 9
13 6 15 2
17 6 6 13
10 17 15 7
23 6 19 20
22 26 24 25
17 1 21 5
13 8 9 14
13 2 18 8
6 13 17 2
11 14 15 2
1 1 2 26
12 25 9 24
25 17 6 18
26 2 13 18
17 12 16 2
15 23 4 5
5 14 8 5
7 16 5 18
26 7 19 26
25 1 4 27
25 2 10 24
26 25 24 13
8 13 13 23
15 6 16 18
15 6 15 1
15 23 19 17
20 7 16 15
14 2 7 4
1 18 3 4
25 6 16 10
11 25 11 19
25 4 9 24
16 11 7 12
7 5 7 13
11 19 27 5
6 23 11 24
15 3 18 22
23 4 15 3
27 12 16 19
2 1 19 19
11 3 6 2
24 10 21 14
23 16 2 11
14 18 4 2
1 1 17 7
16 14 27 9
24 2 23 16
24 27 2 22
1 3 21 19
9 20 21 24
23 15 11 6
20 8 4 14
12 2 4 12
14 14 21 8
24 19 1 21
19 20 9 25
9 8 21 24
10 24 11 25
13 12 4 25
10 14 20 2
27 14 16 7
11 19 25 8
13 21 19 21
17 5 17 24
7 9 12 25
13 23 14 11
3 10 4 24
17 22 25 9
6 26 14 25
11 17 1 17
6 10 20 9
24 20 15 13
4 13 27 24
22 8 8 13
24 13 9 27
4 19 26 14
11 13 15 25
2 5 27 18
2 11 8 8
7 15 4 10
2 13 23 10
1 1 16 21
7 18 5 19
27 20 27 1
18 8 24 3
15 10 17 11
11 12 18 5
18 7 27 5
17 12 15 6
23 24 22 5
1 8 16 19
18 21 25 23
16 1 19 6
12 5 23 2
12 1 3 6
15 11 6 10
23 3 23 18
4 10 21 18
23 22 13 27
10 11 19 6
7 12 13 18
11 19 5 23
18 7 12 10
25 17 25 20
20 8 17 6
5 27 23 11
23 21 25 7
19 25 15 5
4 9 11 10
10 1 4 16
15 22 22 20
3 3 18 12
22 2 9 27
25 5 18 1
18 10 14 21
25 10 6 26
4 26 14 8
18 26 13 18
18 11 21 3
3 18 1 16
18 15 1 1
6 6 7 22
14 5 21 3
3 1 13 20
10 5 21 18
7 26 14 22
9 2 22 3
18 2 17 4
22 4 17 1
1 8 8 7
2 4 24 22
1 21 9 27
25 21 4 13
24 25 17 16
27 11 7 9
1 23 19 22
20 21 10 11
26 10 22 19
19 20 17 9
23 19 5 9
13 15 3 8
1 6 8 2
9 23 1 9
4 11 6 22
21 25 15 2
10 14 11 13
23 3 5 10
14 18 10 22
23 1 22 11
8 27 12 10
24 16 2 17
2 23 21 6
17 4 5 2
16 10 16 21
15 13 11 20
6 3 3 27
21 23 14 12
5 10 5 19
26 10 8 6
12 22 8 11
23 3 11 21
15 6 9 27
20 2 15 10
23 18 18 17
13 18 6 9
18 25 24 18
27 4 7 7
21 10 20 27
13 22 9 20
13 21 2 16
1 25 1 17
6 13 9 12
15 12 21 13
8 3 18 3
20 3 2 20
15 13 19 25
2 26 8 5
3 7 10 19
11 21 7 10
2 5 8 19
4 24 2 7
14 16 16 6
15 11 14 10
22 17 15 7
12 20 9 1
6 27 2 19
24 26 21 25
1 25 17 13
10 26 3 15
27 25 21 4
15 17 15 25
17 2 12 26
11 22 6 4
2 26 14 24
3 3 25 14
24 5 13 19
22 4 19 11
10 12 21 14
22 21 26 5
25 16 21 23
18 18 15 12
1 6 17 10
20 15 15 1
16 7 16 16
2 18 13 17
19 23 23 1
18 11 10 22
15 22 14 27
22 8 10 12
11 26 19 1
7 1 8 15
14 9 12 7
14 9 5 1
5 1 25 22
13 27 5 25
13 16 19 21
25 14 5 20
25 14 18 9
3 11 15 17
16 16 16 19
23 15 13 18
2 19 25 4
4 19 8 8
22 18 24 16
10 26 21 18
25 21 22 14
6 27 19 21
8 26 11 10
17 21 16 4
2 2 23 15
20 1 3 18
5 24 17 16
21 20 22 21
17 17 22 22
20 14 18 5
12 13 9 27
9 18 1 5
17 5 22 23
6 4 15 26
17 16 8 11
25 6 3 7
24 17 25 5
11 11 22 17
27 9 24 24
7 7 10 27
18 25 2 7
26 6 18 2
13 2 16 3
12 5 27 2
25 16 5 20
10 10 12 4
14 3 26 27
7 17 26 8
17 20 8 3
11 9 19 2
26 1 23 1
17 23 25 22
4 5 3 7
24 23 19 25
2 2 13 23
15 14 1 2
20 3 7 24
20 24 13 5
13 20 5 26
25 1 10 24
9 22 2 2
8 27 5 17
1 8 8 6
9 2 4 2
20 17 9 3
1 8 23 10
11 26 9 7
14 5 7 20
15 23 3 3
10 18 24 25
16 8 15 1
4 4 4 23
20 4 22 16
12 18 27 2
11 10 13 24
27 21 25 17
9 10 24 3
15 16 25 16
14 13 13 11
15 2 23 18
8 14 13 22
8 15 11 1
11 7 18 3
19 7 24 15
26 20 12 19
11 26 6 19
25 10 21 15
17 12 1 6
5 10 15 5
19 12 22 8
6 2 10 14
3 10 3 14
7 16 21 7
9 2 1 8
2 19 21 12
7 25 15 5
23 23 21 15
5 27 9 1
6 21 5 5
4 21 14 11
14 9 10 6
1 20 7 16
10 26 12 20
27 8 24 26
18 19 5 3
14 20 6 5
6 5 14 21
5 26 2 21
15 22 15 18
20 21 2 24
26 23 12 27
20 21 23 27
16 14 4 18
21 24 19 12
13 3 13 3
26 9 10 8
14 6 1 10
2 19 23 14
2 17 3 12
26 20 15 4
24 1 1 4
10 1 9 20
16 17 10 14
5 17 9 12
14 1 16 10
8 22 13 15
16 3 7 11
7 27 5 4
19 21 12 3
16 19 1 3
3 4 17 9
7 24 20 18
13 3 23 19
9 26 12 6
26 14 23 19
21 22 19 21
11 21 11 14
21 9 10 14
16 8 13 11
9 2 20 19
19 18 3 4
6 1 25 26
11 10 17 13
12 17 15 17
10 25 22 11
7 18 15 21
16 13 13 11
22 2 7 17
16 16 25 27
5 11 13 15
18 3 17 1
23 17 8 26
17 27 8 18
13 26 12 22