27
2314
2912
2911
1019
3250
1303
3442
2200
836
1576
574
858
1078
3294
1520
854
1812
2920
1292
1334
1196
3403
2039
2408
3150
1231
958
305
4
2 14 14 22
21 27 21 9
15 8 24 18
25 2 18 23
9 10 1 21
8 18 5 18
6 17 15 21
7 13 7 22
13 13 13 19
25 2 18 19
14 5 15 15
14 25 18 1
27 11 22 27
7 20 19 27
25 13 24 6
21 27 21 25
23 5 15 3
23 25 6 27
6 9 5 20
11 2 22 20
11 19 21 9
14 5 18 1
21 24 27 13
20 3 22 27
18 16 19 3
14 1 25 1
17 9 8 5
12 1 22 24
16 27 7 23
22 22 5 8
16 3 6 6
17 3 11 14
6 12 9 16
5 7 7 17
19 18 5 23
19 13 16 26
5 11 1 23
22 21 11 11
12 1 24 10
9 22 16 13
26 1 17 27
2 23 1 4
9 26 4 7
22 1 16 13
27 5 5 23
10 13 21 20
5 15 6 15
7 4 6 17
1 2 20 5
15 22 18 22
22 4 24 4
8 3 19 19
4 16 21 10
2 25 23 3
14 23 15 21
7 25 20 22
16 13 12 6
1 21 1 2
24 14 7 18
2 4 5 13
20 20 24 14
21 3 15 8
4 19 4 7
27 18 12 19
10 11 18 12
19 11 7 7
24 13 16 25
11 21 20 15
11 15 23 3
24 14 4 27
1 20 2 13
24 19 11 14
15 13 11 12
18 17 2 9
16 24 2 13
3 4 12 12
27 5 12 20
6 27 8 8
12 7 15 18
18 9 11 22
22 6 21 12
6 1 13 27
6 17 21 25
17 18 24 25
12 11 20 11
15 14 25 11
17 12 6 11
18 24 9 18
1 1 18 4
26 4 22 10
9 24 17 21
9 12 27 21
13 1 15 8
4 2 23 15
21 14 8 20
23 20 25 17
14 16 11 27
9 23 10 17
12 17 18 7
27 18 13 19
15 19 23 21
8 3 6 2
17 2 13 10
23 10 9 26
27 9 19 14
1 23 9 24
23 17 12 10
10 22 23 23
26 12 14 14
13 2 12 4
25 11 3 1
5 25 4 22
15 4 5 1
18 6 6 20
12 5 1 26
21 2 15 10
4 26 14 15
1 5 19 6
26 19 20 1
13 12 25 18
17 17 16 16
14 12 6 2
19 18 15 10
2 10 4 18
13 21 4 12
6 7 24 26
8 13 24 10
19 20 14 4
23 23 16 10
4 14 7 23
2 1 21 23
25 14 7 12
21 26 3 10
23 12 27 17
18 21 22 24
22 15 6 20
16 14 15 17
5 19 25 23
3 24 13 4
9 3 2 20
21 4 9 12
9 18 18 1
5 9 17 26
14 16 4 8
16 20 27 25
15 8 7 17
16 24 11 10
6 18 6 14
10 23 17 3
11 9 8 24
11 2 24 6
3 5 21 19
15 19 25 11
23 21 10 23
12 9 9 8
27 2 7 24
21 23 14 8
2 23 11 1
12 19 2 19
15 12 3 25
27 20 12 23
1 10 5 8
4 11 1 13
6 17 13 22
22 27 10 9
9 14 18 23
11 20 10 13
10 13 7 11
7 14 4 19
7 15 25 25
20 14 27 20
9 10 11 19
18 14 2 6
8 1 24 21
10 7 10 6
18 4 19 25
25 9 19 1
7 25 26 8
9 19 15 5
24 27 18 3
12 15 13 1
2 16 6 19
13 5 25 6
18 24 18 25
17 7 3 12
12 21 3 24
25 19 16 5
19 1 16 19
26 14 15 9
22 8 21 8
11 22 11 6
6 5 13 16
10 20 19 12
13 7 10 27
14 13 16 1
22 7 26 23
3 3 17 2
22 22 15 20
19 20 23 4
19 5 10 14
27 9 20 2
2 11 22 26
23 18 2 17
27 24 19 6
12 14 26 5
18 6 3 3
23 1 16 15
17 8 15 3
10 14 27 26
18 23 18 15
14 21 23 12
2 20 6 4
7 21 6 24
24 14 9 4
19 8 22 9
10 8 13 9
19 8 27 2
15 5 24 10
11 25 12 19
7 18 10 2
4 9 16 26
21 21 25 6
21 2 5 20
12 4 15 19
1 2 6 23
12 19 23 26
27 14 21 3
22 13 20 14
7 5 6 24
16 7 5 26
14 11 26 22
13 18 4 1
24 20 25 1
6 18 25 1
1 23 7 25
16 1 17 1
17 22 24 20
2 8 11 4
12 11 25 27
25 12 24 18
16 6 25 18
20 25 19 19
10 22 21 8
17 18 27 9
13 22 8 22
12 17 5 25
15 18 27 7
8 3 16 15
10 12 27 22
8 7 25 17
23 10 4 12
23 11 19 14
20 12 17 27
15 21 24 12
10 18 15 13
13 21 8 21
10 18 10 17
19 18 12 13
6 23 20 27
24 7 3 9
12 27 14 13
26 25 19 26
5 3 13 13
17 21 9 2
20 9 1 26
8 22 11 17
27 26 11 23
22 10 14 13
25 26 4 13
3 19 14 9
2 6 9 15
17 21 24 10
23 24 21 16
8 26 8 23
17 21 15 4
1 23 19 14
3 13 12 1
24 16 4 9
4 24 14 18
5 20 5 26
20 18 3 17
24 12 6 18
5 4 26 24
26 15 8 10
5 12 18 4
8 25 14 23
6 12 18 25
17 1 20 5
24 1 24 23
18 2 25 21
23 2 15 2
1 11 17 16
27 7 2 1
20 5 13 18
15 23 5 17
5 13 25 6
1 8 1 18
22 15 9 14
8 7 4 15
27 20 25 15
13 8 8 25
17 24 2 18
5 24 4 10
25 19 26 8
7 24 25 6