27
740
2306
3415
2021
1726
2444
3400
3008
2736
982
1262
431
1959
3084
835
1021
890
3241
1700
3375
1303
1829
3530
1522
2400
2823
1682
338
4
19 13 17 3
24 9 6 24
10 18 21 21
13 7 8 25
9 27 13 1
17 12 22 18
3 1 9 8
20 24 10 2
4 14 22 21
16 4 10 18
16 24 27 25
19 23 4 5
27 1 23 5
16 16 26 26
10 23 15 19
3 20 26 10
2 8 17 24
1 11 9 17
18 14 9 13
10 17 15 22
7 20 16 8
20 11 25 27
21 15 14 18
24 9 20 19
15 21 11 7
17 27 24 6
6 6 6 27
26 22 11 27
25 27 21 15
8 2 1 6
1 26 8 6
6 1 20 9
7 25 4 7
10 19 22 18
17 17 12 3
1 24 11 23
5 22 24 12
8 11 4 15
11 19 8 22
7 8 2 5
9 25 16 12
5 1 21 27
25 20 20 18
25 16 18 4
4 7 3 14
26 27 8 13
1 2 1 14
21 27 17 5
11 10 2 14
2 2 9 17
13 13 18 3
4 13 16 22
7 9 12 24
15 26 11 7
24 25 18 25
14 20 7 22
3 15 9 4
18 15 27 11
16 13 10 5
12 1 26 20
13 15 3 15
17 4 2 21
27 3 4 19
4 19 25 2
7 7 18 12
15 6 27 24
18 17 26 1
13 7 17 21
7 5 24 22
21 3 21 9
21 4 1 7
9 4 11 25
12 25 23 1
2 26 24 3
19 8 10 12
19 14 25 6
18 8 15 7
2 8 26 17
16 19 7 19
17 3 13 19
5 25 23 10
15 3 23 5
18 20 7 4
23 16 8 22
15 4 17 17
20 9 5 22
21 27 22 15
13 17 26 22
11 5 18 24
7 18 24 1
20 5 12 19
14 17 15 23
23 16 9 7
9 18 19 14
7 16 16 5
22 18 18 3
22 4 13 27
14 9 7 6
26 15 20 24
3 22 8 17
20 1 23 22
15 9 15 1
26 22 26 13
4 17 17 5
26 22 11 4
15 21 2 9
2 15 8 13
5 22 19 15
26 15 26 14
16 26 23 1
7 22 8 6
8 2 24 22
27 1 24 3
12 17 7 23
10 23 27 23
15 25 6 18
25 26 5 17
10 14 12 5
5 12 24 23
18 5 23 6
21 1 6 8
3 25 20 21
11 16 4 1
13 6 24 4
22 21 20 4
11 26 20 7
16 23 8 15
6 25 13 26
7 13 17 23
4 5 13 22
19 8 3 6
23 5 6 4
26 5 27 12
6 4 21 17
19 7 17 16
12 23 9 6
20 27 3 14
25 22 9 27
5 16 14 19
4 17 8 22
25 5 26 21
21 25 13 19
25 18 11 8
15 11 7 10
2 19 20 22
11 19 26 6
20 10 5 17
8 24 16 1
8 2 8 13
13 20 21 10
20 19 5 22
16 6 24 15
10 22 17 9
7 11 26 24
6 24 25 22
23 26 25 5
22 2 15 13
22 6 16 1
27 1 5 13
18 8 5 10
3 1 18 4
19 23 21 25
11 9 18 26
8 16 6 12
4 17 1 1
10 17 19 7
17 20 23 25
7 6 11 14
27 1 8 27
13 1 18 10
19 26 4 6
3 15 27 20
3 16 14 4
2 22 4 17
17 27 27 13
19 5 5 27
17 8 18 19
7 3 20 7
5 2 15 25
16 21 2 23
14 6 22 23
9 13 17 14
13 4 3 13
12 1 27 5
14 14 16 15
27 18 11 5
26 7 9 8
24 11 12 27
18 17 9 11
12 25 11 14
17 8 26 19
22 6 7 17
12 2 10 21
10 7 22 24
24 14 4 24
14 12 17 8
21 11 3 14
24 12 20 8
1 19 20 27
3 7 12 21
12 5 16 9
27 7 7 23
7 26 2 19
25 1 14 5
25 11 6 7
2 18 19 24
25 4 12 9
12 8 25 1
2 9 22 1
4 8 2 7
24 4 20 12
21 14 5 13
3 4 23 25
9 21 25 23
9 13 19 2
12 2 3 15
9 25 4 16
20 15 24 12
26 11 7 11
7 13 18 17
17 8 6 10
22 10 25 25
26 24 21 24
13 22 21 14
7 12 7 14
11 5 9 11
24 7 6 3
2 4 26 23
24 19 12 16
4 3 8 7
21 16 7 5
12 2 13 6
7 20 27 24
23 8 12 14
14 11 3 1
17 26 24 24
12 18 2 14
6 20 12 1
1 12 2 7
10 23 1 6
3 11 3 7
26 12 22 5
9 4 10 7
21 26 20 6
19 14 4 22
8 5 22 9
10 20 13 24
2 16 20 12
2 2 2 14
27 13 8 10
24 22 14 16
6 13 9 9
27 3 11 15
25 4 21 7
19 24 25 1
14 7 3 24
21 14 23 25
23 20 8 22
23 11 16 22
18 8 9 11
26 26 11 17
7 20 17 5
16 6 11 15
1 10 20 19
19 22 27 22
10 3 2 21
5 21 19 23
10 5 5 11
10 3 9 10
10 24 23 27
25 11 1 7
13 5 26 17
3 17 15 3
16 27 9 21
21 27 19 19
14 5 2 7
9 10 18 1
14 21 10 8
7 1 18 6
16 16 15 11
22 24 20 13
2 3 14 5
22 18 12 22
4 21 23 22
18 10 10 25
18 1 18 8
9 16 19 27
2 24 25 18
16 7 8 1
8 5 11 25
1 21 6 3
10 1 8 4
11 18 22 11
11 8 23 1
1 22 1 24
16 3 12 12
2 21 1 1
19 15 11 22
12 20 9 17
13 8 20 7
14 27 25 19
13 19 10 5
24 12 27 2
13 26 21 15
26 18 5 7
15 26 11 7
24 25 3 21
11 14 4 15
17 21 27 21
4 4 14 7
7 22 19 8
12 17 1 26
26 22 7 17
16 4 16 16
10 2 20 23
27 7 1 19
24 19 21 3
4 27 27 7
14 9 20 5
8 3 15 5
26 14 11 1
7 8 24 16
1 27 4 11
8 16 14 14
9 5 3 19
2 22 19 25
25 8 18 9
5 23 16 14
26 3 25 5
24 21 17 12
13 17 21 3
11 16 11 27
19 6 17 10
25 18 9 7
4 27 10 1
7 5 8 19
27 19 7 21
19 3 2 1