27
3391
1022
3184
2076
1715
2057
2286
843
422
2157
493
1299
1338
3532
2834
1425
2462
2520
2546
3455
1352
1153
3474
1897
1932
1226
3382
357
4
15 1 27 11
17 14 23 7
11 1 23 11
19 23 24 22
6 27 22 24
11 7 20 3
11 5 13 5
25 1 14 17
17 11 10 7
26 2 22 5
2 7 16 24
9 13 1 11
6 15 3 2
6 16 17 10
25 10 23 27
21 2 15 25
12 20 6 15
7 4 17 13
8 5 3 22
25 3 6 11
12 20 3 1
9 10 4 25
9 7 18 2
15 10 20 24
7 27 15 11
6 19 8 5
8 1 25 24
9 18 20 11
22 13 16 5
13 12 9 2
1 19 1 6
7 11 23 23
27 12 17 14
26 4 21 8
6 11 11 24
20 5 25 3
26 2 10 12
11 10 11 7
15 13 6 8
27 21 3 27
6 8 10 1
4 8 16 11
14 24 19 16
11 22 3 3
25 5 1 7
15 18 19 15
10 17 7 23
18 19 18 2
9 24 11 10
15 9 11 7
20 7 20 1
22 9 5 17
21 25 18 24
6 22 27 24
24 19 27 25
3 7 10 7
19 23 22 25
19 4 26 27
26 25 3 11
1 8 2 8
17 15 4 11
25 16 27 15
4 19 7 20
20 16 1 16
26 19 18 16
16 11 27 20
19 11 9 4
5 4 27 6
3 20 8 5
15 2 6 27
14 10 11 6
1 2 2 7
22 13 17 7
27 1 15 24
3 23 23 2
20 3 16 23
20 15 7 18
3 18 13 17
3 20 25 5
12 25 6 8
11 8 10 15
19 26 4 16
21 18 2 6
18 8 25 13
26 25 17 12
8 6 5 12
15 23 22 23
10 18 4 16
27 10 5 10
15 3 24 18
20 7 26 24
4 25 5 10
18 3 2 11
1 1 10 19
20 18 5 9
3 9 19 26
17 23 4 8
15 26 23 14
27 6 14 4
6 1 25 6
21 22 16 5
11 14 12 10
19 1 23 27
14 26 25 3
25 3 1 5
7 8 5 3
13 2 11 4
13 23 14 1
5 27 19 22
17 17 19 23
8 10 24 20
4 7 27 23
4 20 21 19
4 15 1 1
18 20 26 17
12 17 26 7
24 4 18 13
6 5 7 21
6 13 15 17
2 18 19 5
11 27 16 10
11 12 27 5
9 16 27 1
21 17 25 5
2 18 27 26
1 17 25 17
23 12 21 14
10 7 9 17
8 18 9 6
21 19 21 6
11 9 25 18
7 17 18 21
15 10 7 17
11 4 17 19
13 15 14 18
21 20 2 4
24 12 1 21
26 10 3 21
18 16 8 5
16 15 24 12
13 18 8 20
16 4 22 17
22 16 5 6
8 6 1 11
4 13 2 4
9 4 6 10
27 14 20 20
2 23 13 11
26 5 11 17
1 12 2 23
17 5 23 2
24 5 3 10
27 24 14 15
23 7 6 2
18 7 7 15
5 5 19 10
9 11 18 27
4 14 6 11
17 26 7 12
19 13 3 6
16 19 7 6
7 20 15 20
11 15 6 18
6 13 8 21
26 22 4 23
13 11 17 21
8 5 6 23
5 26 24 17
15 21 22 25
6 27 18 5
4 4 5 22
11 21 23 12
13 19 23 20
4 21 25 25
23 4 11 27
20 13 9 20
7 5 21 21
7 6 24 19
27 4 20 3
19 24 7 6
14 16 25 8
15 12 3 2
16 1 10 18
13 27 17 7
6 20 14 16
26 12 8 14
22 5 12 17
16 13 27 9
26 21 23 4
3 18 23 23
21 17 19 17
27 24 18 20
25 6 19 24
14 16 5 9
5 1 20 20
11 16 23 25
23 25 13 12
14 26 3 5
24 19 6 26
10 11 21 14
12 17 2 14
18 4 2 24
21 18 25 18
20 10 26 14
13 7 1 24
21 15 9 27
7 9 27 16
14 25 24 26
27 10 12 1
1 3 20 7
27 2 20 5
2 24 18 5
10 23 24 22
11 1 12 21
26 9 16 8
27 17 4 8
22 19 20 14
7 24 2 22
1 23 11 23
8 4 26 13
18 8 10 27
4 27 22 7
14 19 10 4
22 15 6 21
8 25 19 1
11 11 10 6
12 21 11 17
19 13 13 27
19 27 20 20
21 4 24 26
17 20 22 23
12 26 23 20
2 4 2 18
14 5 22 2
9 18 19 10
21 26 27 21
16 9 16 13
16 6 2 13
3 18 5 17
14 23 15 17
10 17 16 18
8 9 27 2
7 26 10 22
7 19 18 3
9 21 8 12
10 16 19 23
6 14 12 2
27 1 27 2
11 8 14 22
25 16 14 24
15 17 21 8
5 18 7 6
15 12 4 21
1 15 2 15
25 20 25 15
15 24 8 22
4 15 11 26
24 2 6 15
20 27 12 17
14 26 24 7
12 3 9 26
27 13 26 8
19 13 7 7
2 25 4 6
14 5 15 11
19 4 20 3
27 18 1 23
19 27 25 24
8 4 13 15
16 17 10 15
13 16 10 13
3 8 5 26
8 9 4 23
18 6 26 6
19 12 27 10
4 11 26 23
22 11 2 13
12 22 26 8
9 15 8 2
22 19 3 9
17 3 22 18
16 9 24 1
25 4 7 8
6 4 11 4
15 27 22 4
3 20 26 22
2 1 14 16
3 5 3 24
11 10 3 24
1 11 15 3
13 24 23 24
4 3 19 23
7 2 22 3
7 27 13 20
12 1 8 26
14 9 17 7
27 17 12 25
24 18 4 24
25 26 13 23
22 1 9 16
20 12 7 27
27 27 5 16
11 10 21 5
17 11 27 18
25 14 1 5
15 19 27 21
8 4 21 2
16 8 25 23
2 18 4 24
8 9 24 25
24 25 25 25
2 15 1 18
10 2 22 8
18 3 11 27
17 15 3 17
25 6 11 10
6 25 25 24
22 3 6 26
10 26 5 8
6 7 10 20
8 22 16 7
16 13 11 27
19 10 22 24
5 7 6 17
7 5 27 3
12 21 6 25
14 24 22 3
3 25 7 17
24 3 18 25
10 15 2 23
27 5 24 25
17 4 23 18
9 15 22 14
9 4 22 17
27 11 18 12
19 2 14 24
17 26 3 12
6 20 1 19
2 6 22 24
22 18 26 3
18 14 10 2
11 3 14 16
5 24 27 14
6 3 9 6
24 26 24 19
16 21 15 16
27 10 18 9
9 25 9 9
25 8 15 26
9 17 25 1
5 22 7 4
17 25 13 10
17 21 25 19
25 9 12 19
2 9 27 14
23 8 4 15
2 2 16 11