27
2610
1726
1893
3293
2773
655
2162
2978
2799
589
507
3467
2170
1233
978
1335
1142
774
3184
2998
1042
851
2824
3406
3526
3196
1420
330
4
24 10 23 8
2 18 7 9
11 17 17 9
19 18 13 3
23 21 12 14
14 3 23 6
10 24 14 26
12 15 17 20
20 13 21 19
22 21 23 27
2 22 27 13
11 26 20 18
24 9 6 6
12 18 16 19
22 10 20 26
26 6 10 24
20 15 2 11
11 10 9 23
26 9 14 18
6 13 6 17
20 21 1 20
8 3 11 6
27 26 9 7
11 21 14 16
8 4 3 9
2 16 12 25
1 16 8 5
1 2 1 22
1 1 11 11
21 18 9 1
14 21 27 3
17 4 21 27
17 16 1 9
26 1 5 14
4 27 4 8
26 5 6 22
2 23 21 3
14 23 16 17
4 1 27 25
17 12 11 11
2 16 3 17
10 3 10 10
12 14 17 17
22 22 11 9
19 17 17 20
22 8 20 18
10 5 10 14
5 16 19 1
11 3 23 27
4 1 14 26
22 19 23 17
4 16 27 13
1 8 3 17
16 13 20 24
24 9 11 13
24 7 4 4
19 16 18 23
12 8 14 17
9 12 24 22
7 20 4 2
12 26 12 19
17 12 17 18
21 11 25 8
20 20 27 14
16 5 10 4
12 14 13 6
11 25 19 13
18 26 3 26
8 8 4 17
11 1 12 15
24 7 8 6
20 11 23 23
23 13 12 12
14 10 27 21
23 13 5 5
2 15 14 6
2 4 14 26
7 12 15 13
24 12 23 9
12 11 21 12
12 1 18 2
7 7 10 4
25 17 10 27
18 8 26 7
4 5 23 7
18 14 5 8
22 19 17 3
4 11 16 18
24 10 26 9
25 25 17 7
25 9 7 22
5 11 20 14
20 23 10 1
8 13 27 13
20 7 27 15
7 6 15 22
4 3 15 24
16 5 21 9
4 12 1 11
12 7 27 4
17 16 5 11
18 18 16 19
7 16 24 16
25 12 3 21
7 13 10 19
25 15 24 27
25 1 10 26
6 20 12 14
25 2 27 20
8 21 12 10
1 14 3 22
2 26 15 17
1 7 21 19
19 9 3 13
11 3 20 10
10 24 18 16
26 11 24 18
9 4 7 14
14 20 23 24
18 13 25 23
20 15 12 14
10 6 7 4
15 23 24 9
2 17 24 5
10 13 7 22
8 27 13 13
19 24 16 8
7 17 25 19
22 19 15 27
3 2 18 7
19 23 25 10
9 14 8 16
8 26 9 15
9 12 14 7
23 10 19 6
9 3 12 15
24 10 10 14
23 6 5 27
15 5 21 20
17 8 18 5
1 11 11 21
15 23 9 19
18 2 8 8
15 7 25 8
15 13 23 10
11 12 21 21
23 7 25 16
4 8 17 12
11 27 19 13
3 4 14 7
25 1 11 1
23 12 15 22
13 3 9 6
23 26 22 4
24 17 21 22
11 23 6 15
16 21 19 16
14 27 21 18
4 9 25 26
17 14 10 13
12 18 18 22
3 4 23 9
6 25 9 4
11 1 13 12
1 9 14 12
9 1 17 8
12 9 27 19
1 25 27 8
22 11 23 21
25 9 4 9
15 21 2 12
14 7 2 12
4 21 23 18
24 16 24 22
15 16 22 5
2 6 10 6
17 13 6 23
11 10 20 17
13 17 13 25
16 10 14 12
23 20 20 14
13 20 22 24
1 18 26 20
11 15 26 16
17 7 5 19
26 6 14 5
12 23 8 6
5 7 16 21
27 24 16 12
20 13 22 25
14 8 7 26
11 26 14 22
22 6 22 22
8 6 9 7
19 21 18 21
22 13 18 22
3 19 5 13
21 11 15 1
24 21 2 27
14 6 17 8
24 13 1 24
12 21 2 9
16 3 22 10
27 4 14 17
6 12 15 15
6 1 22 7
25 6 9 12
3 16 23 1
8 2 4 7
6 20 15 13
20 2 15 14
8 11 3 24
4 25 2 23
1 26 14 19
11 18 18 10
6 7 23 23
16 10 25 9
17 24 13 24
12 1 25 12
13 26 2 16
13 7 25 18
22 16 19 26
5 20 26 21
3 23 27 7
22 6 9 14
22 24 13 19
15 10 7 27
19 11 4 19
19 25 16 11
18 24 17 27
26 7 12 9
7 22 25 8
24 14 6 26
10 4 15 26
4 10 12 2
10 11 9 26
4 12 8 18
1 27 7 18
20 2 12 17
6 12 6 20
5 21 23 3
14 5 15 3
18 17 8 8
24 8 25 12
21 14 11 8
23 19 13 20
2 20 10 10
19 23 3 18
9 11 17 6
23 2 7 11
6 17 15 11
12 24 2 11
9 13 10 4
11 5 8 26
7 10 11 9
27 24 22 22
5 16 17 8
13 27 6 8
25 14 2 24
15 1 15 21
23 27 10 4
10 19 19 26
6 12 11 9
8 17 10 9
27 27 24 13
19 24 18 21
16 19 23 22
9 15 13 18
14 21 10 4
20 10 18 6
26 13 11 11
9 5 19 26
23 7 19 9
4 1 24 24
21 2 10 21
19 24 13 11
26 26 8 4
25 19 8 26
2 20 24 7
20 26 24 11
13 27 15 10
22 12 10 6
20 21 20 25
14 10 21 10
20 5 14 8
21 5 24 19
5 27 3 26
3 16 10 16
18 25 12 12
9 9 17 20
19 16 18 15
16 26 1 24
22 18 4 16
8 15 26 22
20 27 16 20
24 1 13 19
2 24 1 1
17 4 4 25
19 24 9 15
2 17 26 17
10 15 2 12
4 13 6 8
15 12 4 21
18 13 4 3
20 23 4 6
23 3 17 9
8 10 3 8
11 16 5 5
12 24 11 7
21 25 17 7
8 26 10 10
25 7 20 11
27 2 2 13
15 7 15 15
14 24 14 22
4 2 7 21
22 20 10 24
18 19 24 21
14 20 4 9
10 25 12 11
18 19 16 5
26 15 19 24
16 23 24 2
19 14 13 4
25 23 8 11
16 18 13 11
2 19 23 16
16 7 1 3
2 25 19 5
4 22 25 2