27
2621
1077
1886
1424
3156
3436
2006
1383
1227
2022
2176
484
2680
405
1965
1682
1294
1314
3245
1322
896
3340
900
2308
3460
471
2789
346
4
27 17 1 18
18 15 1 18
15 10 2 10
14 12 25 1
17 16 25 10
8 24 4 27
13 14 1 22
25 13 10 8
8 10 7 11
2 2 7 1
6 24 7 11
23 9 6 18
11 7 11 14
10 13 24 5
18 19 2 19
1 21 22 27
10 16 16 1
22 5 6 5
12 20 20 2
24 24 20 1
24 9 3 17
13 20 14 7
18 23 18 24
23 4 7 4
19 21 21 4
15 3 22 23
9 23 11 22
17 5 25 17
4 12 26 21
26 8 7 27
8 5 24 19
6 19 17 9
15 1 8 22
17 18 27 10
18 11 5 8
1 11 19 19
12 4 20 8
11 3 17 15
25 15 13 3
24 22 21 20
17 26 24 23
14 21 15 24
15 10 2 9
22 26 20 5
9 11 11 11
17 10 19 15
11 20 12 27
11 12 17 25
6 1 2 26
12 22 16 6
17 9 21 21
22 11 7 4
10 13 22 17
2 6 3 6
12 20 13 20
17 14 27 5
16 26 27 2
1 1 8 20
22 19 13 4
6 23 9 20
17 10 24 5
10 23 19 9
19 8 22 21
4 3 7 22
9 15 4 27
26 18 24 3
22 21 15 4
19 11 22 23
2 6 8 24
1 10 11 22
18 5 13 26
3 20 3 19
22 19 5 19
9 18 20 20
3 26 19 2
22 3 23 18
19 19 26 18
4 21 26 18
22 5 3 14
6 2 17 22
12 13 14 1
16 27 19 21
24 11 13 12
18 16 7 24
9 21 3 5
26 5 21 9
17 3 6 16
1 26 5 15
9 20 26 23
6 10 18 8
22 10 14 17
14 23 26 4
23 23 2 21
15 24 1 27
3 11 2 22
13 1 23 17
20 27 24 18
27 9 23 23
6 20 5 9
12 21 16 17
16 22 13 15
7 3 22 23
24 25 20 7
25 7 3 23
17 13 27 9
25 10 5 24
7 6 18 13
24 6 17 4
3 15 20 11
11 22 12 15
13 27 7 26
1 25 17 21
12 19 5 22
24 15 13 10
23 5 25 24
14 12 6 3
13 23 19 17
2 13 27 25
8 20 17 18
3 27 24 5
13 20 12 10
12 18 15 3
26 8 12 9
17 27 18 10
8 24 4 23
3 8 2 4
18 21 18 19
26 14 3 14
16 21 27 21
9 12 15 25
6 15 1 9
1 9 9 21
6 25 10 22
1 15 23 21
9 15 26 6
2 11 1 26
17 22 25 12
23 14 4 7
3 15 18 16
19 17 3 11
10 7 18 15
18 3 20 10
3 27 17 19
7 22 23 16
8 23 6 15
15 11 26 20
18 14 25 8
7 27 24 22
7 3 12 17
12 4 5 2
17 19 20 26
24 8 6 2
17 22 21 3
1 19 27 23
9 5 20 10
6 11 7 5
12 7 11 23
5 12 21 22
18 26 16 22
9 21 9 20
26 9 11 8
14 1 12 8
10 23 23 3
10 5 16 4
24 21 4 23
21 8 27 14
14 5 21 6
26 27 19 26
20 25 2 9
6 11 20 4
13 13 12 25
3 14 10 22
20 15 11 19
12 23 18 8
18 18 11 20
7 2 8 4
15 23 27 12
4 2 12 1
1 7 10 18
10 20 18 5
14 15 13 19
10 20 3 1
14 13 27 17
15 23 12 15
6 13 1 1
1 8 23 22
26 17 14 9
17 5 13 11
10 15 20 27
4 26 27 8
13 16 25 4
21 24 20 27
26 7 27 26
3 12 15 15
26 2 25 15
21 13 24 7
17 22 27 19
25 1 11 1
26 1 9 17
16 20 12 18
26 22 6 12
6 24 21 17
18 19 5 11
20 4 3 3
24 12 4 21
8 27 20 13
10 24 12 23
7 26 26 1
11 8 5 25
25 22 22 13
20 5 17 25
6 13 23 10
9 13 16 5
6 19 27 22
20 5 1 3
5 26 15 20
17 19 9 15
18 26 16 3
6 23 6 24
18 24 21 26
4 15 10 26
2 9 16 17
17 1 12 23
9 25 27 27
8 11 9 6
11 21 17 5
6 26 23 20
21 25 1 1
12 15 23 19
11 19 11 23
5 5 1 19
16 5 22 7
22 9 22 15
14 12 20 20
15 8 24 14
19 9 5 25
11 19 18 15
21 11 18 17
1 16 15 17
8 11 25 11
12 24 17 26
26 26 8 19
7 21 20 1
8 1 22 3
18 15 20 27
9 20 26 18
3 16 24 23
27 25 15 19
27 11 19 9
25 18 26 15
23 7 27 18
25 23 13 22
2 12 14 27
2 6 9 5
21 14 14 6
6 19 5 25
14 18 25 9
8 3 12 8
14 18 25 24
8 11 13 4
22 2 2 24
7 20 11 13
15 16 20 7
13 2 5 18
16 16 22 16
5 26 13 1
16 18 11 3
27 3 7 7
20 10 22 15
17 10 8 14
23 7 6 2
20 13 1 23
21 15 25 20
15 11 19 7
20 15 22 11
12 12 26 17
5 15 11 23
27 13 12 5
21 1 21 21
19 14 9 10
22 13 9 11
5 27 19 26
14 8 7 21
8 8 11 21
24 21 16 2
18 12 15 3
14 23 1 26
7 18 16 1
10 22 10 11
16 13 21 25
19 11 9 4
23 5 2 18
10 2 7 15
22 26 10 27
4 22 7 13
11 20 26 26
21 5 22 9
19 16 1 4
16 13 21 26
4 1 20 22
4 10 24 11
7 22 4 1
24 3 12 3
1 18 22 9
4 27 25 19
21 15 17 12
24 5 27 19
21 6 16 4
5 8 5 23
1 8 20 16
8 15 13 11
15 20 17 26
26 9 4 3
22 1 9 8
15 2 7 7
8 5 20 24
10 7 25 23
25 24 17 11
3 19 4 3
16 11 20 23
6 5 19 24
18 8 22 19
26 9 13 20
18 2 12 1
11 17 20 13
3 22 18 24
22 1 11 15
18 5 25 3
2 3 21 26
20 7 17 17
1 19 27 15
22 4 12 20
6 18 4 21
3 23 26 18
20 25 14 22
22 3 1 4
16 19 6 19
1 3 10 1
22 15 20 25
1 19 4 14
15 20 27 22
8 18 1 25
14 13 6 15
19 23 10 13
5 6 4 13
21 24 22 5