27
1369
1342
3237
2697
3174
1288
3112
1792
1248
400
2597
2910
2466
3507
1854
1532
962
3533
702
1962
1344
1206
2520
402
2357
1636
1379
342
4
9 11 26 16
7 9 23 20
2 26 24 13
4 6 6 5
15 11 17 18
21 13 15 7
8 11 16 9
27 10 18 12
19 26 22 17
25 25 25 27
21 3 14 18
18 18 7 23
6 27 16 22
1 20 13 23
2 2 1 20
12 15 8 15
23 3 22 10
11 11 3 14
7 5 23 10
7 27 6 7
6 22 23 5
12 20 20 5
25 3 9 25
22 11 12 6
17 26 12 18
18 21 21 8
3 8 16 25
14 6 20 25
9 9 14 20
4 6 23 12
24 7 15 15
13 19 4 11
19 2 22 4
1 13 12 2
11 24 17 2
8 13 10 4
16 15 7 23
19 20 18 25
12 27 1 13
9 24 2 9
11 24 27 15
6 27 13 9
1 26 25 2
9 18 7 25
8 7 10 9
4 26 20 14
2 12 7 24
15 1 23 20
14 26 21 24
1 6 1 24
12 20 12 2
8 18 2 12
19 8 1 19
26 15 15 19
16 23 15 12
9 24 13 21
20 5 18 6
18 21 7 17
10 4 17 8
20 24 22 7
8 4 21 22
8 26 2 6
1 26 21 27
14 20 24 11
2 22 7 21
3 20 16 2
20 13 17 13
12 14 10 14
9 16 21 10
8 17 19 20
2 20 4 27
20 17 5 13
14 12 15 12
15 19 10 25
27 24 23 27
14 24 10 22
18 22 2 18
23 3 2 27
14 23 21 5
18 5 18 17
10 1 14 21
9 7 27 19
12 12 6 26
25 6 14 15
23 1 27 1
20 24 13 13
13 21 14 12
2 13 5 9
22 10 3 15
10 25 16 27
17 23 7 25
24 20 4 11
8 25 19 1
6 15 27 4
13 22 24 6
20 16 22 22
6 23 1 17
21 4 8 26
4 17 20 15
25 25 24 15
7 4 21 24
3 23 24 5
26 9 16 11
24 6 25 1
10 12 3 11
14 23 19 1
18 8 23 12
6 11 21 23
6 17 14 8
3 5 26 8
2 4 7 3
14 6 27 10
3 22 4 12
2 4 9 12
16 6 5 7
17 16 18 1
15 23 10 27
15 3 7 21
22 2 20 3
24 7 24 12
26 13 5 20
4 19 8 16
3 24 1 21
6 26 6 21
20 25 9 24
1 11 10 17
1 25 18 15
6 15 20 11
22 11 14 5
8 6 4 16
4 20 11 8
8 27 11 25
9 5 21 2
4 10 16 24
1 4 7 12
25 8 18 22
3 5 18 23
7 24 1 23
23 1 27 19
17 12 16 1
23 7 9 19
13 2 18 11
18 16 5 18
23 19 21 4
10 18 22 14
17 14 1 23
10 20 16 9
7 19 19 17
21 2 1 7
7 2 24 8
19 25 26 18
1 25 11 8
12 13 4 27
1 6 17 6
2 10 6 7
11 5 2 16
5 8 23 2
14 23 16 24
8 5 1 16
12 16 19 5
4 15 17 21
11 11 1 10
5 18 10 1
27 1 5 9
1 20 24 4
2 19 21 13
20 10 12 3
5 25 23 18
16 8 3 24
6 8 13 10
15 24 18 24
15 24 17 21
8 1 5 17
24 1 11 22
14 21 15 9
7 8 10 2
15 1 27 4
7 7 17 23
12 16 17 8
7 1 8 15
2 17 8 23
18 24 22 18
6 9 12 6
7 3 10 17
6 15 7 15
22 13 10 8
22 3 24 4
21 24 3 23
1 14 23 2
16 1 14 21
2 18 12 13
19 13 18 21
20 14 26 19
6 23 21 18
24 6 9 10
1 21 4 4
19 6 21 9
20 14 20 20
9 16 11 22
9 14 10 9
5 13 13 13
21 3 23 16
4 23 18 26
13 12 11 19
17 16 14 2
19 17 27 1
10 25 12 24
19 3 16 6
16 1 5 8
5 7 20 15
4 24 19 10
11 11 23 23
23 21 11 26
27 20 11 2
23 1 14 26
21 10 25 26
22 25 16 13
18 25 15 16
10 6 7 26
13 9 19 23
11 19 21 5
16 9 1 12
19 21 19 9
5 17 2 19
8 26 2 2
11 9 4 17
17 16 12 2
22 20 16 5
5 21 11 9
20 19 25 25
6 5 23 19
18 9 18 1
19 12 9 10
26 22 14 5
5 7 26 24
26 13 15 9
15 20 11 10
19 6 8 15
5 20 14 27
23 3 7 3
26 22 21 10
2 9 3 14
23 9 12 8
25 14 22 17
15 6 24 15
20 23 22 3
25 16 19 18
22 7 17 3
8 19 4 19
18 27 26 3
14 20 16 1
11 22 17 14
24 12 12 18
10 26 6 17
25 22 3 8
13 5 21 24
7 10 25 15
19 12 20 15
10 18 17 12
25 19 18 10
1 26 26 22
24 16 7 10
10 9 11 15
27 3 10 18
21 25 13 4
26 3 14 27
6 22 10 20
21 1 14 16
2 22 25 26
17 21 3 20
11 22 18 8
18 8 10 19
21 18 15 20
18 17 20 27
5 24 20 17
12 2 25 22
8 5 10 11
26 5 3 15
6 11 21 25
17 18 10 5
22 2 16 19
4 12 22 6
15 7 15 9
12 2 26 11
19 26 18 11
3 18 9 7
16 24 16 7
15 12 13 2
19 18 17 19
26 23 26 11
18 19 23 4
23 7 16 7
22 11 18 25
16 6 18 12
22 9 27 20
19 15 6 14
1 16 22 5
9 11 20 1
5 16 23 1
6 6 24 6
1 25 2 4
18 3 18 19
1 27 3 18
16 24 8 1
16 6 2 4
25 20 23 27
15 13 15 9
20 18 1 19
26 20 13 14
13 18 8 15
4 25 14 18
5 15 10 9
19 2 20 26
6 25 13 22
6 17 4 3
18 6 14 20
13 5 8 19
1 2 24 13
10 5 25 6
14 24 15 13
13 11 2 19
2 1 5 27
1 18 10 27
16 9 7 14
21 17 19 10
6 9 22 8
14 15 16 16
7 12 20 25
9 19 7 14
3 7 11 20
13 14 23 22
8 26 19 13
23 9 5 2
9 8 12 13
21 16 19 8
8 7 22 19
24 20 13 25
16 9 22 25
17 4 27 26
18 11 25 20
27 4 18 6
20 25 23 6