27
1173
2496
2390
3264
3426
1453
1349
1857
2819
1808
1731
1572
986
3413
451
2512
2086
2513
1378
2560
2504
2366
1659
3408
2934
903
3363
323
4
26 1 4 26
18 15 24 10
15 24 24 6
26 13 7 15
14 27 12 11
5 7 11 10
21 6 27 18
3 7 7 5
21 20 8 10
18 24 18 8
21 15 5 22
25 22 12 12
20 4 1 9
24 12 21 20
12 21 16 23
7 4 23 1
16 9 2 14
7 8 27 17
13 7 23 1
1 15 17 27
2 2 6 14
26 10 18 23
10 9 4 23
25 11 13 13
19 12 22 26
8 19 21 14
12 16 6 4
9 26 7 22
7 13 17 7
10 2 22 6
13 26 14 13
27 1 1 20
24 14 17 24
16 10 26 16
27 13 14 11
4 12 24 16
23 5 7 22
25 22 27 15
12 9 24 18
5 24 13 7
19 10 26 25
16 20 13 26
23 22 11 20
25 9 25 17
25 24 14 12
22 21 17 10
27 19 4 24
3 17 26 27
5 2 1 15
26 15 2 10
5 2 20 1
13 6 2 5
18 1 26 7
4 26 2 8
20 10 12 22
1 24 21 23
25 21 4 24
9 18 27 16
11 20 21 20
17 7 27 10
24 3 27 22
9 19 13 14
4 13 20 3
19 19 14 2
12 21 1 5
8 5 5 14
6 4 23 13
21 15 20 12
14 21 7 24
7 17 15 14
12 26 18 27
19 26 25 17
9 13 8 2
17 18 22 9
24 1 15 16
5 18 10 11
11 25 18 7
15 17 14 15
25 14 3 19
15 23 1 20
10 4 18 21
7 11 2 16
9 14 4 18
22 23 6 21
3 15 12 19
16 12 14 23
6 2 4 4
4 4 13 5
11 25 8 22
12 19 23 21
17 27 18 13
24 23 15 21
24 24 14 14
25 17 21 14
18 17 27 6
11 6 14 17
22 27 18 14
17 17 11 20
16 20 4 27
3 21 1 3
3 20 26 6
19 27 23 7
15 24 25 4
26 16 4 15
4 3 2 15
18 7 21 4
9 7 14 4
17 7 18 5
5 8 27 21
19 7 6 9
8 27 5 14
7 21 19 16
18 8 3 1
14 26 4 18
5 11 24 12
26 8 16 13
26 27 2 1
16 16 11 23
16 20 2 2
19 18 4 16
24 23 13 4
16 22 6 19
1 22 13 19
8 8 6 6
21 9 20 1
20 26 8 23
1 23 17 12
27 26 4 21
17 13 6 26
19 1 18 22
9 6 26 2
15 9 20 8
5 27 12 4
19 22 2 1
24 22 19 23
8 22 14 8
3 18 20 18
19 27 1 2
19 6 6 26
22 16 17 20
6 5 22 4
7 4 23 18
8 16 13 18
11 1 13 18
2 18 18 16
7 26 21 19
17 25 14 1
27 21 12 24
23 15 2 7
20 21 27 21
19 11 13 5
24 1 13 26
9 27 1 24
20 20 25 18
25 18 4 7
19 8 4 21
24 18 4 25
2 19 4 2
12 7 15 18
27 8 6 10
27 27 21 27
24 23 17 23
22 14 13 12
11 22 23 21
2 15 12 5
12 8 5 5
24 22 12 12
25 26 14 10
25 22 17 27
17 17 6 20
13 9 23 11
17 17 23 9
19 12 14 14
22 2 2 21
7 13 27 18
3 15 9 14
6 22 17 24
24 11 7 21
19 22 7 18
13 18 1 2
7 25 1 27
12 10 8 2
26 9 25 2
25 23 18 21
10 4 20 11
25 7 7 3
20 20 19 4
21 25 1 15
22 5 18 16
7 18 16 5
17 25 12 13
3 13 12 26
24 16 12 18
23 26 15 4
23 17 18 20
25 17 7 16
3 5 23 15
22 13 24 22
5 25 6 17
8 15 2 5
18 4 5 18
16 7 13 20
10 14 1 16
13 8 25 14
7 26 10 25
25 19 25 16
4 26 15 2
7 3 12 15
21 15 8 5
19 11 15 12
12 11 12 10
16 2 9 24
15 2 26 26
4 4 19 9
3 2 10 15
6 19 15 11
3 19 2 25
20 1 1 18
24 18 1 17
3 13 5 22
3 26 7 15
2 15 6 14
25 25 17 13
26 13 17 26
14 4 24 24
6 13 9 19
25 23 22 5
17 10 1 5
16 8 23 25
6 23 15 24
18 1 5 11
27 18 3 1
26 3 10 3
22 27 3 15
24 8 15 17
1 12 1 3
7 18 18 5
6 1 23 15
18 23 2 17
3 13 1 10
2 18 2 5
15 2 3 1
13 3 20 18
19 20 8 6
20 23 19 23
23 12 16 17
2 10 15 16
9 4 17 25
19 12 21 9
14 12 21 12
10 5 15 19
7 18 2 27
13 13 1 27
14 7 18 12
7 10 22 3
11 9 15 17
12 11 9 18
1 7 2 23
16 17 8 6
5 8 12 9
25 15 2 25
16 27 17 12
1 10 10 9
21 2 27 22
2 6 6 24
11 12 17 10
19 10 3 2
18 14 3 26
1 22 17 20
17 2 12 5
11 23 10 22
19 18 27 26
3 23 15 6
27 8 22 24
2 16 13 5
13 12 1 8
7 15 24 14
21 3 19 19
7 18 13 16
21 19 1 8
1 10 15 7
21 13 8 19
20 8 21 9
27 21 27 25
16 10 3 15
14 16 26 18
17 16 7 7
7 19 8 8
24 11 23 2
17 18 20 10
17 24 19 8
8 15 12 15
6 12 18 17
14 1 26 8
1 21 18 19
18 5 23 15
22 1 19 15
18 25 22 27
3 19 23 16
20 4 11 27
9 24 7 5
12 15 8 6
21 14 13 2
10 8 4 24
27 7 2 15
3 4 26 23
27 24 2 5
12 1 20 22
4 23 23 16
5 26 11 13
21 15 11 9
26 19 16 25
16 9 15 2
16 19 22 22
11 1 14 18
1 19 10 2
5 1 14 23
22 22 26 17
8 3 26 6
11 3 22 7
6 14 6 25
23 12 3 16
6 19 22 21