27
1294
2925
3459
1804
608
2775
3445
2806
640
1142
581
999
602
3461
1642
671
2424
2656
1639
1345
1584
2517
2632
940
662
1389
1675
304
1
9
3
24
21
7
8
1
12
19
22
3
26
23
2
10
27
13
23
3
27
3
16
13
8
22
3
20
9
23
16
14
6
16
2
23
15
13
2
3
1
7
21
20
26
3
9
3
26
1
25
6
9
4
14
20
5
6
26
7
8
26
2
14
5
24
20
9
2
17
4
5
7
6
20
14
26
5
15
4
17
17
24
6
13
21
22
25
15
9
26
18
6
2
16
14
20
2
26
1
8
19
2
25
24
20
9
7
14
6
15
11
3
22
23
16
17
16
1
15
6
23
26
3
5
16
5
3
15
16
13
17
16
13
20
27
13
17
25
14
26
12
18
1
18
10
7
22
2
4
4
1
18
25
6
4
11
8
5
12
13
19
5
16
14
15
16
19
22
8
6
6
16
16
17
1
24
14
10
22
25
10
23
13
24
27
17
11
25
16
5
8
12
22
16
9
16
5
18
6
16
7
21
4
15
18
13
5
8
5
25
12
15
4
2
11
12
25
10
17
19
22
11
6
25
11
18
5
2
11
19
7
13
25
1
21
16
22
19
11
27
15
25
5
6
4
19
13
20
9
13
1
8
1
3
25
26
23
6
12
19
16
2
18
13
3
21
1
2
5
15
8
18
17
26
15
2
10
6
23
10
19
8
13
6
26
12
13
15
1
27
6
3
6
5
25
17
21
11
22
25
6
8
7
25