27
2730
3119
2211
3232
2512
2503
2719
1766
1725
2906
2227
2059
1562
1346
1595
2987
1900
1318
1138
2363
2487
3302
1195
2868
1112
823
2495
293
4
22 17 1 10
25 6 18 7
20 8 19 6
11 26 15 16
1 23 23 4
14 13 21 27
22 19 17 14
20 15 17 24
21 5 13 16
20 24 17 13
24 18 19 17
27 26 27 19
24 5 4 14
3 5 15 19
8 5 7 19
25 12 27 6
1 19 21 11
27 24 8 13
9 7 9 15
25 17 10 15
22 25 25 10
20 6 11 27
25 22 24 16
12 25 11 12
26 16 19 17
12 22 18 24
21 27 4 3
5 20 1 4
13 8 6 4
21 24 26 6
18 1 20 14
16 23 17 18
25 4 6 2
13 15 5 13
26 3 6 4
24 6 12 12
9 27 1 23
21 25 21 24
19 25 24 5
11 23 15 15
4 27 23 17
2 18 19 16
23 13 6 13
11 23 23 10
10 22 27 8
23 22 16 22
17 14 21 23
16 19 17 16
23 20 16 6
22 21 1 11
5 26 17 17
7 13 23 20
7 21 1 6
13 1 12 20
20 25 13 17
7 2 3 23
7 11 15 9
17 7 15 24
5 7 24 18
8 18 5 10
10 16 2 25
5 17 1 4
1 11 3 21
1 26 18 12
20 5 27 27
6 4 19 9
2 10 8 21
5 15 26 17
11 24 3 20
18 8 20 6
12 13 16 22
13 2 4 1
7 5 18 14
15 10 27 18
16 10 14 5
22 9 3 22
5 16 22 25
2 21 14 6
17 26 16 17
23 9 24 6
20 9 21 24
9 3 25 19
2 25 9 10
8 16 16 9
16 13 10 22
7 11 4 16
8 2 18 25
15 12 23 6
9 7 8 25
20 2 26 24
10 24 5 11
4 24 24 25
22 27 4 2
21 11 11 15
9 13 12 2
12 10 8 20
23 10 15 23
5 13 1 5
25 12 6 14
19 21 5 5
24 14 22 16
17 3 21 23
25 12 3 10
24 1 9 6
11 23 24 21
2 17 17 9
14 7 5 18
18 24 2 16
2 6 16 11
16 6 14 19
26 12 4 13
1 10 6 17
25 11 5 2
21 1 17 15
17 23 22 5
13 20 21 9
23 14 13 16
26 22 27 6
25 9 5 12
22 19 18 10
12 17 27 10
24 22 20 9
27 18 1 15
19 22 8 11
20 21 22 2
23 8 22 13
27 17 10 24
26 26 1 13
27 6 7 11
24 4 1 21
11 22 4 25
17 22 12 15
11 17 26 14
21 27 25 26
16 21 20 10
19 14 26 16
23 13 20 7
19 2 24 16
3 13 11 15
3 17 15 21
3 18 15 6
12 5 20 21
9 9 4 17
1 10 2 10
7 18 18 6
5 11 23 25
12 8 5 2
26 17 23 10
11 23 8 3
22 2 2 9
7 15 5 15
9 11 6 17
19 24 25 18
3 24 5 24
24 13 18 17
22 4 1 3
9 23 10 12
15 27 9 22
13 25 19 4
7 12 15 4
27 26 1 16
20 20 6 5
10 21 19 23
21 2 22 23
18 23 23 12
22 2 5 19
16 23 21 8
8 6 19 16
24 26 21 7
20 13 8 21
7 14 4 15
15 16 2 27
25 26 6 6
6 10 27 3
8 17 8 21
21 26 2 18
15 9 1 12
8 20 13 16
9 18 12 8
23 14 21 1
19 8 1 12
21 23 10 18
4 25 22 9
3 16 11 23
7 19 10 5
7 3 20 17
9 10 26 5
22 27 9 5
25 4 10 25
24 21 6 27
18 27 15 26
13 8 5 14
17 13 16 12
23 7 10 15
26 14 10 10
14 16 6 6
15 17 19 21
24 26 22 27
18 7 1 16
19 17 15 23
20 7 10 14
13 13 8 16
6 15 4 7
16 20 5 26
20 20 21 6
9 3 24 3
21 3 19 21
13 22 23 1
17 19 5 9
14 24 20 26
21 12 21 12
22 25 19 2
26 9 20 6
13 27 17 27
22 5 1 23
10 22 17 26
5 23 27 13
24 4 15 7
13 4 20 3
12 14 24 11
3 12 7 20
11 14 25 20
26 13 11 10
11 18 15 19
15 10 12 22
25 20 22 18
13 16 17 23
20 23 9 27
27 13 20 7
5 5 14 26
5 10 6 18
14 26 9 13
7 1 22 27
13 1 12 8
20 20 27 3
27 5 12 24
7 24 21 4
7 18 12 22
15 2 27 22
19 23 26 24
21 24 8 27
16 26 8 26
21 20 22 27
26 17 13 9
19 3 11 9
14 12 11 14
1 5 20 18
8 4 21 23
23 3 20 7
21 26 26 27
25 7 9 21
27 13 14 10
27 5 7 18
27 3 21 14
16 12 9 17
24 25 4 22
20 15 26 20
12 1 21 17
23 19 23 20
12 10 16 14
21 16 20 8
10 27 9 27
21 18 10 18
14 12 5 13
22 10 9 10
13 12 12 11
25 9 23 26
12 6 22 20
2 9 18 24
25 26 17 8
15 27 14 21
17 14 20 5
3 1 17 26
16 12 6 15
7 12 22 8
14 27 23 10
1 26 8 9
11 25 20 11
14 18 27 27
20 9 6 25
8 13 26 26
8 9 22 11
8 5 6 18
17 23 26 1
1 18 9 4
3 11 3 24
24 17 25 21
14 21 2 21
2 24 8 10
10 14 1 19
24 6 23 27
9 10 6 27
22 1 5 19