27
2406
2186
2795
3493
1543
1019
3492
2074
2206
2589
1751
2929
673
2318
801
1520
945
758
2514
1567
1334
1547
1470
3490
3440
501
563
373
4
21 22 26 10
3 16 26 23
13 7 24 11
21 23 18 6
2 5 3 18
19 16 15 3
8 7 10 20
11 19 18 13
23 26 21 27
26 16 3 11
17 26 2 10
22 17 13 11
6 18 4 9
25 24 17 10
2 27 25 17
8 16 5 14
24 10 26 15
25 21 4 9
15 11 19 15
19 9 1 12
13 10 23 13
10 1 12 7
7 6 18 7
13 16 25 22
1 2 10 11
17 24 14 13
21 16 17 22
23 8 5 3
11 10 12 22
26 1 26 26
11 18 14 18
14 9 2 20
7 9 1 14
27 13 15 2
19 9 22 18
24 12 23 3
1 3 16 18
5 25 5 11
16 9 1 5
2 25 5 25
13 19 27 26
2 1 2 8
1 14 4 22
27 7 8 7
23 1 24 18
23 13 14 15
25 17 20 16
19 14 25 19
14 25 23 9
5 9 6 18
22 11 19 11
11 6 19 16
4 23 20 22
13 26 11 14
20 4 19 17
24 1 23 23
25 11 17 25
23 25 5 6
9 27 14 10
18 15 4 27
13 2 6 13
27 9 23 24
19 3 3 26
24 24 4 16
25 20 4 25
10 16 16 9
12 24 9 10
2 21 10 18
4 27 12 1
22 11 15 3
20 20 3 3
2 25 27 23
24 9 1 27
17 21 17 17
19 1 8 3
13 13 26 14
21 11 17 23
26 10 24 25
7 16 5 4
7 24 10 14
21 1 2 1
9 4 8 17
14 16 2 8
21 19 9 10
18 18 26 17
27 1 3 18
18 18 9 22
13 2 2 21
4 3 4 26
14 18 9 3
19 18 3 23
27 26 17 23
8 15 9 8
21 20 4 5
20 13 14 20
16 21 21 14
10 17 16 15
2 2 19 8
20 1 14 6
2 13 9 11
12 18 3 27
21 25 7 27
7 27 5 6
27 12 5 19
10 16 21 7
5 27 26 20
24 4 26 27
17 11 15 5
4 16 23 16
18 25 11 17
21 18 22 15
15 26 24 26
11 8 25 21
25 10 4 21
4 16 9 14
27 3 11 12
8 11 22 7
22 14 24 15
1 5 11 27
11 11 19 21
5 13 13 15
16 24 19 7
4 19 10 15
8 9 6 10
25 4 18 7
26 21 25 17
4 14 7 8
16 10 25 24
18 25 10 3
12 20 2 9
8 8 9 22
23 18 17 10
3 21 21 19
8 3 7 20
7 16 6 3
18 24 4 2
17 16 16 4
11 16 17 15
4 12 3 11
21 16 10 4
27 27 23 11
2 18 10 24
6 8 10 6
23 7 12 8
10 15 13 3
6 26 20 27
11 27 10 20
11 26 7 14
13 15 22 22
3 27 2 23
19 13 19 10
3 4 14 6
21 25 16 11
5 19 6 18
15 8 12 7
16 8 25 1
7 15 13 25
9 16 14 15
14 18 21 24
16 22 4 2
26 7 13 12
7 10 4 21
14 11 19 18
15 21 22 27
2 25 8 11
7 2 3 26
8 8 9 1
24 2 6 5
13 1 18 13
10 7 6 3
9 1 18 24
15 11 1 1
24 9 16 16
8 13 22 15
10 2 6 1
2 4 16 14
15 19 18 20
19 5 9 26
2 26 4 23
6 26 22 17
8 16 5 5
19 9 16 11
4 10 15 20
22 15 15 13
18 27 22 15
18 9 12 24
20 6 25 22
2 9 6 23
9 7 13 3
10 24 26 19
4 5 4 13
14 15 17 18
23 2 22 19
27 21 20 25
1 18 16 8
8 14 8 24
20 18 26 5
4 4 4 9
23 3 23 7
3 7 15 14
17 23 6 14
7 23 9 24
11 5 9 13
4 25 23 13
17 27 14 21
12 21 26 16
24 18 4 21
27 24 15 22
19 5 23 17
19 4 2 8
19 3 16 11
26 8 6 1
24 18 7 5
21 14 2 11
25 1 24 16
11 18 13 21
19 10 24 4
12 5 3 18
4 27 27 3
10 17 14 23
19 11 18 22
11 17 17 23
6 4 6 20
24 3 21 12
22 14 26 1
27 11 2 12
3 7 23 1
10 27 10 19
17 2 3 10
13 11 19 3
22 24 6 1
16 21 6 17
19 21 17 6
12 10 25 24
5 26 5 19
26 18 4 17
14 1 3 10
3 14 18 16
23 19 23 17
2 20 18 8
7 22 1 6
3 21 1 22
2 20 27 4
15 19 14 9
12 11 2 24
8 14 6 15
25 10 20 7
22 8 20 3
2 19 24 8
11 3 22 16
21 2 22 5
12 18 13 27
15 7 1 24
8 13 5 22
7 2 10 26
15 23 22 2
12 27 22 5
27 20 2 6
6 15 17 17
6 23 16 5
23 24 1 13
11 14 10 23
8 1 24 15
10 27 16 22
4 19 16 11
1 22 10 25
2 4 22 1
13 18 6 1
25 20 19 12
9 18 22 8
8 4 1 23
15 27 17 25
16 1 19 11
15 10 24 15
14 13 3 21
20 5 6 8
6 23 27 20
16 21 13 10
4 8 9 24
6 21 1 22
5 2 10 11
10 13 14 24
9 6 19 12
13 8 4 8
9 7 12 24
27 5 8 27
15 15 4 22
15 2 23 17
13 10 20 15
26 17 17 5
17 7 15 8
15 16 5 21
19 5 15 15
20 21 22 25
15 10 20 13
6 20 21 17
19 5 9 13
9 17 3 2
27 13 22 25
10 25 13 17
2 10 21 3
8 27 13 14
11 7 22 17
4 15 7 8
10 25 16 19
4 26 27 25
13 6 25 6
26 2 16 1
10 19 20 12
9 15 1 22
1 10 21 18
23 5 10 6
9 3 14 8
26 3 27 12
5 2 6 2
14 12 24 26
26 10 1 26
19 23 3 24
6 2 23 4
6 2 15 25
4 13 18 3
24 21 12 12
6 10 25 25
19 17 21 24
12 1 23 19
24 9 19 24
19 4 2 26
23 6 22 5
10 21 15 13
18 20 10 23
1 16 11 16
20 9 8 14
1 25 2 9
14 6 22 19
14 26 24 17
11 16 27 15
5 11 8 27
14 13 1 25
8 6 20 23
20 4 5 20
14 24 18 24
23 26 19 16
20 6 20 27
4 7 3 8
23 18 24 25
15 27 3 26
11 6 5 23
18 4 24 25
10 16 18 21
19 14 27 27
21 27 6 4
19 16 13 10
11 27 13 2
15 11 25 6
17 8 20 10
22 22 13 27
10 13 25 16
20 27 13 19
23 1 22 25
23 25 23 23
13 9 25 1
18 17 13 27
20 6 24 16
14 21 22 7
2 17 9 11
3 19 22 6
12 13 22 24
22 19 12 15
21 10 19 11
24 9 3 12
24 19 23 15
1 26 19 22
25 17 21 8