27
3262
2814
2870
1440
1711
1690
1961
2335
2207
1562
3220
1949
3308
543
963
2175
2468
1534
2118
2741
735
1312
1418
1279
1444
2366
3460
380
4
18 5 8 17
12 2 25 21
15 3 5 1
17 21 6 18
23 18 11 16
12 5 19 26
6 22 21 20
15 8 24 12
11 20 16 17
27 22 18 14
20 16 10 15
24 9 24 22
5 2 15 8
17 23 23 16
4 22 13 17
19 14 25 10
12 24 4 6
3 21 15 5
9 11 14 19
3 22 4 3
23 21 1 16
1 26 2 10
16 26 8 18
21 14 6 13
15 19 10 8
25 8 24 27
27 11 25 10
1 27 9 7
13 10 19 2
26 14 27 13
16 1 1 22
20 5 20 6
21 22 7 11
10 8 12 15
3 10 8 4
8 4 26 13
23 14 3 9
13 9 2 5
12 24 9 19
16 25 15 6
24 18 3 15
1 21 7 18
24 26 22 23
5 12 20 2
12 6 24 16
9 11 9 3
12 25 5 14
7 27 8 9
21 7 27 4
6 17 15 9
25 7 24 20
20 4 10 17
1 1 27 23
22 18 19 22
25 23 8 23
26 16 25 19
14 14 9 5
15 3 11 3
21 26 15 9
8 25 23 9
23 22 27 9
5 9 22 2
11 4 22 26
18 24 3 7
22 18 2 24
13 18 17 26
23 13 13 10
11 8 7 9
27 19 25 3
18 12 27 7
8 18 22 1
16 14 12 27
20 25 3 16
15 15 7 12
6 10 6 4
18 11 3 24
5 10 2 13
13 3 23 17
9 14 17 3
20 5 22 4
12 2 5 7
26 9 23 5
20 24 10 3
7 6 10 26
18 25 26 23
11 21 25 3
24 20 13 10
22 27 23 3
11 24 23 26
1 21 13 26
1 8 22 20
4 18 24 9
22 17 26 18
5 3 25 23
19 22 15 16
12 16 22 9
15 25 9 14
15 11 16 7
2 21 16 19
8 18 26 26
23 5 6 20
16 20 6 21
3 11 1 16
9 11 22 24
14 24 20 3
10 17 14 18
11 15 5 4
22 13 25 10
6 10 2 4
8 15 20 25
6 7 18 13
5 17 20 2
20 21 4 2
1 16 13 25
17 11 1 2
16 22 25 12
24 22 27 5
4 21 19 21
1 1 13 25
17 3 7 7
6 15 13 13
20 15 2 18
10 1 17 19
6 19 13 24
25 14 7 14
1 12 25 15
2 4 3 21
13 14 27 3
26 15 20 16
7 15 23 15
16 21 8 22
7 3 14 15
5 9 17 8
18 6 1 27
10 13 17 7
9 18 6 16
8 14 27 10
23 20 25 8
2 9 13 10
7 2 24 14
15 16 27 14
10 10 25 21
24 16 5 20
26 4 1 19
4 15 2 16
13 13 24 11
15 4 16 7
26 3 12 21
10 1 27 17
25 4 23 25
8 3 15 12
19 26 3 5
21 12 1 7
3 7 16 11
13 19 23 5
10 20 8 21
18 6 13 18
8 4 10 25
11 19 12 9
1 15 19 11
23 15 16 10
3 23 10 25
8 15 24 19
4 4 26 2
1 22 5 7
11 7 4 7
19 14 20 24
10 22 21 12
16 8 5 17
20 18 6 10
12 1 20 19
5 1 23 4
4 23 15 25
10 27 11 19
22 2 1 20
3 2 20 10
19 23 7 8
1 7 13 18
21 22 9 9
20 10 27 23
14 17 19 14
16 7 8 16
6 2 9 14
8 9 5 9
22 10 20 3
17 14 22 21
24 21 14 15
21 14 2 24
20 11 14 24
11 15 5 16
4 12 17 13
19 27 6 22
8 1 8 5
16 10 12 7
23 4 3 4
26 7 22 26
18 6 14 14
12 10 2 23
6 25 16 3
25 20 23 24
25 13 15 7
2 17 2 4
26 5 27 14
6 21 26 24
17 6 18 18
17 24 13 2
22 9 5 12
4 8 18 27
13 3 3 8
6 15 21 9
2 19 6 5
3 22 5 16
27 13 23 20
19 3 14 5
9 1 9 18
21 27 21 23
8 25 18 22
23 12 4 2
20 16 1 3
16 22 17 5
20 11 3 21
14 24 7 12
24 5 13 27
22 14 16 15
3 11 12 19
11 10 27 16
22 22 5 23
6 12 7 5
27 1 19 5
23 6 2 8
24 1 6 24
15 9 21 9
17 26 27 27
23 13 21 27
2 21 22 12
14 24 10 23
17 9 19 21
20 10 4 25
11 25 22 3
3 3 13 19
27 20 17 17
18 1 5 2
6 26 8 7
19 25 11 7
19 18 8 21
19 5 10 15
14 10 21 9
22 11 7 16
6 6 21 13
26 19 18 3
17 11 4 4
18 15 27 3
17 7 9 5
15 9 1 4
8 5 22 25
9 11 7 6
26 8 26 12
3 8 8 14
1 4 7 6
7 14 2 7
18 13 24 1
22 11 17 14
25 9 25 24
11 19 22 10
24 15 2 22
2 18 23 5
9 20 11 3
17 26 13 16
21 23 23 19
1 1 20 12
23 3 9 15
27 16 26 15
6 4 20 25
27 24 16 22
19 4 6 19
7 1 11 10
10 2 6 6
19 27 9 15
18 10 12 17
20 23 14 4
11 12 1 25
21 11 17 21
5 26 25 17
7 18 5 21
25 10 3 16
8 2 16 11
2 25 7 3
8 26 6 10
18 2 25 21
10 22 18 27
8 2 5 18
8 15 18 3
23 21 18 10
4 10 6 27
6 20 17 12
20 13 6 13
19 19 21 5
16 5 2 18
26 8 10 19
15 14 7 25
17 25 10 13
25 23 25 24
10 27 23 2
4 13 16 4
13 24 26 7
19 3 17 18
4 21 2 24
26 13 10 13
4 8 10 2
2 8 21 6
24 3 4 14
11 5 20 18
10 20 13 23
20 22 11 1
11 5 25 1
7 27 16 24
26 21 15 19
22 17 17 24
15 5 14 19
9 24 5 20
21 13 1 19
15 10 18 20
26 4 5 10
1 11 12 24
25 10 24 12
27 3 17 13
14 25 6 22
18 12 6 2
1 14 24 17
3 24 5 19
7 17 10 9
21 16 22 10
22 15 4 7
1 3 22 26
3 24 19 10
1 4 6 18
21 4 13 27
7 22 7 11
1 8 3 20
21 4 9 12
21 11 21 5
17 19 17 24
11 9 5 24
2 19 9 27
11 2 18 23
13 7 21 22
5 14 11 23
10 6 21 23
8 1 2 11
15 1 13 14
13 25 21 8
19 7 7 7
17 20 2 2
21 12 11 7
2 5 3 12
23 8 27 25
15 13 23 24
1 14 22 9
11 25 24 1
18 20 10 8
3 20 5 24
1 24 21 23
2 12 8 1
22 27 8 6
9 4 2 26
8 3 6 7
10 14 6 7
8 16 17 14
10 13 22 6
23 7 23 5
3 20 2 23
8 11 7 12
8 26 25 13
16 20 14 6
12 26 25 17
18 12 8 8
12 20 12 16
1 11 25 16
19 10 21 24
11 5 22 18