27
1223
3351
3078
1558
1846
2830
2368
2937
2583
695
1979
1280
1298
648
1716
2359
1013
3275
2808
3087
1172
2555
2186
1134
424
487
3376
362
4
5 19 2 23
15 22 23 20
13 4 13 8
24 25 26 11
8 3 10 23
18 24 19 20
23 19 14 26
27 1 14 27
22 21 4 12
6 24 17 18
5 27 3 9
27 9 7 12
7 7 22 16
7 11 10 13
5 10 20 27
16 23 25 6
6 8 20 12
10 2 27 12
10 26 10 15
26 1 17 18
22 15 9 22
12 21 17 15
21 7 2 11
13 19 16 21
16 6 19 1
12 24 17 5
21 14 10 9
14 2 11 11
15 21 15 11
1 15 11 26
27 7 20 13
24 23 26 26
1 1 21 6
21 1 26 7
17 24 4 24
20 27 4 17
10 20 20 5
21 10 26 9
27 17 3 1
3 19 10 27
4 23 23 4
27 11 4 12
19 20 17 18
14 22 7 23
9 16 26 18
5 26 5 13
5 23 25 11
6 26 15 12
1 14 8 16
12 27 3 11
17 22 22 5
26 16 7 18
6 7 11 9
4 11 16 4
25 27 23 2
23 11 1 8
27 5 10 7
13 25 9 7
9 3 27 21
1 5 8 12
22 26 13 17
12 8 21 17
25 7 10 11
17 11 4 2
3 10 2 15
25 22 4 12
1 18 18 26
9 6 4 17
25 27 7 27
12 25 3 26
5 14 7 10
3 15 15 15
26 13 14 20
20 5 3 7
10 15 11 13
21 6 4 22
16 9 3 18
5 21 22 7
22 11 11 6
21 27 14 1
2 3 10 3
22 4 25 23
19 13 14 15
14 2 18 5
7 24 26 1
5 20 3 23
14 13 7 17
16 27 12 23
8 22 10 10
16 13 7 2
19 15 26 12
4 17 5 8
16 13 6 6
23 19 26 26
11 8 24 12
21 22 11 20
1 13 12 14
16 12 8 24
20 6 25 13
22 6 4 1
7 10 26 27
26 20 12 24
27 5 5 12
22 13 24 10
22 10 5 24
8 11 4 26
12 21 23 25
9 20 20 23
9 8 3 15
14 5 22 7
20 15 1 9
2 15 9 22
26 21 20 12
17 14 1 20
20 27 9 15
26 22 12 4
4 2 4 13
20 2 19 3
5 5 21 13
8 15 19 11
7 14 18 14
16 7 4 22
6 19 7 19
26 26 21 25
13 8 27 4
7 23 24 18
4 2 20 11
1 9 15 8
8 8 13 11
25 6 14 26
1 9 18 21
24 17 14 27
27 12 7 22
16 20 17 26
24 11 13 21
3 16 8 13
16 2 18 16
14 21 7 11
5 2 9 17
22 26 4 16
15 24 19 11
27 5 3 3
11 3 17 12
8 10 26 16
6 7 10 23
7 11 14 23
14 11 1 24
8 18 21 18
1 17 20 6
1 8 7 5
23 26 6 25
17 23 24 16
14 27 16 25
25 22 8 14
5 12 27 22
24 14 14 27
20 3 21 4
14 17 27 8
3 8 12 2
1 12 4 2
26 26 23 6
23 27 16 2
24 17 10 25
2 13 27 16
7 12 24 3
12 16 13 4
17 18 12 8
14 25 4 12
26 2 3 23
3 20 13 19
7 8 23 14
15 8 23 5
1 27 16 26
22 5 1 1
14 25 24 13
15 14 23 9
15 6 21 22
18 5 14 14
16 27 10 24
14 9 24 23
5 22 21 5
15 26 11 13
14 6 15 20
8 15 17 24
25 16 14 12
12 19 2 23
11 8 19 23
17 20 14 17
23 23 7 9
7 14 24 13
16 20 12 23
13 16 5 6
5 13 4 9
9 27 24 23
24 11 19 12
12 27 27 9
10 2 16 23
12 3 10 3
8 3 17 22
2 3 5 17
4 25 1 14
15 11 18 14
23 2 24 9
2 2 16 13
24 8 16 22
27 12 9 1
10 5 15 15
17 18 6 22
22 23 16 7
6 27 23 7
10 18 7 4
12 14 19 11
14 13 8 22
12 10 12 27
5 22 3 7
1 25 10 13
10 24 20 5
10 23 26 26
4 15 17 13
12 22 8 5
7 20 19 23
8 23 14 27
24 6 18 6
10 3 13 20
11 9 22 24
21 6 21 25
27 22 1 26
27 3 3 22
24 10 4 27
3 20 15 13
8 12 14 9
11 7 1 18
9 15 25 19
9 20 5 6
1 19 22 23
5 9 13 16
26 6 25 3
20 23 23 22
21 16 14 5
1 22 7 26
15 4 22 4
19 27 4 18
27 8 18 2
18 2 13 3
3 10 11 4
10 16 3 3
14 12 2 8
4 27 2 21
11 21 26 26
6 7 25 6
6 13 22 25
9 3 24 16
5 1 10 23
6 3 12 26
1 19 21 13
10 16 14 27
25 27 10 2
22 2 5 5
13 24 23 3
23 24 6 3
2 20 14 15
9 7 12 10
1 18 22 18
11 17 1 16
25 6 15 14
14 6 4 15
19 15 20 4
19 13 20 6
27 8 21 13
1 20 25 25
5 13 7 13
16 12 8 11
8 11 27 14
5 12 5 21
26 13 26 3
9 5 6 8
3 13 2 22
11 3 22 10
11 10 20 21
5 25 13 3
8 17 9 9
17 5 12 20
14 15 10 7
5 22 27 4
16 4 15 14
4 13 27 8
20 7 5 6
8 26 19 21
23 8 3 6
3 16 10 5
5 17 3 25
26 27 22 4
14 17 1 27
20 15 8 3
19 21 19 26
18 19 5 25
4 7 21 23
3 19 24 7
18 7 21 11
24 16 18 23
21 1 24 10
21 25 1 4
27 6 18 3
14 16 20 4
1 8 9 18
16 25 12 25
3 13 12 27
2 16 9 5
15 7 16 2
1 22 26 6
2 14 6 26
18 24 25 24
16 15 27 23
11 21 3 6
9 14 6 24
26 20 23 26
17 7 9 8
9 8 11 22
6 6 13 20
4 20 25 11
7 23 22 9
17 26 6 9
26 1 21 3
8 3 20 23
3 18 7 20
16 25 10 15
25 8 1 14
7 16 10 10
17 17 9 3
23 25 7 3
24 7 11 8
19 19 27 17
20 4 15 10
17 12 19 24
5 5 16 13
2 4 25 5
8 10 6 19
7 26 10 25
17 23 23 5
24 26 16 17
7 6 1 20
5 2 15 24
17 9 14 17
26 18 2 20
23 19 23 14
27 19 10 1
25 22 4 2
13 11 15 21
27 24 22 16
12 20 22 4
18 6 12 8
20 1 3 20
18 7 5 27
22 17 24 17
3 2 19 8
4 23 9 7
24 15 9 4
16 24 7 27
18 8 6 13
22 10 21 17
22 1 11 24
21 24 16 22