27
783
1673
2018
1546
1303
1988
1944
2917
1771
2648
3045
3522
2693
3048
1530
1402
2359
1045
3339
898
2048
639
3144
2416
1814
3333
1723
353
4
13 3 17 6
19 10 27 6
21 15 25 24
18 27 9 10
10 19 26 10
2 21 27 22
9 20 7 2
18 12 25 25
24 3 9 9
22 20 10 12
27 25 4 21
11 12 12 22
8 16 12 19
7 7 8 13
13 17 2 26
6 27 6 25
1 16 22 1
23 15 26 10
10 7 5 3
13 4 19 26
15 7 27 27
24 5 5 12
3 21 7 11
5 14 19 3
1 10 7 26
16 21 21 12
10 11 20 12
18 3 4 26
20 5 25 1
13 18 18 5
26 22 10 26
8 18 18 8
11 22 24 6
13 21 10 12
8 25 16 21
5 17 17 10
24 25 15 1
17 20 6 14
26 21 11 6
7 16 1 24
5 22 11 22
11 7 4 17
21 9 7 26
2 1 26 6
19 17 22 11
22 21 9 26
22 15 20 7
13 23 1 11
6 3 13 18
19 15 12 4
1 6 10 25
1 7 1 7
14 6 16 6
13 23 4 15
20 25 26 24
21 1 5 25
5 18 14 27
16 4 21 7
2 22 11 16
5 5 20 18
3 12 20 27
2 22 18 24
18 5 10 2
4 24 25 19
18 3 15 24
1 26 5 19
16 27 17 12
27 22 1 27
20 18 19 9
2 25 6 20
13 12 14 17
8 14 14 13
27 24 4 12
17 23 1 21
6 10 24 16
5 5 1 19
9 21 10 16
7 24 20 5
9 27 2 20
21 15 20 20
1 20 9 26
1 17 6 21
21 9 9 5
4 7 13 19
23 26 10 5
25 4 1 27
26 9 17 6
22 1 18 9
7 18 22 8
22 9 3 20
27 18 3 20
25 27 2 17
26 11 24 9
6 4 4 5
21 5 20 5
2 20 23 22
24 16 26 12
13 24 27 6
16 21 18 21
4 17 2 17
3 9 23 22
8 13 20 13
3 19 15 5
5 14 11 22
22 8 5 22
15 2 16 22
18 19 25 2
17 18 5 16
15 12 16 1
4 13 1 1
6 3 25 6
4 19 3 27
10 3 14 9
18 27 12 8
18 4 1 6
5 10 27 22
2 7 14 6
1 6 8 9
9 9 2 9
21 26 13 23
5 7 20 14
26 16 25 24
20 15 2 13
10 18 16 4
10 10 23 1
26 11 15 27
10 6 1 3
6 6 22 20
18 10 23 15
19 25 13 24
20 10 25 16
7 5 23 20
23 14 3 10
17 1 19 23
6 22 14 22
12 12 8 8
2 22 19 18
1 19 5 23
5 3 24 12
11 2 26 18
12 4 5 11
25 2 19 23
23 3 7 20
14 15 2 16
15 17 9 18
3 27 11 5
6 14 24 26
21 4 17 25
18 8 10 13
7 6 7 26
2 22 20 18
8 2 2 10
9 12 16 15
2 10 23 1
2 7 21 8
12 26 2 19
18 7 9 5
7 7 14 12
8 5 26 26
10 27 8 9
2 4 14 3
21 23 2 16
14 16 17 11
10 21 7 12
4 15 9 15
5 25 21 6
17 8 9 3
18 4 13 1
11 15 20 27
21 18 6 3
16 7 24 25
11 21 24 1
25 26 23 6
18 27 15 7
5 19 14 3
12 23 7 23
17 24 20 27
19 4 17 23
5 21 21 22
22 9 15 22
22 25 22 5
3 2 12 19
26 5 27 15
20 11 14 23
10 15 23 13
18 14 19 11
22 5 2 17
19 27 26 17
2 7 3 23
4 8 24 3
9 17 7 17
17 7 17 11
7 16 16 27
18 11 3 3
24 14 11 22
9 4 4 15
14 6 19 9
13 26 11 3
14 16 12 25
2 27 20 18
18 11 15 21
27 20 11 22
25 11 6 14
4 27 15 8
20 16 5 1
26 27 7 15
8 23 20 3
14 2 20 5
5 24 14 2
1 18 20 25
12 10 21 5
9 13 12 27
27 12 20 4
5 21 1 18
3 10 17 6
22 18 5 26
1 25 13 14
25 5 25 18
14 19 26 25
4 11 27 18
25 9 24 23
3 22 22 21
15 3 18 20
21 6 15 4
8 20 3 5
20 17 4 5
13 16 2 7
12 5 25 2
21 18 15 22
16 26 23 1
4 13 7 1
17 27 21 8
24 7 8 23
23 9 17 18
20 1 18 25
15 6 10 8
26 15 1 14
7 16 1 23
27 10 20 27
20 24 27 15
11 4 17 17
19 23 10 21
19 15 6 6
4 6 19 14
27 11 15 19
7 21 8 1
21 18 18 5
11 24 24 24
26 15 4 7
7 22 3 1
5 19 19 10
11 4 2 14
7 11 24 10
21 11 22 20
2 7 3 26
9 2 19 25
18 10 13 14
1 9 15 19
5 27 24 9
2 16 25 5
23 11 18 21
6 7 18 8
14 7 4 10
19 14 20 1
5 19 4 18
5 17 22 24
20 13 14 18
22 15 23 19
20 17 21 12
7 13 22 27
5 10 3 7
23 2 13 4
12 8 26 8
2 5 11 9
11 12 14 23
5 16 12 27
24 18 19 23
6 14 10 15
15 12 13 3
12 20 25 23
22 1 9 21
8 25 18 14
13 5 15 10
17 21 1 9
20 27 11 13
4 11 22 24
4 16 21 21
6 5 3 19
18 22 26 19
6 18 15 12
5 2 10 13
19 3 8 13
24 26 21 20
7 23 3 21
5 11 1 20
16 7 24 1
5 19 4 6
13 16 18 6
10 22 5 1
11 21 20 26
7 3 11 8
13 1 22 7
1 17 17 2
3 1 8 12
9 12 25 4
16 20 15 27
15 11 25 11
22 17 20 10
24 5 23 24
14 26 27 26
27 17 22 11
3 6 27 20
22 15 20 14
27 14 23 18
16 11 5 26
3 22 2 23
13 4 14 26
10 27 8 21
13 15 8 11
2 27 9 1
23 4 27 6
4 6 8 16
27 12 16 6
23 5 27 4
25 25 24 15
25 9 21 3
26 5 4 1
20 17 7 7
2 13 21 25
10 5 6 7
27 17 9 11
1 11 16 10
8 25 23 3
1 17 23 25
27 1 24 21
11 26 25 8
26 9 15 13
1 10 24 23
24 21 24 15
23 15 22 3
5 7 8 10
6 13 11 1
26 6 13 20
15 4 14 7
19 27 18 18
12 23 6 25
9 12 10 1
6 4 6 1
9 16 8 20
6 19 3 25
11 23 5 18
20 12 15 13
18 2 4 1