27
3175
3538
2240
918
2461
1756
2967
1309
1817
1853
1602
1871
1295
3181
652
3463
3487
2660
1720
2132
2533
1831
1467
1906
1560
916
3406
345
4
10 5 26 15
1 21 23 11
23 6 23 22
20 27 16 4
1 22 19 23
13 1 21 9
16 24 18 10
26 3 14 12
12 12 25 3
7 6 24 11
18 10 6 27
20 4 3 16
22 25 3 2
7 12 5 2
12 22 13 12
7 25 26 22
16 7 2 19
12 1 4 26
12 16 1 15
16 7 21 11
12 26 21 14
13 20 27 9
17 17 26 5
26 6 14 8
11 7 18 16
4 22 6 24
23 23 7 16
9 4 15 17
6 9 9 5
7 10 22 25
8 1 18 2
9 15 7 20
11 5 17 16
5 25 13 24
10 16 9 27
15 3 12 23
10 9 10 25
22 20 2 10
25 11 20 17
9 6 16 5
27 19 15 7
13 13 14 1
4 18 18 16
7 13 12 15
26 3 22 13
23 9 7 24
19 9 2 9
14 2 20 2
1 8 20 23
1 4 2 4
2 10 10 9
2 18 24 26
19 27 15 6
20 22 15 24
27 12 7 9
6 21 13 15
13 21 23 5
18 16 18 5
1 7 19 15
18 15 11 26
5 21 26 3
4 10 10 11
9 22 19 17
2 3 1 11
13 13 14 9
23 21 8 10
17 8 22 13
6 12 19 8
9 1 17 21
21 26 8 16
15 4 9 16
9 3 12 2
8 18 25 8
13 21 14 4
7 16 26 5
20 12 20 14
18 18 24 15
25 21 2 19
11 14 24 8
13 8 15 10
4 11 9 27
24 4 19 15
13 14 15 14
24 23 12 15
8 12 22 26
17 10 27 9
19 16 21 23
6 1 23 20
25 24 3 11
2 24 18 9
8 19 10 26
16 17 1 10
9 3 24 6
20 19 2 12
11 20 18 13
1 27 16 13
18 15 20 11
17 9 21 20
9 14 26 14
5 26 27 27
11 25 23 7
24 26 27 10
3 5 26 23
8 11 15 18
24 4 6 2
19 27 20 26
4 26 18 18
1 13 11 7
19 26 19 2
27 18 3 4
26 21 20 22
25 22 23 14
11 24 25 7
7 17 11 1
11 11 6 15
23 11 16 8
25 12 26 18
17 8 24 6
21 3 11 8
23 9 10 27
24 21 21 5
12 10 12 17
25 13 9 13
16 4 2 22
9 26 19 4
9 18 4 23
14 27 14 14
19 20 20 7
10 24 22 6
6 10 18 2
4 23 12 8
22 11 20 1
12 1 6 17
2 5 18 21
16 3 26 1
25 3 9 15
14 25 14 5
19 20 17 15
17 24 14 20
8 24 20 23
9 8 20 22
8 2 17 3
1 18 18 6
5 8 1 4
5 17 4 24
14 15 9 5
8 9 10 18
2 8 24 18
15 1 3 19
4 10 20 11
5 19 17 21
9 11 14 27
22 5 22 19
9 7 24 25
10 26 23 15
27 20 21 1
1 15 15 14
25 20 13 2
19 27 5 6
9 19 2 1
4 13 9 12
26 19 17 3
12 8 1 24
21 25 21 24
11 12 21 3
27 5 21 5
2 5 2 13
7 8 8 15
14 8 22 16
20 25 20 15
15 21 24 23
3 22 7 15
16 20 7 13
5 4 20 5
21 24 26 10
6 14 17 25
10 6 17 8
3 2 17 14
1 26 15 27
17 24 13 13
11 6 7 20
17 12 2 26
24 23 13 10
23 14 1 4
9 13 24 2
5 15 5 17
19 26 5 1
4 1 24 20
25 3 20 18
27 5 5 23
10 15 15 19
19 15 15 23
6 20 10 13
25 5 2 24
9 19 20 9
4 7 23 16
10 21 7 11
18 1 18 6
23 7 5 9
1 6 2 15
27 11 1 19
18 15 24 23
13 7 19 4
15 17 7 27
6 18 3 8
10 21 20 4
22 1 17 11
15 15 10 15
24 10 25 4
6 11 17 15
17 21 13 23
19 23 16 22
4 22 7 16
9 8 24 11
24 17 18 8
22 10 16 1
3 7 20 15
18 20 5 26
9 27 1 12
24 5 10 12
23 13 8 23
22 3 26 27
14 4 27 14
24 13 25 24
13 2 7 27
23 3 6 11
24 4 26 14
26 6 1 18
8 5 6 5
5 4 15 26
13 14 18 3
7 10 27 7
21 11 13 8
24 11 26 5
17 6 16 24
9 22 4 3
27 4 19 1
1 19 5 26
11 2 4 20
13 14 23 14
10 22 4 23
24 8 11 12
13 26 16 9
15 22 12 20
17 20 13 15
26 6 22 9
13 21 26 14
13 25 15 26
7 11 7 9
1 27 26 24
17 6 11 2
20 5 14 22
26 12 18 11
13 3 9 21
9 3 21 21
22 12 24 2
17 1 26 24
17 6 24 6
4 4 26 14
23 17 9 5
16 1 15 24
25 4 21 5
9 10 21 26
10 7 1 23
23 4 12 20
11 11 8 9
8 17 8 17
11 17 1 27
15 12 10 15
12 3 24 27
15 6 27 24
26 5 26 17
22 7 4 3
3 12 25 25
1 13 7 6
9 17 18 6
9 11 13 4
7 4 23 14
2 13 25 19
25 8 14 10
14 20 5 14
10 1 26 2
6 16 6 21
16 20 13 5
1 7 10 16
23 17 13 24
19 25 18 16
5 18 12 20
27 14 21 17
17 22 14 9
10 10 15 20
23 13 26 10
17 24 14 12
14 27 11 27
22 2 27 4
4 4 22 24
22 22 2 23
2 10 13 9
18 4 22 16
23 19 10 2
22 20 27 24
14 6 11 1
27 5 10 21
25 7 6 7
24 16 4 1
12 20 12 25
21 15 20 21
27 18 25 27
7 6 27 1
23 3 4 21
19 1 7 23
9 17 26 18
19 5 3 15
26 25 4 19
3 2 2 4
24 21 6 3
14 8 13 19
13 25 22 2
16 3 6 11
11 8 1 15
2 11 16 10
10 27 20 3
25 27 18 23
1 19 1 3
1 25 6 15
18 22 12 6
24 23 25 26
5 25 1 26
13 19 17 25
27 17 1 18
24 4 6 11
11 23 7 23
22 24 5 27
18 23 7 3
15 4 4 15
5 8 13 13
11 16 8 24
3 2 6 23
5 6 6 24
26 9 15 16
23 18 10 14
16 8 19 13
18 23 12 7
16 25 4 21
7 6 24 4