27
1987
2638
998
816
1538
2115
1836
833
2101
2259
1743
2245
1887
3276
1287
560
1109
2701
3328
802
1780
2981
2450
2059
2504
1082
1544
305
4
24 5 25 18
23 12 3 23
12 16 5 14
18 3 21 2
20 3 10 22
22 12 14 27
18 9 7 24
14 5 24 20
1 1 12 25
1 9 21 15
22 25 18 3
24 19 25 13
13 24 9 4
15 5 26 18
11 18 5 4
20 7 22 19
2 20 23 15
2 22 22 26
24 23 5 14
27 6 18 21
20 13 19 11
17 23 6 12
20 13 12 23
5 10 2 26
3 22 24 24
15 1 13 14
2 27 8 1
2 15 11 14
5 11 21 5
10 7 10 9
16 12 18 27
13 11 17 4
17 26 19 14
18 26 17 19
25 13 27 22
9 9 22 13
15 6 21 26
27 11 2 18
27 26 16 20
22 7 6 13
22 6 8 12
8 3 13 16
12 20 11 15
15 4 14 19
7 20 24 23
23 6 27 4
1 11 4 19
11 13 3 3
9 4 19 18
17 27 2 17
16 7 9 9
10 1 16 2
21 2 3 5
14 10 18 7
12 4 20 17
13 11 18 10
5 15 27 6
19 22 24 14
20 23 20 1
6 8 20 24
7 2 10 24
27 23 3 26
22 12 21 25
6 5 7 9
1 27 20 1
11 6 3 13
17 13 19 15
5 3 17 11
26 9 22 1
19 16 7 18
23 15 22 23
11 20 23 27
16 1 13 19
7 4 12 12
11 27 18 12
14 9 23 5
5 2 23 13
2 19 20 25
23 20 14 11
24 22 4 3
11 8 6 20
4 9 16 26
19 16 12 8
14 17 10 25
12 19 17 4
13 25 1 16
18 20 4 26
13 18 7 13
24 10 2 10
20 10 18 4
21 21 7 13
24 18 1 19
17 12 5 18
19 8 24 20
21 5 26 6
11 1 2 21
3 9 11 19
2 11 20 16
27 10 24 23
9 23 1 9
13 19 3 1
25 4 20 27
11 15 15 22
22 11 10 18
1 13 7 13
8 14 24 5
4 21 22 21
22 2 12 2
22 3 21 4
9 9 27 2
19 7 8 15
18 2 1 17
15 11 19 9
22 10 23 4
16 23 7 24
1 19 17 22
4 2 9 5
8 17 13 23
24 17 14 8
6 22 23 24
25 10 13 10
13 25 1 3
7 20 7 15
21 4 4 12
22 13 26 22
24 17 12 4
18 7 19 17
14 23 10 27
25 23 19 3
4 3 8 20
5 12 12 4
6 22 1 4
17 10 2 26
3 6 19 22
20 11 2 13
15 17 24 13
18 9 12 26
12 15 24 14
23 12 2 11
3 15 6 13
8 5 9 12
5 24 1 9
19 12 4 17
23 4 19 16
27 21 6 7
27 20 6 20
5 8 23 11
10 9 17 10
25 8 8 2
24 15 19 21
11 13 3 7
24 5 18 19
6 2 16 2
27 15 3 20
17 7 5 2
18 19 5 1
6 20 24 21
27 22 5 11
23 26 27 1
25 5 19 13
16 20 22 25
2 6 21 18
10 5 11 1
3 17 17 20
20 27 6 24
18 22 19 10
21 10 11 22
15 12 26 6
19 23 27 27
10 14 25 17
8 11 26 15
14 27 24 11
18 5 2 8
7 13 2 16
14 22 8 15
1 14 13 5
22 1 7 1
22 4 9 11
24 3 22 8
3 2 18 13
19 2 9 22
26 17 19 13
15 2 22 2
18 12 6 11
10 20 1 6
27 7 8 22
23 20 1 8
10 18 4 5
14 8 20 22
9 12 14 4
22 1 11 20
26 17 26 14
18 21 26 25
5 19 11 6
19 24 21 3
3 2 10 4
11 13 11 11
17 25 17 19
6 24 26 20
1 12 16 11
22 12 7 14
18 27 1 9
7 14 14 12
25 7 1 14
21 11 22 26
22 23 21 14
17 23 25 24
3 17 6 22
17 15 27 7
7 7 14 11
6 3 25 7
6 3 16 14
15 16 4 6
18 7 18 1
24 8 25 11
10 12 23 2
3 15 6 24
8 25 19 21
25 23 20 7
18 20 25 9
12 18 3 17
2 22 21 25
8 10 6 25
14 19 5 10
22 14 18 15
21 5 18 21
7 20 18 23
10 11 26 5
1 10 13 5
5 5 24 18
16 16 4 22
18 2 2 2
24 12 23 17
4 6 14 6
16 12 6 3
14 5 18 17
13 19 9 1
23 20 11 21
26 5 15 19
21 20 12 1
9 25 4 10
9 12 19 21
11 11 11 22
19 12 27 16
16 6 15 26
13 9 23 25
1 21 8 18
24 20 21 17
1 22 20 8
8 15 6 24
13 20 20 7
15 20 23 17
8 16 23 21
10 23 19 9
4 25 19 25
25 3 11 13
22 4 13 26
18 16 6 19
22 27 6 17
21 24 6 13
14 24 2 13
9 20 2 4
26 20 4 8
10 2 24 26
20 11 24 13
3 23 19 8
21 12 10 5
17 2 16 18
24 15 3 1
1 5 5 21
8 12 21 21
13 24 11 7
17 9 15 12
16 16 19 2
13 22 20 20
14 5 12 10
17 6 8 4
6 14 18 12
4 9 27 12
10 22 25 25
18 13 8 23
18 6 18 15
22 21 18 11
5 4 18 14
6 21 2 13
13 27 19 20
15 26 14 9
15 11 21 22
22 23 13 3
23 17 10 20
26 13 24 21
19 2 5 19
16 13 18 21
2 8 27 22
2 10 19 12
10 13 21 24
11 23 14 2
8 9 21 15
15 10 12 20
14 1 19 16
27 24 4 18
21 12 6 5
10 2 23 16
1 27 13 19
7 7 15 1