27
3188
3446
1660
2759
3012
1219
2316
1799
1992
1466
3003
1771
1451
2595
3012
2438
1391
2834
3248
1800
561
3495
716
2490
3466
1845
2206
359
1
26
17
2
27
13
10
2
11
1
26
25
10
4
15
15
11
11
21
27
23
19
13
10
25
7
12
10
5
7
6
21
12
10
17
2
6
17
7
27
18
6
2
6
20
13
13
17
24
20
10
1
6
16
16
12
20
4
17
4
5
11
5
24
22
23
16
20
2
20
2
18
25
1
21
26
16
15
5
21
22
9
4
21
17
19
21
23
18
27
23
3
16
21
27
8
27
4
16
25
24
26
9
6
23
18
3
18
1
21
18
8
8
6
12
19
15
10
8
11
16
1
10
20
23
24
18
15
24
19
24
15
6
13
15
21
11
9
2
25
19
23
27
19
27
26
19
7
27
22
14
22
20
15
14
8
17
16
27
27
3
13
26
22
24
20
9
23
25
17
9
12
8
26
18
2
4
20
18
4
17
19
21
13
22
8
13
8
24
16
3
23
1
19
2
17
14
25
4
1
26
21
11
18
22
5
3
14
8
24
25
13
5
1
14
27
21
2
14
5
20
11
9
7
18
21
26
16
5
2
5
16
12
11
22
21
13
11
19
23
23
27
1
16
13
7
12
11
6
7
19
7
21
14
16
12
6
27
18
7
23
17
23
24
2
12
3
17
1
6
2
27
24
5
16
15
17
2
1
12
19
23
7
27
7
13
1
7
21
5
9
17
21
11
17
17
26
16
1
14
13
1
26
18
23
3
4
3
12
17
24
14
25
4
15
5
23
15
23
16
13
25
12
26
5
19
21
16
5
13
16
21
14
15
8
4
19
20
24
21
1
3
1
10
22
2
27
5
20
4
9
3
13
12
24
18
9
21
9
21