27
1358
1375
3124
1171
2433
773
2476
2820
1370
2321
1689
789
2130
2653
1019
2566
403
2162
801
976
3126
2421
1025
2035
2309
3406
2581
346
4
11 20 3 24
14 24 18 13
19 6 10 1
15 3 3 26
8 23 25 22
24 5 10 14
4 8 10 1
21 10 9 5
20 27 10 16
19 2 16 4
22 5 21 8
5 22 12 20
7 26 18 23
22 9 9 18
25 8 5 1
13 18 1 25
16 12 16 18
10 3 11 1
17 18 8 24
4 25 1 25
8 10 15 3
19 3 4 22
10 24 25 15
24 20 15 16
11 16 10 23
22 20 20 18
8 15 8 14
27 16 19 27
14 3 19 25
9 22 10 13
3 3 5 11
26 13 5 22
5 8 27 5
3 19 2 1
1 22 17 24
8 13 25 11
6 19 9 4
18 3 21 27
2 24 8 8
27 23 4 25
1 9 18 17
12 5 25 20
14 12 3 22
1 8 25 26
8 2 9 3
27 17 23 8
22 10 27 14
19 18 11 13
13 3 23 8
21 14 1 6
17 1 12 22
9 25 16 25
7 9 15 22
8 22 27 6
26 22 15 8
20 3 5 21
14 24 11 22
27 12 15 23
19 24 26 27
7 2 1 12
23 26 10 19
7 17 3 26
22 26 13 25
23 27 10 17
7 21 18 13
11 7 6 12
14 11 5 20
10 15 5 27
16 26 16 24
27 23 26 11
5 22 21 7
14 8 3 18
4 16 16 4
11 26 5 14
2 20 5 12
6 26 15 8
3 10 27 7
20 13 4 13
20 24 21 3
14 11 13 9
16 7 21 20
19 6 16 15
20 11 18 3
6 7 3 25
10 10 7 5
1 5 23 26
4 7 21 4
27 26 23 22
2 8 17 7
4 5 6 17
5 3 13 18
9 13 11 21
9 19 23 20
8 19 27 12
18 9 5 4
12 4 11 22
19 8 7 25
2 2 10 17
11 21 19 10
20 14 16 6
10 24 23 1
18 1 26 26
13 1 27 15
27 3 14 8
9 17 27 3
27 24 7 26
3 20 24 14
13 15 7 4
16 19 21 23
1 12 3 14
26 12 2 5
3 10 22 1
25 10 18 1
14 9 15 18
20 1 2 16
20 10 10 2
10 5 7 17
4 7 18 1
8 17 9 24
25 14 19 1
11 7 17 24
20 11 14 14
12 25 4 14
25 1 14 4
15 10 8 6
7 24 21 14
22 22 12 15
11 27 10 11
27 25 25 22
12 7 2 9
8 15 10 11
3 11 16 12
5 25 9 12
21 14 14 1
9 19 26 8
25 27 26 11
14 13 4 16
8 9 16 1
5 18 18 10
20 7 25 23
5 25 18 2
13 23 19 3
12 17 1 8
24 6 19 25
16 4 17 6
3 15 7 10
11 26 20 21
6 18 23 10
21 14 19 7
10 3 10 11
5 8 24 7
20 13 23 13
20 24 26 18
21 18 13 15
9 21 5 13
11 3 14 6
7 19 8 9
16 6 25 19
4 1 24 3
22 17 23 27
18 12 20 8
22 17 12 14
22 20 25 7
10 22 1 15
24 19 12 19
24 21 10 27
19 8 16 2
20 13 25 15
13 14 14 4
2 20 18 17
22 6 24 3
17 2 27 26
10 15 3 7
18 14 20 17
26 16 9 2
1 25 10 10
27 24 4 11
9 4 8 12
22 8 17 11
27 6 2 27
10 20 12 22
11 21 2 14
23 11 11 6
26 26 6 18
9 8 21 1
9 23 22 1
2 19 4 13
6 5 3 11
15 19 4 14
2 13 2 20
24 18 18 6
7 23 1 9
3 21 10 13
5 9 8 6
16 27 14 10
4 18 3 13
5 7 19 5
2 7 23 22
23 18 16 25
5 27 8 15
9 11 7 24
3 25 3 26
6 9 6 23
3 9 17 21
13 17 19 3
15 13 24 4
2 16 22 4
16 23 20 16
5 19 7 10
14 24 3 18
22 2 24 23
2 12 3 2
25 8 15 5
10 11 11 26
7 15 2 13
25 7 23 7
25 19 26 22
8 6 13 17
11 18 1 6
18 2 5 17
6 5 6 11
6 7 23 21
5 7 25 7
1 17 15 3
11 23 3 14
1 18 12 21
10 16 21 25
17 7 24 17
12 24 1 5
15 24 6 7
26 14 14 12
4 9 1 24
16 1 17 19
6 22 17 19
26 6 12 17
1 25 19 27
11 8 6 9
19 25 26 2
9 6 10 19
26 15 16 18
12 19 16 20
2 20 16 1
2 3 5 22
18 23 25 13
8 1 9 23
21 11 14 18
6 1 7 19
23 6 7 4
3 1 16 18
10 14 5 3
26 22 1 3
6 10 3 9
8 24 20 19
23 24 7 6
9 12 3 2
10 11 20 26
8 23 13 26
15 6 8 6
15 25 8 20
25 1 5 1
11 24 20 16
10 10 19 22
27 3 9 8
4 4 19 26
27 19 12 2
1 24 22 27
7 1 14 15
17 17 6 5
6 1 26 25
2 25 24 25
7 19 8 4
26 10 13 6
5 12 17 20
21 5 22 12
15 14 1 6
27 9 16 18
1 22 18 16
7 7 18 6
9 16 1 2
26 18 27 11
27 26 22 10
5 9 2 11
25 24 11 12
16 12 11 27
26 2 12 13
22 27 4 10
14 18 16 17
12 20 11 24
23 26 22 15
21 2 3 22
27 3 8 21
13 22 14 8
15 1 23 9
18 27 15 24
19 1 7 16
27 3 22 15
6 23 9 21
17 25 11 10
12 13 19 19
14 23 2 20
20 24 19 17
18 12 24 22
21 3 2 9
16 26 12 3
16 3 17 8
18 5 14 26
16 1 17 12
10 16 27 13
10 23 25 10
15 3 23 7
21 26 12 15
6 16 1 13
5 21 23 8
5 17 16 13
12 2 2 7
5 1 8 19
21 14 16 21
10 5 23 4
15 27 9 1
15 6 14 10
27 27 24 3
1 9 14 25
15 14 17 15
19 13 27 12
19 27 22 2
16 22 22 18
4 26 20 18
2 11 21 8
24 17 11 11
19 25 6 2
4 21 5 4
22 18 9 13
24 18 18 24
5 24 17 3
3 13 18 8
24 8 3 26
1 14 25 12
7 25 14 4
18 11 3 23
6 1 17 21
17 12 19 12
4 19 18 9
24 16 26 13
7 5 27 15
16 5 20 16
4 19 19 16