27
1473
807
1877
964
2244
1918
1081
3004
2888
2339
2114
1816
3513
3050
1059
1959
1821
2372
2619
3493
587
976
2354
1276
743
3060
3080
341
4
26 25 1 18
25 18 7 16
19 14 19 10
14 1 22 10
25 21 10 25
23 12 21 13
13 16 25 26
11 23 16 1
24 9 1 7
2 13 6 12
12 23 11 25
8 6 22 24
4 7 18 16
11 5 13 22
27 12 16 7
26 16 9 23
12 16 7 10
13 5 27 7
6 1 11 13
2 4 22 10
27 8 1 16
16 24 27 14
15 17 20 18
1 11 18 3
14 21 10 25
21 3 11 4
1 10 6 24
15 6 11 18
5 21 24 12
16 15 22 14
24 22 3 15
26 3 11 9
6 3 4 10
10 13 18 17
9 21 1 1
4 1 16 14
19 9 6 6
9 1 10 24
17 15 20 17
25 8 24 13
4 2 9 10
23 1 16 23
24 23 14 22
19 4 23 23
1 22 8 22
6 15 14 12
24 10 25 18
11 9 3 20
6 22 25 7
20 13 12 11
7 4 9 17
2 20 26 13
11 19 8 5
13 16 17 9
1 15 16 26
11 10 22 23
16 14 17 15
13 4 8 3
24 8 15 12
26 16 14 19
1 13 4 16
1 16 16 22
24 4 21 23
9 4 27 18
3 17 9 7
26 1 10 4
16 16 19 8
7 21 14 11
16 21 22 17
6 18 5 27
21 7 3 20
12 6 24 22
23 1 22 10
12 1 12 16
23 14 20 19
26 12 20 17
25 13 25 26
27 22 6 25
25 20 25 15
9 25 6 21
21 15 18 24
25 11 1 16
27 15 7 10
11 8 21 20
8 15 19 3
22 20 10 6
12 5 22 19
12 15 24 14
10 12 23 9
6 1 25 21
11 10 14 8
7 14 6 23
1 1 15 4
27 17 15 24
1 4 5 22
22 14 13 27
1 13 12 27
24 18 24 23
20 16 6 4
6 16 24 12
6 14 7 20
18 22 25 26
1 13 13 13
2 12 23 27
4 11 15 3
18 24 27 13
27 15 22 13
27 21 3 10
18 1 11 1
18 21 6 22
10 18 8 23
16 13 8 10
2 8 13 6
16 9 4 3
21 7 5 7
5 25 14 3
16 19 6 8
5 14 27 7
13 4 17 12
7 13 15 16
17 17 3 16
4 26 26 8
8 5 19 8
7 12 17 22
12 6 11 15
9 23 7 9
23 26 24 9
3 10 15 15
8 8 13 26
9 13 1 22
27 8 26 21
15 20 18 15
15 15 3 3
24 5 8 10
4 22 20 1
11 5 2 11
6 4 26 17
24 23 19 23
12 20 6 17
11 15 23 1
10 22 26 7
23 7 11 15
22 2 19 22
17 11 22 22
13 14 2 23
20 25 20 21
21 26 4 9
11 14 24 1
18 15 9 22
7 3 17 19
26 5 6 25
20 10 13 5
19 13 11 6
4 22 24 8
14 21 22 26
2 5 6 4
5 8 16 1
20 1 7 13
5 16 4 14
21 14 7 12
13 7 5 24
6 25 24 21
25 9 10 24
25 5 9 1
17 24 9 18
13 10 4 17
12 8 4 3
19 11 11 22
15 26 13 3
24 14 24 3
24 13 4 7
1 9 4 21
17 25 25 18
7 4 17 22
1 19 19 20
19 18 13 26
2 1 18 20
21 5 13 23
27 6 4 6
21 16 2 10
2 17 24 18
14 5 17 24
11 12 15 16
20 15 16 25
8 26 24 21
14 20 10 14
17 13 1 26
10 27 18 2
21 15 12 1
4 6 23 22
9 7 16 14
10 27 18 8
10 7 10 25
6 25 2 6
20 8 17 1
9 5 17 7
9 26 26 12
7 1 23 12
17 22 4 23
19 7 13 4
23 16 24 7
27 4 2 18
10 10 25 26
1 8 11 4
7 15 26 8
4 10 11 10
17 24 26 8
16 8 7 27
5 21 24 27
19 5 3 22
23 4 25 16
1 9 18 18
12 12 4 10
12 21 6 7
19 5 7 19
24 24 24 21
16 24 2 25
17 20 4 4
6 12 17 25
14 2 27 11
25 13 16 22
22 11 7 16
16 6 10 26
22 6 10 9
13 13 25 26
12 17 7 25
20 9 24 12
24 20 8 14
18 18 15 7
8 2 25 3
20 3 24 10
14 14 8 7
20 14 22 6
18 1 5 11
16 23 15 17
2 26 3 10
20 8 15 1
11 13 2 21
20 23 18 8
4 12 12 4
15 9 26 2
17 8 19 20
18 5 3 1
15 19 9 26
7 12 8 11
18 22 25 2
27 10 1 6
21 15 25 23
2 16 5 20
27 16 2 23
1 1 15 20
14 17 17 4
22 1 6 24
19 26 7 22
7 23 16 2
17 23 9 7
24 15 18 2
27 11 4 11
23 8 27 17
1 11 13 4
8 27 25 25
14 16 18 5
1 22 25 16
17 24 11 25
11 2 22 19
27 14 23 15
18 26 23 17
16 12 18 23
1 4 14 3
8 9 8 19
7 15 1 17
4 4 8 4
3 26 14 10
1 15 12 3
9 8 17 12
10 23 1 3
19 14 8 2
18 12 17 27
27 10 16 18
4 26 11 7
6 8 23 27
15 12 17 9
1 22 14 26
16 14 5 26
7 4 25 2
21 14 23 4
23 15 22 22
2 20 18 9
10 6 22 12
3 22 11 14
1 4 27 3
19 24 23 26
4 25 9 2
15 23 7 8
19 9 26 27
13 3 17 27
2 13 15 8
25 8 27 23
2 25 22 25
2 13 20 26
11 18 16 16
25 26 10 2
21 5 8 16
1 4 5 14
21 21 17 24
24 27 20 23
15 14 16 16
14 16 3 11
15 19 3 2
23 15 16 16
10 4 18 8
14 24 15 12
3 14 24 23
24 23 12 15
13 25 19 21
9 27 8 14
9 18 2 24
2 2 13 19
27 22 15 23
8 9 22 1
8 3 20 26
20 23 20 11
19 21 6 6
24 25 10 27
1 5 17 23
14 23 5 21
10 14 26 23
1 8 20 19
8 11 10 12
2 27 6 8
18 22 5 14
12 7 3 18
24 19 26 5
13 23 21 27
26 5 3 8
25 9 1 18
1 8 27 18
2 17 5 26
8 13 18 1
3 24 1 24
25 13 8 26