27
839
796
1181
2195
2867
1512
1947
1112
2999
3239
3491
2437
3181
3476
1742
2308
2444
1085
544
1972
3219
3375
1671
1443
2228
2883
2349
358
4
20 21 8 24
2 11 18 1
8 12 22 8
2 12 13 27
20 5 16 27
1 22 7 9
3 25 11 20
16 8 11 23
8 20 24 7
22 16 23 25
6 9 11 5
21 21 14 15
25 7 4 9
22 15 1 9
21 10 15 3
24 19 14 9
8 15 5 18
4 5 8 20
12 13 6 27
22 13 23 10
1 9 24 10
4 7 17 19
6 3 1 27
1 19 17 1
1 24 17 14
15 9 22 10
2 12 10 8
13 7 10 2
25 10 8 17
25 3 12 2
14 20 10 3
21 5 23 2
27 26 19 20
11 3 4 24
3 1 15 2
5 5 27 7
26 7 24 9
3 11 10 9
17 19 15 10
9 23 12 25
26 4 5 18
20 16 15 15
27 12 20 6
5 7 16 7
13 4 18 11
21 26 18 24
27 2 3 12
6 12 6 25
11 4 20 5
21 13 20 23
13 4 11 1
25 12 15 8
14 5 3 25
11 13 3 25
22 26 13 7
27 24 6 8
9 6 19 26
24 14 1 12
26 17 10 23
5 27 26 21
10 11 21 5
10 8 27 11
12 22 23 3
25 10 26 15
8 20 17 18
1 27 6 5
25 13 4 25
25 15 26 3
22 9 24 5
4 23 9 18
26 7 18 26
10 12 2 1
23 2 15 15
7 12 20 21
14 27 13 15
8 11 10 14
25 3 17 18
20 16 24 6
20 17 7 27
17 11 26 22
4 26 19 20
11 9 22 25
10 19 13 15
11 15 16 11
26 10 21 11
27 18 16 27
19 18 3 20
17 9 8 22
13 23 26 15
13 11 2 23
11 17 22 22
23 23 24 8
16 13 6 3
26 8 24 24
1 25 23 8
7 2 1 4
10 16 27 7
1 20 16 16
1 20 21 12
16 20 10 23
17 16 1 14
6 7 16 7
8 10 4 4
5 20 4 20
7 6 16 10
22 21 11 19
1 27 6 7
8 14 25 10
3 5 22 26
16 17 26 4
20 18 23 24
24 10 18 12
25 21 17 14
9 8 27 21
27 22 6 17
14 12 12 25
2 9 6 27
20 13 11 18
22 9 9 19
26 14 27 21
11 13 1 12
26 21 7 16
14 5 5 27
25 6 4 9
4 26 18 13
7 19 27 24
1 14 4 10
12 12 8 22
7 5 23 13
20 23 5 9
23 14 16 8
23 5 4 14
17 22 23 24
1 9 23 23
14 21 20 14
5 15 27 24
14 11 3 12
8 26 25 24
18 14 26 9
9 3 18 3
20 4 8 6
1 21 11 9
1 24 25 8
22 15 4 22
1 18 1 2
19 9 4 5
15 12 2 11
1 8 11 25
19 8 26 9
7 10 8 24
13 14 20 3
17 26 8 4
3 27 1 12
25 6 21 15
26 27 27 10
5 1 7 7
8 22 11 7
8 22 12 6
10 11 2 8
1 8 12 6
27 16 6 17
18 18 3 16
12 1 19 3
7 21 8 11
11 4 10 2
9 18 8 10
1 15 13 15
12 9 17 11
4 20 24 18
1 7 19 20
20 1 14 1
4 21 10 12
25 10 21 5
19 4 21 10
14 24 20 2
18 9 15 27
25 2 27 15
18 19 3 6
20 19 12 22
6 12 6 19
24 3 25 18
7 3 1 11
22 18 11 2
21 10 1 3
11 9 10 24
8 18 14 4
6 9 21 23
17 21 3 3
6 25 11 18
13 8 17 5
19 6 26 23
6 9 19 22
17 20 20 17
3 12 26 14
25 18 1 19
9 17 14 3
14 18 7 7
6 12 4 2
23 3 22 15
4 21 15 2
15 7 3 26
8 18 16 11
5 21 10 5
15 16 6 27
3 1 27 16
3 4 7 23
2 14 9 9
23 22 1 7
12 10 9 9
25 12 23 27
11 25 8 14
8 18 24 10
1 7 16 25
4 16 22 19
6 19 18 15
15 12 7 27
1 9 13 21
21 9 19 20
1 10 18 14
18 2 25 18
9 24 1 20
3 7 24 23
2 11 11 26
8 22 2 2
18 16 7 25
11 25 11 12
16 18 22 17
23 20 1 13
17 21 19 5
14 14 4 20
4 9 17 27
17 5 2 12
2 15 18 27
17 14 12 1
4 1 7 17
20 14 23 21
19 24 24 9
16 20 12 9
16 1 4 7
8 1 14 4
10 4 11 17
20 14 1 2
8 3 20 22
19 8 8 26
3 25 23 1
6 16 2 20
15 3 16 19
11 23 2 1
3 4 2 2
12 17 13 6
7 26 11 27
12 10 2 10
24 20 4 3
9 15 1 9
22 9 20 8
20 16 22 9
16 1 4 9
13 10 1 21
20 6 18 23
4 24 3 8
9 15 17 7
14 1 21 16
16 18 16 22
19 26 4 18
24 19 13 27
19 22 20 17
17 3 15 13
25 17 11 13
18 15 5 10
21 3 14 15
12 25 8 5
7 26 14 25
5 10 14 27
1 11 10 25
10 24 8 25
27 14 3 18
23 24 18 22
4 27 16 15
25 2 23 7
1 1 27 3
1 27 14 15
20 21 9 25
7 7 2 27
15 9 20 21
23 23 20 4
2 5 15 2
5 23 13 6
21 13 17 5
19 25 14 18
6 14 22 13
2 8 6 6
2 13 20 25
4 12 26 6
18 15 23 9
18 15 1 5
26 9 10 3
19 4 24 15
12 22 3 14
10 18 25 22
23 16 11 17
10 11 26 9
15 16 4 13
24 12 4 22
18 11 11 7
6 14 27 27
1 7 27 8
14 21 20 2
9 16 7 8
12 16 3 7
21 10 9 5
12 13 25 7
2 24 25 1
2 18 10 22
22 12 8 1
26 25 10 21
9 10 27 16
23 4 10 27
11 4 17 20
11 27 13 12
13 6 6 15
6 19 20 8
12 25 27 10
27 25 12 10
22 22 11 23
12 20 8 16
24 19 9 5
24 1 11 18
9 20 13 12
10 23 27 4
10 10 7 2
23 25 25 8
17 20 10 8
2 2 18 13
19 22 1 15
13 1 7 14
4 3 25 8
15 3 4 8
6 20 5 27
9 9 21 10
14 23 9 14
14 18 13 24
21 14 15 18
7 24 14 20
26 1 10 1
16 8 16 9
15 24 2 24
20 14 21 26
11 26 20 1
27 1 21 11
15 16 25 6
27 14 17 4
3 3 15 1
25 12 4 12
25 19 10 12
22 13 27 16
22 26 20 13
12 1 6 25
16 3 10 27