27
785
1399
787
2716
454
1101
609
1784
3033
1243
2107
2075
2628
2662
2059
3266
1248
1217
2070
994
736
3173
627
3210
2762
485
2834
325
4
1 23 6 23
25 10 10 27
3 17 1 24
14 25 9 1
2 21 10 2
16 25 19 6
9 8 23 14
9 25 21 11
27 25 26 20
20 4 23 26
13 17 6 24
23 23 6 18
24 8 18 26
6 17 22 17
7 24 5 2
9 9 15 15
15 2 16 20
21 18 1 10
19 19 8 5
4 13 22 20
24 22 10 4
10 21 1 23
21 10 14 8
22 8 18 5
21 27 1 17
15 4 16 14
20 18 21 3
10 3 14 8
26 5 19 14
14 24 8 13
24 3 22 11
21 16 21 15
9 15 9 8
23 24 17 17
16 15 2 9
1 9 23 17
17 4 13 6
21 7 12 10
7 7 10 4
12 25 5 20
14 9 24 21
20 13 9 8
27 24 1 5
27 11 2 25
11 6 17 26
14 23 17 5
11 18 1 5
17 5 10 23
7 27 19 27
7 27 26 14
26 12 25 20
15 9 2 23
18 6 10 15
2 27 13 2
13 9 15 25
12 23 8 4
18 15 14 20
24 9 18 26
5 17 23 7
10 8 11 7
24 15 5 11
10 7 6 4
2 8 11 4
9 16 6 11
14 15 17 9
6 1 27 14
5 11 21 26
18 4 19 24
2 19 15 3
23 1 3 1
1 4 22 25
27 17 23 7
19 23 21 14
22 3 3 25
6 9 3 7
7 13 10 1
9 15 26 16
4 20 13 21
5 25 25 12
23 19 14 13
25 19 8 12
27 11 19 25
2 2 7 20
13 26 1 7
27 27 13 7
1 16 19 22
23 12 18 20
10 5 19 3
17 24 8 7
22 18 1 17
12 3 8 10
12 19 7 6
8 14 18 11
3 10 22 13
27 4 26 21
2 22 17 12
6 9 19 26
8 26 12 23
12 8 7 24
26 21 25 8
22 14 5 1
17 16 14 14
20 26 17 15
7 26 4 20
18 13 14 12
1 23 3 16
25 1 26 7
26 23 15 10
14 21 2 7
12 5 2 3
13 20 26 21
3 20 21 25
19 16 18 20
15 26 5 12
13 18 1 8
21 25 4 10
4 26 3 23
5 5 14 20
27 7 23 1
9 1 16 18
11 1 15 17
12 10 5 25
25 24 11 5
14 24 4 15
10 23 20 17
2 24 24 14
23 9 15 25
13 20 16 6
7 13 16 15
16 7 7 3
1 15 11 7
2 3 26 22
18 7 1 24
10 7 16 8
20 27 23 11
5 11 14 12
9 4 15 24
6 19 19 22
4 5 27 26
22 13 18 19
7 14 7 21
19 22 4 17
18 20 15 6
9 22 23 4
25 26 14 22
18 25 13 7
6 5 10 10
15 21 25 27
4 21 3 6
5 1 8 27
23 8 5 20
23 26 21 26
16 9 18 3
9 1 15 13
4 2 5 19
18 9 11 27
15 18 27 26
12 23 23 10
20 18 4 6
12 6 11 13
4 12 27 6
2 27 23 19
8 13 27 26
8 27 6 12
9 11 18 21
6 8 14 26
17 14 14 12
6 27 14 2
22 17 10 14
11 17 19 11
7 23 21 13
21 24 9 14
18 24 26 12
27 10 2 19
5 10 27 10
18 3 3 8
5 16 19 13
18 22 15 4
5 8 20 13
4 9 27 16
14 11 9 12
6 14 25 20
3 4 24 14
27 13 14 3
9 26 22 8
5 17 10 10
1 20 9 17
12 9 6 12
14 8 21 19
4 5 15 25
5 25 23 22
13 6 9 8
6 20 10 1
23 20 2 24
22 19 1 10
15 15 16 2
24 13 4 23
21 6 23 18
4 15 26 9
17 15 15 6
27 13 7 12
5 23 3 12
22 2 11 2
4 20 13 20
24 22 19 21
20 22 19 1
10 3 4 19
12 24 19 5
4 25 1 1
17 2 22 15
22 13 3 16
19 9 27 4
21 21 3 25
5 3 16 27
13 2 18 10
12 9 8 8
12 4 21 21
26 23 17 24
21 19 6 7
25 12 26 4
20 26 16 27
16 7 7 27
10 7 9 21
16 25 4 1
5 25 3 26
2 5 21 27
1 13 23 6
25 24 13 19
1 15 27 22
7 21 27 10
10 16 6 2
27 3 11 15
26 6 9 8
21 4 15 4
20 21 27 21
15 26 22 24
21 16 15 1
4 6 9 20
7 22 21 1
9 24 15 1
12 7 8 25
25 22 1 11
21 15 8 27
16 11 6 20
4 5 24 27
26 10 14 16
16 15 21 18
14 6 7 19
17 25 5 21
11 14 16 14
3 21 26 22
13 8 6 13
7 6 19 19
24 13 14 20
3 20 26 25
5 10 25 21
6 11 6 5
1 15 4 21
8 3 17 21
15 12 1 8
5 23 26 27
13 22 20 27
22 9 3 27
10 19 8 15
7 13 20 18
22 3 1 16
27 9 11 24
27 7 21 26
7 9 10 16
19 6 23 16
12 20 12 17
21 2 14 15
13 7 19 5
4 27 6 10
5 3 10 26
21 3 18 16
11 5 21 3
18 2 11 25
27 4 20 8
26 12 10 3
17 8 8 22
23 7 18 8
18 8 27 22
25 10 4 17
22 13 13 11
10 6 3 8
7 5 4 3
25 26 26 19
21 2 10 4
18 27 14 17
14 18 17 25
11 27 9 24
8 20 25 6
15 27 2 19
16 17 24 26
22 15 23 20
17 21 5 17
22 3 11 15
14 20 21 9
2 25 3 6
9 4 27 4
3 23 25 16
17 10 9 1
10 7 19 12
27 15 4 8
14 1 21 5
24 11 22 5
15 19 5 2
13 22 18 13
9 23 11 13
5 2 14 25
25 25 24 8
24 25 14 25
11 8 17 12
17 8 12 23
26 19 15 21
9 8 6 21
27 5 4 13
6 17 9 19
19 2 17 16
23 4 13 26
3 12 19 6
19 9 4 3
1 5 2 23
5 14 6 22