27
1186
2119
2934
3251
533
2657
1415
1714
1308
1285
1959
3107
2424
601
3026
1940
816
1862
2786
1210
1514
3031
1543
1075
3021
1134
966
339
1
1
24
20
26
26
27
25
3
4
3
23
8
7
2
25
27
3
25
12
12
7
13
13
24
24
14
26
26
9
6
10
20
17
15
8
13
9
16
7
8
26
5
2
27
13
16
19
11
24
17
21
22
1
4
2
26
21
4
7
9
3
24
16
27
26
3
2
3
17
27
7
7
16
11
11
3
9
16
8
19
1
14
27
22
17
11
4
9
1
17
27
7
13
17
18
24
16
10
16
18
24
16
25
5
16
21
15
22
23
25
25
19
24
27
9
2
3
10
22
27
14
16
26
2
1
27
5
6
8
9
9
24
10
3
23
26
8
1
8
27
5
27
21
25
18
2
15
8
26
10
16
8
14
7
18
25
16
26
5
3
14
14
21
17
8
22
15
4
1
26
11
11
15
2
5
8
20
14
5
27
7
4
24
24
2
24
27
3
3
24
7
1
27
27
23
17
24
19
5
23
23
21
3
6
3
8
1
23
10
11
23
27
21
19
5
22
5
7
11
15
12
4
9
5
11
9
4
14
19
22
11
4
19
14
17
7
21
2
5
1
16
2
15
10
15
5
14
22
26
11
9
8
16
15
18
13
20
24
4
21
23
22
17
14
12
17
13
21
16
6
11
23
8
12
19
8
23
2
3
19
22
19
11
23
26
15
18
15
15
21
15
15
22
14
6
24
25
15
10
2
13
14
9
14
1
27
22
2
15
19
19
26
9
13
6
16
25
6
2
26
20
25
19
9
6
18
19
15
7
4
23
1
10
21
24
19
3
26
27