27
1554
1430
1344
781
2344
579
1205
2226
1524
2438
1026
3081
1764
555
1985
2482
3205
2264
1900
419
781
1358
1040
1875
1083
2114
2107
320
1
17
26
5
3
9
6
22
23
27
17
6
26
25
24
4
8
27
10
26
15
12
17
15
5
15
17
1
17
25
7
12
5
15
9
2
4
16
18
12
10
23
2
3
10
22
9
13
27
17
2
21
12
24
20
15
23
13
23
4
22
10
26
10
24
6
13
3
7
17
18
13
20
23
8
9
11
13
13
4
25
24
23
12
16
17
14
16
22
10
8
11
2
23
2
6
3
5
6
2
22
6
1
14
11
5
27
21
8
1
25
11
25
7
26
22
7
6
9
23
11
14
8
8
27
9
7
14
17
13
11
27
21
12
18
14
13
22
3
3
11
5
3
21
22
24
10
19
20
19
17
23
22
3
11
10
26
4
22
14
14
18
23
11
8
14
21
26
17
4
6
4
23
20
3
21
15
7
14
14
14
3
12
21
12
3
25
2
22
18
26
11
24
23
4
22
12
2
11
9
16
20
8
11
10
8
16
4
24
21
27
5
6
22
14
26
11
4
22
7
24
24
25
27
3
4
12
20
25
11
4
17
17
4
4
14
2
19
12
3
20
26
18
24
14
21
23
13
2
10
16
7
3
6
14
7
9
13
9
8
6
16
24
25
15
5
5
14
5
15
7
8
16
6
6
14
11
1
21
21
15
25
26
6
15
25
1
8
5
23
17
2
1
5
3
2
1
25
14
18
13
26
17
10
27
14
3
27
21
6
3
22
25
9
10
20
27
20
23
11
6