27
2845
1477
1684
2834
764
706
1524
3244
2893
736
1075
1358
3070
2313
1399
2502
2368
577
3080
2768
2703
3076
1818
3468
1231
677
2718
311
4
7 5 27 8
11 11 18 15
7 11 17 16
24 3 11 13
17 6 5 14
11 3 5 2
12 21 20 9
13 1 14 13
16 6 21 23
7 24 20 15
20 6 16 20
22 18 7 7
12 14 7 23
24 14 5 6
4 3 16 18
21 11 19 17
21 4 2 12
19 24 2 3
14 23 2 3
20 16 23 20
10 10 4 20
7 8 25 12
6 19 17 5
16 21 22 15
3 26 13 19
19 3 3 6
3 3 20 4
25 25 2 5
20 15 18 18
21 6 27 10
19 16 9 22
13 20 24 5
18 4 23 5
16 5 3 23
14 18 23 4
8 5 3 20
6 14 20 8
19 9 15 15
24 20 14 24
18 25 19 15
1 2 16 1
5 1 8 20
1 23 5 7
1 14 7 23
20 8 14 18
15 26 8 23
7 23 27 6
27 22 1 10
4 12 15 12
8 11 8 4
21 22 15 18
8 22 16 1
15 27 6 20
20 6 9 14
13 17 22 25
25 4 26 8
8 6 27 25
11 14 17 14
24 27 18 12
15 2 5 3
8 19 6 18
9 14 17 20
4 3 2 5
1 27 23 17
19 11 11 3
12 24 4 10
14 17 22 27
23 24 9 18
20 8 1 5
25 11 21 3
16 10 16 8
6 16 11 11
14 8 1 13
22 18 8 17
22 22 6 27
24 20 15 6
12 14 8 14
4 2 4 27
6 5 11 25
11 14 8 11
23 25 12 16
15 23 3 14
26 19 12 13
3 27 6 24
23 4 2 2
14 10 2 17
2 26 2 20
26 15 24 18
6 26 5 12
16 7 18 13
27 22 4 6
17 10 18 13
20 23 23 18
21 8 26 5
1 2 25 9
11 6 3 10
20 8 9 23
13 16 23 10
21 20 15 21
3 19 5 18
12 9 27 17
2 26 15 19
23 24 14 22
2 22 27 8
12 18 9 14
2 10 16 14
11 18 11 12
3 7 16 16
26 25 23 25
7 25 5 25
17 10 5 9
4 2 20 27
25 23 20 25
6 24 17 14
18 4 12 19
18 8 18 12
9 5 24 13
17 25 7 14
1 20 27 6
14 9 13 12
23 11 5 11
25 6 8 7
10 24 14 12
8 7 5 7
15 22 12 10
13 11 2 3
10 7 20 7
9 16 20 23
1 21 25 7
17 5 8 19
22 21 12 27
2 20 20 2
24 12 23 26
4 10 16 6
16 10 17 23
16 11 8 14
12 19 21 2
4 24 27 10
10 12 20 21
23 18 6 12
5 14 17 14
4 20 11 27
6 13 13 3
3 11 12 13
14 12 11 19
13 19 17 15
21 5 27 21
23 20 11 25
4 13 21 20
25 9 14 6
2 7 18 10
22 15 25 18
26 26 15 26
26 16 9 19
15 9 24 24
6 15 11 10
13 4 7 2
20 25 4 5
6 5 4 19
9 19 22 19
21 9 13 15
23 8 17 27
3 8 25 13
11 12 5 23
14 9 25 4
7 2 27 20
25 16 11 1
14 24 20 20
14 21 14 23
27 21 27 22
21 23 26 5
19 9 25 16
13 11 4 5
24 1 7 4
9 18 8 23
16 15 3 4
26 20 7 5
3 26 13 18
16 5 9 18
3 19 18 8
27 26 1 11
4 2 25 11
27 3 7 2
20 24 14 12
1 3 4 21
5 23 10 13
12 14 17 20
27 15 8 6
8 5 10 23
23 17 14 12
15 5 18 4
15 7 1 11
14 9 22 2
19 13 20 8
26 2 17 3
3 21 22 27
6 21 18 1
22 1 12 20
6 27 20 22
27 15 8 8
19 15 18 8
24 24 10 14
7 10 19 20
18 20 10 10
26 26 6 20
8 4 5 10
16 14 2 19
22 18 5 7
18 14 8 7
26 5 22 18
9 1 27 25
12 16 21 23
22 4 11 12
25 10 13 26
8 20 11 22
12 6 13 26
24 25 5 19
1 13 11 10
23 3 5 21
1 5 14 17
9 21 2 9
5 6 21 22
18 22 23 5
27 2 24 4
16 1 17 15
15 25 13 25
17 1 19 23
22 9 4 10
18 1 11 9
13 6 14 15
3 3 8 27
1 14 10 5
18 24 21 15
2 23 23 7
26 18 17 24
6 27 20 11
8 21 9 23
1 15 24 21
2 10 21 6
12 16 25 22
9 20 19 2
7 3 3 21
2 15 19 18
14 19 10 10
20 6 18 6
4 10 5 3
23 10 25 13
4 16 25 5
2 19 26 8
12 3 4 11
3 17 13 13
14 9 15 23
23 26 17 2
1 5 19 21
15 9 10 12
3 24 12 1
14 4 3 1
6 20 19 11
6 16 2 7
25 1 20 12
2 17 5 25
8 2 6 19
4 2 18 2
9 26 6 7
3 23 16 7
12 22 8 13
25 14 10 8
18 13 2 3
7 20 25 16
1 18 10 7
27 16 2 23
8 1 14 15
26 18 25 18
8 19 19 18
11 22 17 14
24 18 6 15
4 3 21 19
16 17 13 21
12 7 21 17
12 1 25 19
2 14 24 13
5 24 3 5
22 20 17 3
11 27 10 26
24 19 23 20
6 22 24 11
1 1 14 16
20 8 9 2
5 4 12 12
11 20 24 18
18 21 27 24
21 4 9 7
26 18 20 8
10 15 27 16
15 15 2 16
10 26 22 2
8 5 18 5
9 16 26 17
20 10 17 19
13 2 9 15
7 8 15 19
9 21 25 22
13 24 11 21
4 8 20 15
6 15 1 11
5 13 17 14
23 24 18 6
23 3 19 6
16 25 9 6
7 8 11 12
8 8 15 23