27
2708
829
1247
617
3069
2072
1923
1846
1856
1726
3146
1380
2987
2121
1304
3053
3098
2527
3326
1617
1588
2143
779
2468
938
463
3331
338
4
22 20 10 2
4 15 24 20
3 27 7 12
20 14 16 15
19 13 7 27
17 5 2 13
19 23 15 12
7 26 2 20
13 6 24 27
11 8 17 3
12 10 12 6
7 15 20 2
3 22 20 9
9 4 19 25
17 15 13 17
12 20 12 23
10 18 10 13
1 25 19 7
21 14 19 18
17 26 1 3
1 20 12 16
15 17 26 21
17 27 7 2
25 2 5 10
6 17 4 7
17 11 3 18
4 19 4 5
23 5 12 17
9 11 13 4
27 18 8 2
5 7 5 19
27 25 8 17
24 16 11 2
5 25 5 14
14 20 21 18
1 9 25 21
25 18 10 25
21 3 14 9
27 25 9 18
3 18 14 11
1 2 19 25
16 15 26 16
25 12 7 20
5 3 15 22
7 1 5 3
21 16 16 12
25 18 24 5
14 24 20 8
16 7 11 18
10 16 25 17
12 2 5 25
21 11 9 18
1 17 17 12
2 10 7 25
21 21 17 1
5 1 11 26
26 25 5 1
4 13 13 23
16 16 6 8
8 8 6 4
3 24 19 8
10 5 11 7
1 3 1 15
9 9 26 19
24 10 9 24
20 12 17 26
3 23 16 8
9 25 10 23
1 18 15 15
4 12 23 17
1 12 3 7
23 25 16 18
12 2 11 13
20 19 22 25
14 18 19 5
7 1 20 2
17 25 2 2
3 8 17 1
25 12 26 2
19 9 11 24
4 1 22 15
9 7 12 13
1 21 7 23
26 5 15 13
23 13 15 22
18 27 4 6
9 25 14 8
17 3 14 25
5 11 18 7
21 22 3 10
26 21 1 26
27 10 5 18
1 19 3 16
19 2 5 13
12 7 9 21
8 3 15 25
20 6 24 15
16 3 19 25
4 15 13 12
4 20 9 25
24 26 24 8
15 7 20 23
24 15 14 24
18 21 1 4
6 15 3 10
22 5 7 27
7 10 25 21
25 6 12 4
17 11 17 12
17 4 24 5
7 11 8 3
15 8 19 7
1 2 19 20
1 3 24 23
4 12 6 25
21 5 14 14
4 7 24 22
17 2 11 11
23 19 7 2
21 1 27 20
18 21 9 18
6 1 15 17
26 14 14 25
16 15 5 2
4 11 11 25
8 1 11 18
17 14 7 14
21 3 6 13
4 5 22 21
21 23 7 7
17 16 22 5
23 25 16 22
21 13 25 16
19 7 13 23
4 7 16 14
4 3 27 19
19 23 15 19
27 11 14 15
24 15 21 26
2 25 3 14
16 5 23 10
26 27 10 4
2 18 18 2
27 17 24 2
11 26 20 24
11 22 10 11
24 2 26 2
12 19 4 16
7 6 1 22
17 26 10 13
17 22 15 16
3 19 13 1
14 8 25 21
26 22 25 11
23 11 24 4
13 13 23 13
27 3 23 4
8 1 16 26
3 1 24 19
4 1 11 7
12 12 25 20
4 22 3 24
7 3 13 6
11 14 25 23
10 27 13 15
23 8 2 20
3 9 18 3
17 2 7 20
8 3 10 9
16 6 19 1
1 16 11 15
17 19 12 8
7 10 2 14
18 6 11 4
27 22 13 19
26 25 2 10
24 1 9 23
4 12 18 9
25 3 2 25
22 16 7 17
18 19 12 21
11 11 20 17
27 24 2 9
27 1 18 11
14 26 11 26
7 16 11 27
17 10 16 21
14 26 4 7
21 10 5 21
25 5 2 27
11 17 2 7
15 25 19 9
15 18 7 4
9 16 22 14
14 7 5 21
12 15 9 25
17 24 25 16
23 5 24 24
19 2 27 21
27 1 23 1
5 16 6 24
23 14 9 2
16 4 16 3
18 7 12 19
7 13 16 27
2 14 3 9
3 5 21 7
26 25 18 23
6 6 19 6
21 8 10 1
13 3 17 17
24 3 4 14
11 15 14 3
7 2 7 13
2 6 11 3
15 17 15 26
23 7 18 22
15 8 7 19
5 4 10 15
23 21 17 16
9 6 11 26
19 25 17 5
23 15 5 12
8 23 8 24
11 22 20 18
23 26 6 10
22 26 19 15
27 13 3 2
19 7 24 16
16 12 15 7
12 27 8 11
19 7 26 3
26 24 8 24
12 1 20 11
16 23 13 24
8 20 23 26
8 22 7 20
15 23 8 10
2 22 21 17
10 20 1 15
6 5 5 12
2 12 8 9
16 6 22 24
12 8 3 10
1 12 6 10
1 11 27 22
6 26 27 11
1 20 17 26
7 19 16 13
25 5 21 5
14 13 15 22
6 22 20 15
13 9 15 6
6 3 23 11
24 11 14 21
19 19 7 10
26 17 17 21
15 27 20 1
19 5 21 22
20 14 12 11
1 22 18 21
10 22 24 4
8 25 16 25
3 17 23 14
12 9 15 11
1 16 16 2
5 9 8 18
22 15 16 4
1 20 3 15
7 7 11 7
8 21 13 2
12 26 11 23
10 5 24 2
2 19 20 16
4 21 27 21
22 22 9 2
12 24 17 9
15 13 8 1
8 24 2 13
8 8 10 21
24 2 12 13
3 18 18 3
14 12 11 26
13 14 19 25
3 1 19 19
1 18 10 15
20 22 24 24
5 6 6 27
5 2 10 26
10 27 17 6
12 10 27 16
22 3 11 4
14 8 16 18
4 21 10 13
16 6 26 22
23 11 20 7
26 27 13 12
12 6 8 7
3 19 26 15
2 18 3 18
7 19 11 20
25 9 12 18
13 17 2 19
16 21 12 10
3 2 12 5
12 27 7 2
13 15 26 4
22 15 13 11
19 4 6 10
3 5 7 8
23 7 8 8
16 13 11 6
6 17 16 10
14 10 13 26
14 19 21 11
4 6 26 27
20 17 10 22
14 21 13 19
8 17 18 11
4 9 8 16
3 15 7 22
24 7 4 9
10 6 19 7
25 16 4 23
19 1 4 8
21 26 8 2
19 13 4 22
20 13 17 2
8 6 15 1
17 10 5 17
16 10 10 10
13 26 22 11
18 24 15 6
7 18 20 9
25 17 7 20
8 5 16 1
20 12 20 19
22 4 6 2