27
721
2529
2297
3462
1254
2829
3031
2074
2788
581
807
2427
2090
570
630
933
1493
2732
1867
3163
3069
1015
1492
868
854
2124
2770
326
4
10 26 6 8
20 18 13 15
3 2 4 16
12 6 8 20
21 21 23 1
2 25 13 17
23 20 9 15
7 24 17 22
9 13 15 1
23 1 2 3
16 24 19 7
8 6 1 16
8 3 12 20
2 18 1 18
26 6 26 7
22 27 23 5
21 16 14 14
16 15 3 20
22 19 3 26
22 10 22 26
6 20 9 8
9 22 4 22
3 21 27 20
24 26 2 2
21 14 17 11
26 27 19 8
3 10 10 19
11 20 13 5
2 26 20 27
22 26 13 1
26 14 9 19
18 6 10 9
8 19 4 17
4 22 6 8
13 6 14 24
16 25 7 16
20 18 23 21
6 1 9 17
25 15 1 15
19 22 9 18
14 14 10 14
6 12 11 18
19 22 1 27
1 23 26 24
1 16 10 21
18 22 21 17
6 21 7 12
7 24 12 16
3 19 2 2
8 25 17 9
26 8 17 4
12 13 5 15
16 9 4 15
13 25 11 2
15 4 15 21
2 25 15 6
7 26 3 20
22 15 24 21
16 5 7 22
12 24 17 23
2 10 13 12
11 20 17 13
12 5 3 22
2 25 8 18
6 18 3 4
20 25 21 27
14 27 10 8
1 24 15 23
22 4 4 26
6 14 5 15
23 19 3 18
8 10 15 6
20 11 14 22
26 24 20 9
4 18 17 23
10 8 23 4
22 22 26 18
24 1 26 11
12 23 4 2
15 5 16 22
11 21 15 7
26 22 21 8
27 20 9 12
27 16 13 27
15 21 9 15
19 23 22 2
6 24 24 21
17 23 12 25
14 15 10 20
10 27 15 9
23 2 6 8
21 2 26 8
6 13 25 17
17 14 19 4
2 12 23 2
22 21 17 16
7 11 15 17
22 16 25 18
5 27 5 22
8 8 8 23
22 15 6 22
12 13 25 22
2 3 5 20
7 23 10 23
4 2 18 26
5 14 22 12
2 6 13 6
22 4 26 27
2 27 19 8
18 26 10 14
15 27 16 26
6 11 11 24
24 26 8 22
3 13 8 7
3 14 24 2
23 23 18 12
23 22 20 10
16 16 17 4
22 27 27 25
4 27 27 3
9 18 6 16
25 5 2 19
22 15 18 21
16 16 11 20
16 15 25 10
20 8 8 5
12 11 9 21
1 4 17 26
22 2 7 7
25 2 19 9
22 25 19 15
8 8 15 5
12 21 18 6
20 8 22 25
20 14 9 2
11 4 5 13
21 14 8 15
4 26 25 9
2 16 26 14
24 10 27 9
5 24 12 11
17 4 2 18
23 24 6 12
6 4 21 3
20 20 19 23
19 7 19 3
21 25 3 17
17 22 20 8
6 18 5 21
4 17 10 25
4 4 3 13
16 12 4 23
26 14 3 23
25 22 27 10
7 18 13 10
23 13 17 12
10 1 15 20
3 10 13 7
15 22 1 27
9 20 9 19
18 12 25 1
21 23 7 5
27 23 15 20
15 23 11 17
2 4 15 15
20 20 27 6
7 5 16 7
18 24 24 21
19 21 17 16
1 11 14 16
16 16 6 9
24 25 23 12
16 24 17 25
18 15 10 9
9 17 15 19
4 21 13 5
26 18 16 6
27 16 27 11
25 6 25 2
16 5 9 21
3 10 23 20
23 7 13 13
27 15 6 10
9 16 26 6
9 3 17 1
5 18 26 21
11 1 3 21
24 6 2 19
3 16 6 6
22 14 26 18
1 21 25 2
16 20 1 17
21 9 2 9
11 25 8 13
20 7 12 15
15 18 5 11
11 14 27 12
12 11 6 14
16 14 6 13
10 11 19 8
12 6 17 3
19 23 9 15
2 8 17 22
21 12 2 26
24 10 8 23
22 2 23 22
6 6 4 16
3 23 14 1
25 13 13 5
3 9 12 8
6 4 6 25
27 25 1 25
13 22 2 20
1 20 2 9
16 14 1 19
10 1 21 26
27 11 6 10
26 9 23 23
7 8 18 26
21 14 10 23
12 18 17 21
3 10 21 16
21 23 16 2
9 14 25 5
3 25 17 18
5 27 7 17
27 25 20 7
24 17 7 16
18 2 12 19
10 3 14 13
3 27 12 18
5 15 9 10
8 12 26 2
12 14 6 6
9 22 10 21
7 15 13 22
6 11 6 9
26 23 6 6
9 19 14 22
20 15 22 13
17 9 13 6
12 15 19 8
24 3 26 10
24 2 22 15
19 3 10 18
22 22 17 10
1 10 10 21
2 21 21 11
12 13 7 4
9 11 13 9
12 19 25 13
25 9 14 10
4 25 1 13
26 7 23 8
24 3 27 13
14 24 8 10
17 22 19 3
14 26 23 1
17 16 8 22
16 15 4 1
3 24 23 14
9 2 2 7
14 19 8 25
17 25 10 4
16 23 27 17
14 11 23 2
8 19 2 11
10 4 11 14
5 23 22 22
18 10 13 2
5 7 18 24
10 3 17 13
17 17 13 9
3 10 14 8
11 16 19 14
4 10 21 16
7 22 26 15
14 7 22 20
21 24 27 11
4 27 1 13
11 12 17 26
1 22 9 26
5 14 9 16
13 17 15 3
7 19 14 1
25 4 11 16
21 20 25 27
4 14 2 12
11 22 8 15
3 11 16 26
23 26 18 6
15 27 27 14
20 18 21 4
23 25 23 13
11 26 19 5
7 4 19 1
17 17 24 2
14 15 16 23
16 8 21 18
5 25 26 6
8 2 1 19
26 2 1 2
3 11 27 19
7 12 27 21
3 26 2 13
9 20 24 3
27 10 9 14
2 20 5 11
22 24 18 10
5 8 11 10
19 1 20 4
14 27 15 1
10 24 22 14
17 4 12 5
6 5 27 21
15 12 19 11
18 6 19 27
20 4 1 3
22 7 1 17
23 1 10 12
10 25 27 27
20 18 7 24
14 17 1 8
18 8 6 23
1 15 17 7
15 8 16 5