27
2242
979
2830
802
3479
685
1281
861
2961
547
546
1634
1156
3398
2588
3060
1076
1430
728
2511
500
784
3451
1586
2902
2132
2627
292
4
19 10 1 24
27 23 12 3
10 22 26 19
22 14 2 15
3 7 10 22
17 3 23 3
12 20 19 9
26 7 11 22
5 6 15 24
7 12 14 11
12 12 15 4
12 25 11 1
10 8 26 16
9 8 4 26
10 9 19 13
10 16 6 15
17 21 27 19
25 2 14 10
17 11 10 12
1 5 11 10
15 5 24 4
9 16 12 2
7 26 2 26
27 4 19 19
15 1 17 27
16 15 26 16
20 10 12 24
18 3 2 11
21 25 25 14
5 4 22 12
14 14 23 3
16 22 7 8
5 3 19 2
22 9 5 15
23 2 2 18
17 1 14 18
20 2 13 25
10 10 27 13
2 8 6 21
21 23 9 21
20 3 16 1
23 15 23 16
22 16 22 4
15 19 10 25
26 6 14 11
12 1 15 27
27 24 25 16
4 11 17 1
8 8 12 12
18 26 5 19
7 20 9 12
25 8 9 27
12 8 15 19
14 8 15 23
14 17 10 13
3 6 15 12
9 16 1 10
4 2 9 27
2 18 1 5
1 20 13 22
11 22 1 11
10 7 12 16
18 27 9 13
14 25 7 2
7 26 25 13
20 10 22 4
15 13 21 22
12 6 16 2
10 16 21 19
6 8 8 4
19 23 1 18
21 23 17 20
1 6 17 20
24 7 9 17
9 22 25 16
26 5 18 5
26 2 17 21
12 9 27 20
7 19 5 16
2 18 7 2
1 19 6 1
4 5 7 13
12 6 20 11
19 9 9 24
24 10 4 23
26 20 22 15
18 21 9 23
2 17 23 3
13 15 4 5
25 17 8 24
10 19 3 21
19 3 24 9
2 12 9 18
18 18 15 20
4 1 14 24
27 6 7 13
1 8 4 7
21 21 6 11
8 6 7 19
7 23 27 17
22 21 11 2
6 24 10 25
16 18 24 17
8 12 5 9
1 11 16 19
10 27 24 24
27 15 4 18
4 13 2 5
12 9 17 7
14 3 24 10
3 24 10 23
20 25 25 3
9 10 13 17
14 19 25 21
6 13 12 11
19 9 14 5
9 13 16 25
19 17 21 7
21 26 3 4
4 25 2 16
9 9 8 24
1 15 24 9
13 18 23 10
15 23 21 15
9 12 18 16
26 4 6 25
13 8 10 12
5 8 17 1
20 20 5 9
16 16 4 19
17 8 4 4
7 23 1 5
4 25 20 26
10 24 13 5
18 12 14 3
1 11 9 16
23 24 9 2
16 14 25 24
6 26 10 2
15 19 9 3
13 6 7 6
25 22 23 13
6 15 17 2
27 14 26 4
13 15 1 6
26 26 24 27
14 4 9 11
26 25 20 16
7 18 4 11
24 4 22 15
20 7 14 9
4 7 16 1
14 4 2 15
6 11 18 17
5 21 22 10
5 25 16 22
2 2 2 2
27 19 13 18
25 8 18 15
17 14 22 11
12 16 6 20
24 25 27 8
14 19 13 27
18 24 27 2
23 2 1 14
11 22 18 18
24 24 12 20
24 13 12 7
2 20 20 21
17 4 14 14
26 16 15 25
21 27 1 23
3 8 25 12
4 15 5 10
7 18 19 3
23 26 24 17
13 13 20 23
11 23 10 25
13 27 20 17
6 8 27 25
24 26 8 21
3 21 3 20
20 20 15 4
10 6 14 17
20 24 24 4
19 25 16 25
5 23 4 27
26 13 5 13
1 20 14 21
21 16 25 18
3 20 4 20
25 6 21 5
14 9 25 22
26 26 19 7
8 20 12 12
2 26 9 23
26 17 25 18
12 27 26 5
17 26 7 13
14 17 8 10
19 19 24 17
11 19 24 2
6 23 27 5
1 25 23 22
15 3 22 8
4 1 27 22
4 1 1 6
15 13 12 19
19 19 22 7
20 14 1 2
7 26 8 8
17 14 6 13
24 10 21 16
10 5 17 23
27 20 1 22
23 12 22 17
23 4 16 23
25 13 9 10
6 13 7 24
23 18 23 20
3 20 8 4
16 17 26 7
12 3 16 1
2 25 5 7
2 12 18 26
8 15 21 23
10 20 10 15
6 27 16 11
6 26 22 24
13 8 6 26
6 13 11 13
5 24 24 12
17 10 18 20
22 27 21 7
20 17 5 26
21 5 1 12
25 17 9 4
24 4 20 8
19 12 22 13
13 12 15 19
12 9 25 1
5 24 14 22
21 17 18 9
14 27 23 23
21 4 15 27
11 19 22 11
1 10 1 16
25 26 6 8
4 22 21 6
15 21 22 6
17 5 26 26
21 7 2 11
10 9 10 7
22 16 16 11
4 26 13 22
23 18 5 14
25 4 12 22
26 16 1 26
22 26 14 13
3 3 8 17
25 22 10 15
16 11 8 7
18 17 3 20
9 23 20 15
24 6 17 11
9 24 6 23
8 11 1 13
5 23 4 9
5 20 18 20
13 9 15 25
26 2 22 24
4 7 13 14
6 1 5 18
19 24 4 11
26 10 17 10
5 6 2 17
3 15 19 14
26 14 8 3
14 1 20 7
19 23 14 1
23 23 6 9
21 4 20 6
14 24 10 21
16 8 1 19
4 10 21 22
22 22 5 25
25 20 27 23
11 11 15 19
9 6 11 4
17 26 16 2
18 25 11 18
15 21 22 12