27
1378
2955
1478
2716
2493
485
3445
3155
3360
3178
1676
2327
3046
1591
880
2872
1439
756
2363
2905
2993
1374
1639
2550
3390
3102
1572
331
4
16 23 21 19
5 24 7 26
9 20 16 2
18 26 15 5
17 11 23 4
8 4 10 19
2 15 22 27
19 13 19 10
2 13 16 11
13 24 27 12
3 7 17 9
1 27 11 13
4 11 8 12
26 11 13 10
21 10 7 19
12 10 14 13
27 1 27 9
3 1 16 22
21 4 22 1
10 3 12 20
8 24 3 19
9 19 1 3
12 10 23 19
23 12 3 27
7 19 5 2
20 14 19 20
22 24 23 19
1 15 4 25
26 7 18 22
19 13 4 2
22 12 11 18
2 12 20 21
4 5 7 19
19 8 1 13
8 10 13 8
10 14 5 11
26 5 25 12
2 23 27 17
16 27 12 17
15 5 12 21
7 22 11 25
5 13 16 7
17 14 19 14
15 12 24 3
3 7 13 4
5 15 26 12
3 10 23 27
11 6 23 20
16 26 25 16
13 3 24 27
15 13 5 12
8 16 13 7
25 10 9 6
14 10 13 3
22 3 20 25
22 20 26 15
18 9 1 11
21 6 6 20
21 8 22 22
12 13 12 18
9 17 7 24
18 5 12 19
4 1 10 21
20 15 3 6
13 23 14 19
21 26 7 22
1 11 18 19
11 20 6 5
15 4 19 23
6 5 17 8
24 24 20 1
1 27 24 4
6 22 16 10
7 16 2 2
23 10 25 15
21 15 21 2
26 2 16 13
24 24 20 16
6 21 20 19
21 14 15 20
23 12 22 14
3 8 19 4
1 11 4 4
21 14 14 10
19 14 12 13
26 18 24 1
7 18 8 20
18 4 6 3
20 20 7 10
20 1 24 10
20 13 11 1
2 26 18 9
24 27 16 8
23 26 4 7
3 5 4 24
2 9 2 26
19 21 20 16
23 4 3 9
26 16 14 11
26 19 19 3
5 7 2 11
11 1 10 11
22 24 21 17
26 23 20 22
13 20 11 14
22 23 24 26
17 21 18 10
4 5 5 26
25 15 12 23
21 1 8 2
22 19 9 1
19 2 25 17
10 20 17 11
23 20 27 1
22 26 18 24
11 23 12 18
6 14 24 27
23 12 6 4
9 12 1 10
25 12 26 23
4 4 7 7
16 18 9 26
22 17 6 16
7 20 15 14
19 4 7 16
8 13 24 14
15 11 17 16
5 26 2 13
15 7 5 14
16 2 16 12
11 27 24 18
17 9 22 5
5 7 7 7
10 16 19 11
4 13 10 25
18 18 12 26
4 16 20 7
3 4 21 6
20 9 11 13
2 26 10 2
8 7 12 6
3 7 22 19
23 5 9 27
17 8 6 19
23 16 7 26
27 6 15 24
2 27 5 19
15 27 6 3
22 4 24 16
19 17 11 13
9 5 16 9
13 2 15 20
15 4 19 22
10 16 1 23
13 8 23 25
21 18 27 7
5 22 3 18
20 11 3 1
16 13 1 21
26 19 24 20
17 26 1 26
5 22 24 5
13 25 12 12
16 24 2 23
20 11 19 6
26 26 12 17
4 10 20 15
11 17 27 6
1 25 15 5
4 9 22 19
2 8 3 5
17 15 6 5
8 18 20 27
22 10 3 24
15 1 21 18
3 21 23 8
17 27 7 22
7 5 11 18
19 16 24 1
14 24 8 22
2 15 17 6
3 15 14 2
12 3 4 25
9 13 8 22
18 22 8 20
24 13 19 26
26 3 21 18
19 11 5 22
19 17 2 10
16 26 10 10
1 10 20 1
7 3 19 7
19 13 8 27
17 13 24 16
22 27 18 10
13 15 26 5
22 19 5 19
13 2 16 14
14 27 17 9
20 27 18 7
16 12 5 15
23 12 20 3
7 27 16 17
18 22 16 27
23 10 3 12
18 10 24 15
6 13 13 3
22 17 19 26
10 15 2 27
19 2 2 18
10 22 9 22
13 22 13 26
15 25 8 3
14 23 24 10
18 23 2 12
19 26 23 5
7 9 10 23
21 23 15 15
2 18 26 19
25 11 6 14
23 8 22 4
12 24 6 26
27 12 15 22
25 24 23 22
13 24 14 2
1 1 9 10
4 25 2 7
20 4 24 6
16 9 9 3
13 27 23 21
13 12 26 18
27 20 14 8
21 10 8 14
27 14 2 12
25 1 7 15
20 5 26 9
4 4 13 20
6 9 19 16
21 13 15 5
14 8 19 10
10 1 17 5
13 18 3 8
11 22 9 23
6 26 26 8
12 27 11 22
14 11 26 14
5 4 18 20
25 9 16 9
5 10 9 17
12 17 16 27
12 14 10 17
7 13 4 3
9 7 18 3
20 22 25 26
1 14 27 7
11 1 15 26
5 24 9 23
11 21 10 14
9 2 23 20
21 21 12 10
9 16 23 25
3 10 3 19
23 23 23 6
24 3 25 21
20 26 27 27
14 16 19 14
20 10 6 7
16 23 22 11
20 23 15 3
25 13 16 15
18 13 9 21
2 18 4 17
18 8 6 21
14 22 27 14
11 17 6 23
17 26 7 12
23 23 5 10
2 23 7 26
4 20 18 6
11 17 12 11
3 23 8 5
17 9 20 14
8 4 16 13
7 23 19 8
1 18 2 8
27 22 23 25
24 8 25 23
22 6 15 13
4 21 4 4
26 2 12 14
27 27 12 10
22 20 5 25
5 10 16 22
19 21 4 26
3 16 20 25
7 15 9 25
23 25 13 25
13 7 23 17
22 24 6 10
1 21 16 15
4 17 17 4
6 22 6 16
12 1 12 7
5 17 4 6
23 23 4 5
15 26 6 26
14 23 2 5
20 14 27 2
20 17 25 3
11 24 13 3
6 16 27 11
3 11 8 5
23 5 14 23
5 13 23 11
14 4 21 23
11 27 11 6
25 23 8 24
4 17 18 6
7 2 15 12
24 5 11 1
21 21 24 2
21 7 17 22
2 13 7 24
24 15 27 1
9 26 14 6
25 26 22 13
27 12 21 8
11 23 27 17
6 2 8 4
16 16 7 20
27 9 9 17