27
2398
2644
842
699
412
2261
3435
1487
2912
2947
3058
1499
1353
3162
1873
1559
3168
1581
2888
1468
3398
1534
2045
1337
580
1089
1131
315
4
18 21 18 10
3 21 23 18
21 12 4 9
3 8 3 13
2 24 18 4
16 1 5 7
26 20 22 14
22 13 17 25
24 9 22 26
27 27 8 13
27 23 4 19
16 26 6 26
12 25 26 22
20 20 3 13
13 27 14 22
21 25 15 17
1 26 2 25
8 1 12 18
9 22 13 15
13 7 6 4
7 8 11 4
26 25 24 15
5 9 18 11
22 26 22 3
18 20 4 18
16 10 8 6
8 18 20 23
9 21 9 25
13 7 6 14
19 15 14 21
25 2 8 6
26 22 4 24
27 14 23 21
11 11 15 3
22 24 20 21
8 19 10 16
5 24 15 8
13 4 3 5
24 25 2 15
23 17 11 11
10 6 2 4
15 1 11 24
4 23 15 14
18 3 12 23
2 27 23 4
3 2 18 4
8 19 1 20
24 18 23 9
5 13 22 1
19 22 14 25
13 12 4 14
2 25 1 1
21 1 8 5
8 5 5 19
3 17 26 9
22 23 24 5
5 22 13 27
13 26 22 24
16 22 22 16
4 3 11 20
4 4 3 3
4 23 10 9
7 23 27 9
22 9 14 7
15 26 23 10
6 17 20 12
12 23 18 19
2 23 12 15
18 1 8 14
17 8 4 18
27 26 13 24
12 26 12 5
8 26 15 16
22 1 11 7
18 14 24 3
18 8 26 5
22 20 6 8
9 8 10 12
23 13 17 1
2 14 9 14
15 1 8 13
25 27 23 2
24 22 7 9
18 2 11 7
17 12 7 16
5 10 10 22
20 21 4 24
22 14 23 16
22 12 19 11
16 9 20 4
4 25 22 25
14 23 11 17
3 3 20 6
3 7 23 19
17 26 2 12
14 5 8 10
21 6 25 6
13 13 24 19
7 9 27 24
21 2 9 14
14 2 6 15
3 7 26 27
24 19 25 12
19 21 7 12
10 20 11 4
23 7 22 1
17 11 27 22
18 19 19 15
23 5 21 12
8 19 6 9
12 1 27 24
11 3 24 4
1 1 17 1
18 18 20 6
27 15 22 22
7 21 25 18
22 20 27 4
25 18 5 21
6 10 6 24
7 3 21 4
6 22 1 19
23 26 14 1
10 7 11 23
27 3 11 25
9 20 11 15
13 11 23 2
18 26 6 13
18 16 22 19
15 21 20 24
22 18 4 18
6 5 22 16
6 9 14 22
11 1 12 9
6 23 24 10
13 22 2 17
15 21 5 11
7 2 7 13
25 12 6 23
11 21 3 3
3 20 10 5
22 25 26 1
17 7 5 11
8 24 13 15
17 8 5 26
23 16 6 13
17 4 1 20
11 23 6 10
13 26 11 27
20 1 11 10
10 15 4 7
24 15 17 12
10 23 20 5
3 23 17 22
11 23 13 20
11 25 21 13
1 7 21 20
12 1 14 11
4 8 22 7
5 27 16 15
4 27 13 2
3 6 21 27
24 26 5 19
9 17 19 6
8 3 18 15
24 22 3 2
26 8 25 21
16 10 2 3
6 18 21 22
26 2 25 7
9 6 3 12
27 2 2 11
26 4 16 24
13 20 2 12
4 24 7 27
26 4 6 27
17 13 1 24
26 10 10 12
25 23 8 7
21 17 13 11
7 7 24 12
4 26 1 21
4 4 2 24
23 9 24 1
6 5 11 22
15 13 5 4
6 7 18 26
26 15 4 24
1 19 14 18
21 9 6 7
21 1 5 9
17 3 7 2
9 24 26 12
11 3 10 12
16 26 9 21
19 17 25 25
4 9 9 17
20 19 2 5
4 9 16 1
8 12 22 10
4 4 5 26
26 25 24 24
19 22 10 19
20 27 8 24
26 3 7 5
25 23 11 14
9 26 6 6
20 7 16 6
12 10 24 17
7 12 27 5
15 3 12 3
5 19 4 3
9 6 27 19
20 8 18 10
6 27 27 26
11 26 19 20
4 1 6 26
6 22 16 9
7 25 8 11
15 23 27 12
21 26 4 27
12 22 23 4
23 9 21 19
12 18 22 20
2 2 24 17
3 17 22 27
22 14 4 18
15 4 26 3
22 13 21 23
9 9 18 8
16 16 8 25
17 21 9 18
23 6 26 10
5 9 16 16
13 17 17 24
2 8 15 22
2 14 8 25
8 21 27 14
11 4 17 18
12 4 11 17
19 23 8 17
9 9 16 13
4 6 10 11
8 5 1 2
15 22 2 21
26 18 2 19
27 8 10 27
22 3 19 10
1 3 11 8
17 22 27 15
24 14 15 3
7 2 7 24
3 24 17 7
8 26 23 21
13 4 1 6
22 13 2 25
9 9 10 18
25 3 6 26
1 15 2 3
17 2 21 18
18 15 10 3
16 9 10 13
25 17 8 14
16 23 14 24
16 1 14 10
12 16 5 3
17 9 27 14
6 4 6 4
11 23 11 13
2 23 19 18
4 19 13 15
3 20 14 24
2 27 4 9
7 10 13 22
5 21 5 2
24 9 22 17
2 23 15 6
4 7 23 2
27 16 23 14
12 15 5 17
25 19 2 6
14 14 15 5
4 3 12 14
5 22 15 26
16 19 13 16
13 12 25 1
2 9 11 24
2 20 21 2
22 16 21 21
2 2 10 5
7 27 3 25
24 7 27 5
26 2 27 25
16 8 18 23
21 26 26 25
19 21 5 9
3 20 17 18
3 19 21 27
17 11 3 18
13 13 24 23
6 2 12 8
11 16 2 18
7 17 15 25
27 4 10 26
10 9 17 7
3 7 3 2
26 25 11 13
26 4 12 24
1 3 13 25
10 9 13 14
23 25 5 23
21 26 8 7
19 7 20 2
21 18 17 27
27 17 23 9
20 2 1 24