27
3011
1982
2143
1161
2747
2757
2551
2135
3104
1305
2828
2439
2818
2206
1350
2019
2602
3090
1855
3292
2973
1243
3503
2585
1831
1328
466
367
4
9 26 12 15
16 5 7 15
14 5 3 3
25 21 20 24
1 15 12 22
24 15 23 13
12 27 14 18
27 24 1 11
5 22 18 17
6 5 14 4
24 26 18 17
10 18 20 14
19 8 25 20
6 25 23 11
2 1 5 15
2 6 23 13
10 12 2 1
6 25 21 15
20 6 25 20
1 23 21 7
14 15 15 13
4 8 16 20
11 13 10 6
27 4 18 23
7 5 5 2
22 11 11 13
7 1 6 14
17 10 25 6
7 5 12 17
5 14 1 25
15 26 11 21
27 14 16 25
16 25 22 16
1 13 4 20
25 2 5 21
11 8 8 16
18 9 3 19
7 8 7 2
7 22 5 18
5 18 5 2
14 25 17 4
22 3 25 11
18 6 1 6
12 14 21 3
8 21 18 21
10 4 9 19
2 18 22 20
11 20 18 8
14 17 9 4
25 24 1 25
4 15 17 11
20 13 19 12
13 7 9 23
20 6 6 24
6 23 25 23
19 7 17 22
12 9 20 13
3 14 5 5
16 5 7 11
5 3 12 11
13 12 19 13
14 8 5 3
4 6 8 4
12 11 17 19
26 7 17 21
12 14 17 7
24 19 11 17
27 5 11 23
9 12 5 18
4 13 26 13
7 11 15 2
8 16 20 20
14 19 1 13
22 4 14 20
5 15 22 4
3 17 20 23
24 18 14 16
18 20 10 13
21 13 12 5
6 7 11 27
5 26 25 14
25 10 8 19
13 11 6 20
4 6 11 17
24 12 10 8
10 6 3 17
25 6 12 23
25 4 9 22
23 13 22 22
22 8 19 12
14 13 23 10
9 3 4 27
14 8 9 26
23 22 4 3
15 5 17 3
10 24 14 2
5 26 21 5
20 26 16 8
5 8 19 24
25 20 23 24
18 12 25 3
16 11 2 10
23 26 11 19
19 17 13 6
9 1 2 20
4 6 9 24
25 25 8 8
2 26 3 22
21 13 5 26
22 3 11 23
20 12 21 24
13 10 17 10
22 20 1 24
24 4 21 9
17 5 6 1
3 19 17 24
8 3 27 16
18 26 4 12
18 1 5 27
21 23 10 13
22 16 13 17
10 9 4 6
10 5 9 20
18 27 10 9
14 7 18 19
5 20 16 21
21 24 17 23
1 12 3 4
13 2 13 13
21 10 2 19
21 25 26 18
16 8 11 6
11 4 14 27
24 5 9 21
11 17 24 27
27 3 19 15
11 3 16 4
3 18 22 14
2 20 16 9
4 1 26 12
15 14 3 9
8 1 19 4
7 2 25 15
4 9 8 5
20 18 10 10
22 12 3 9
22 12 16 10
20 9 15 23
26 8 19 8
25 4 24 15
21 20 24 16
15 20 9 27
19 10 14 9
2 20 2 5
19 13 6 15
20 21 18 16
23 5 2 21
14 20 7 23
3 6 24 23
27 12 8 12
11 15 18 7
6 12 2 27
15 7 5 21
25 6 10 23
5 4 1 27
3 14 6 9
12 18 11 21
26 18 13 4
12 17 2 12
10 13 10 19
12 21 8 15
27 16 15 23
21 22 3 21
11 18 26 25
3 1 25 18
7 24 18 25
27 18 22 12
14 14 12 15
7 19 27 19
14 15 19 20
11 13 6 14
20 26 18 26
11 16 26 26
22 14 13 4
26 10 20 27
15 25 11 22
4 7 3 25
10 23 26 24
7 27 26 8
18 26 15 27
4 12 27 24
9 14 11 13
18 4 27 11
18 7 27 21
23 22 8 7
19 27 14 21
17 26 17 3
4 23 11 10
1 2 12 19
8 8 17 8
22 20 7 22
12 13 6 24
2 7 22 19
7 25 8 8
3 23 11 18
13 4 9 8
2 1 26 15
23 4 13 26
3 27 24 27
6 12 27 25
11 2 9 25
15 18 13 23
11 21 12 17
15 22 6 12
4 3 27 21
1 10 21 10
16 2 10 12
13 13 25 3
11 9 22 24
5 27 20 4
20 21 26 26
23 21 3 2
8 27 3 10
13 26 14 6
13 14 22 19
7 15 24 26
4 17 24 8
26 27 25 15
5 15 19 26
26 12 11 12
26 3 13 8
27 24 5 1
16 22 5 19
10 26 27 6
1 19 2 14
25 26 4 17
4 26 22 27
1 26 4 15
10 9 5 10
3 22 22 4
18 23 11 1
23 11 24 22
2 7 7 26
26 8 6 4
19 17 4 3
7 14 9 13
24 10 4 22
1 14 5 13
2 22 1 9
4 8 3 27
25 25 10 24
2 4 16 20
11 6 5 18
3 4 14 9
6 11 10 27
10 4 5 16
9 7 5 14
19 22 6 15
4 27 15 25
17 12 3 24
12 11 27 4
12 7 18 19
6 17 8 26
11 3 24 26
24 8 7 24
21 5 4 8
27 2 24 7
21 25 21 16
7 15 5 2
11 22 20 27
27 1 4 14
4 10 3 27
12 22 12 6
22 7 25 17
13 8 21 12
23 14 3 20
6 14 4 17
13 1 26 12
14 25 17 18
4 10 21 7
19 21 5 26
25 13 11 15
25 1 11 12
1 18 17 9
11 21 1 20
22 6 11 23
14 6 22 23
12 7 16 10
25 12 7 16
17 7 26 25
15 17 12 20
2 15 15 4
19 4 27 24
24 13 9 25
8 13 24 23
13 9 7 19
22 3 2 22
17 15 1 14
18 11 2 13
9 10 13 18
15 24 25 23
26 21 7 20
10 22 16 16
5 12 5 27
7 4 15 2
25 19 10 17
13 21 24 6
15 4 23 18
18 9 20 6
21 6 2 5
27 6 20 23
23 10 8 8
22 21 7 23
14 20 3 5
25 18 8 23
26 15 25 18
4 24 6 4
18 9 17 25
18 24 1 7
15 7 12 15
2 5 17 4
14 8 12 20
27 26 27 24
9 15 6 16
1 27 12 3
2 16 21 10
25 24 7 7
26 15 3 25
7 27 23 20
10 1 18 11
22 8 12 27
18 7 25 15
21 16 9 11
22 6 23 11
20 21 8 13
5 3 15 12
24 23 11 15
7 20 12 14
1 15 25 13
26 7 23 16
23 13 27 27
25 10 18 4
11 7 2 23
6 25 25 22
20 17 22 1
6 24 3 23
12 13 1 21
6 21 1 19
9 2 16 10
7 17 14 5
24 4 16 4
22 7 24 1
4 9 5 5
12 8 5 10
2 1 3 25
4 10 17 17
2 24 21 3
6 21 5 7
8 25 26 14
11 14 15 11
19 1 9 7
26 3 4 1
17 14 16 22
22 26 17 19
15 20 5 25
18 10 6 13
25 16 17 25