27
2455
1333
3448
2868
3163
655
799
1474
1800
551
910
2985
2033
918
2066
1933
1159
541
722
733
3197
1701
818
1154
1287
2408
2319
301
4
23 17 15 16
6 17 18 12
8 9 27 3
6 21 1 1
2 19 19 13
4 25 5 9
15 17 3 24
1 24 26 2
10 3 20 23
2 13 25 27
5 12 26 4
15 14 14 1
3 8 22 16
2 25 26 5
6 12 25 10
3 9 19 22
18 8 6 17
3 3 9 13
9 23 5 8
7 8 11 5
23 6 5 20
14 2 26 6
14 19 25 25
18 4 10 12
18 21 22 27
4 16 1 25
22 2 6 14
12 26 3 1
14 9 27 25
17 24 2 9
22 12 21 2
15 7 21 2
22 18 15 8
14 8 25 26
10 18 3 12
24 17 8 25
2 15 24 1
5 15 16 19
19 15 23 9
26 23 16 19
3 21 21 2
5 3 4 7
25 17 27 19
7 22 10 23
13 15 12 22
11 16 19 26
4 2 4 13
17 16 21 9
16 8 25 1
16 16 26 2
12 21 14 19
12 6 3 11
22 27 16 21
21 19 4 3
10 24 15 14
24 13 2 9
8 17 19 14
5 20 14 5
2 23 19 11
14 22 6 13
11 24 12 23
12 2 21 8
6 8 23 4
16 23 19 25
14 1 10 2
4 17 7 26
14 4 18 11
13 9 8 6
9 5 10 1
21 4 11 21
1 10 13 26
21 26 12 3
5 18 10 2
16 4 13 10
26 22 20 25
26 10 12 5
6 22 11 3
23 11 4 21
8 13 2 24
23 2 8 10
3 16 10 6
5 16 8 26
20 25 5 16
20 17 15 19
8 23 12 23
13 26 12 23
23 18 11 15
1 11 3 11
3 19 6 6
23 5 3 23
24 12 14 7
26 2 4 10
13 8 25 9
10 12 26 22
10 16 10 14
16 3 23 26
6 18 22 26
4 16 12 18
1 27 14 1
10 2 6 11
13 2 25 4
10 25 2 6
23 7 1 3
12 20 25 11
22 1 21 4
24 16 7 20
7 4 2 15
3 5 21 7
7 25 8 4
17 10 25 13
1 7 14 15
22 8 22 17
17 24 15 9
8 6 11 14
9 18 6 27
10 17 10 6
21 13 23 3
18 26 18 9
1 4 15 1
22 13 5 8
23 15 25 24
15 11 4 9
1 5 13 1
7 7 13 9
15 7 17 9
19 22 16 13
14 9 14 6
10 7 24 22
13 15 12 16
2 2 4 9
20 23 26 4
14 27 7 26
15 24 1 16
11 3 16 23
2 19 18 17
22 21 14 25
1 2 11 10
19 5 19 1
13 10 14 13
16 18 11 1
17 22 7 16
3 2 12 10
1 18 6 5
8 16 8 3
20 17 3 22
12 14 18 2
10 4 25 13
22 8 21 15
13 23 11 8
3 12 22 18
23 14 21 26
27 3 3 16
24 11 7 8
6 4 10 2
7 5 22 1
25 17 12 2
15 7 14 24
15 9 26 5
25 19 24 21
10 2 12 20
7 20 10 18
2 11 21 18
1 16 26 17
24 24 1 6
4 10 21 5
23 10 1 11
12 17 17 16
7 6 19 13
4 24 15 21
26 15 24 5
22 1 27 4
5 25 6 15
23 4 10 14
26 5 2 5
21 22 20 14
12 6 9 10
13 19 8 18
6 22 24 2
15 1 7 10
9 25 6 1
20 3 8 20
17 8 9 27
10 21 12 12
23 5 25 13
6 9 17 7
4 5 13 16
20 22 12 25
17 7 22 13
14 15 26 18
27 24 20 24
26 8 4 18
16 1 21 23
5 26 25 14
16 18 20 24
16 9 7 26
25 7 9 5
15 23 26 27
3 13 10 3
23 4 17 16
5 8 1 24
27 11 4 21
15 3 6 22
27 24 16 16
13 9 24 1
14 13 20 16
27 18 25 25
6 14 24 18
27 23 23 15
19 10 25 7
21 19 1 16
3 1 20 10
7 9 8 22
25 9 24 7
3 10 26 12
17 4 24 3
17 26 13 6
19 23 14 24
7 5 18 9
2 26 13 23
11 5 7 14
6 5 17 21
20 20 11 8
20 13 20 15
8 5 14 26
5 1 6 4
21 17 3 26
15 15 10 12
20 2 26 27
11 14 15 3
22 5 14 13
17 19 2 27
13 20 22 15
11 14 27 6
17 8 25 9
4 26 10 14
11 5 19 24
6 16 5 23
16 21 10 22
21 1 7 21
1 20 22 1
23 8 11 20
2 16 8 20
23 21 27 4
10 5 24 15
26 22 22 9
24 21 2 26
26 21 25 23
10 13 11 17
15 4 3 2
10 4 10 26
8 8 18 25
26 15 19 2
9 9 15 14
8 25 16 26
11 2 9 21
18 7 20 24
15 16 16 11
1 4 17 15
27 9 9 5
21 16 7 15
19 8 3 8
10 16 23 13
7 16 17 20
22 5 27 7
18 22 1 17
13 17 14 7
12 14 20 14
20 20 27 17
27 8 5 12
22 17 16 21
27 4 26 11
21 27 3 6
9 22 5 24
4 9 27 4
10 18 21 14
19 25 7 15
2 21 20 3
20 8 11 3
13 8 13 8
19 19 17 10
24 17 17 24
16 4 22 20
10 20 23 4
20 7 3 26
9 11 18 20
22 1 15 19
17 10 24 27
15 3 26 2
12 19 23 15
15 24 13 8
2 3 19 3
3 5 21 21
6 27 13 11
14 24 25 18
2 6 5 8
2 25 26 2
22 5 20 23
12 9 7 22
16 12 15 14
12 23 25 1
18 4 13 19