27
1702
1055
879
1940
3206
3486
2110
485
524
2760
3197
2793
1410
1674
934
3298
2608
3040
447
2050
2565
504
747
1606
1787
1533
2487
337
4
7 6 7 20
19 11 12 23
26 10 22 12
2 21 10 6
4 2 7 10
17 26 14 5
21 10 22 8
11 2 21 19
18 19 22 9
10 25 9 18
12 4 24 24
6 23 20 18
16 27 20 18
5 21 8 15
23 1 17 16
15 12 9 24
18 11 25 4
19 16 1 5
17 4 13 13
1 4 2 25
11 23 19 6
11 22 21 10
13 26 12 13
27 25 23 16
24 26 20 19
15 6 8 16
26 25 10 12
21 15 1 15
22 16 24 24
10 13 4 23
21 18 25 25
19 8 23 17
1 13 11 17
20 2 1 27
19 12 7 2
23 27 4 27
21 24 1 8
25 24 17 3
1 4 18 10
23 1 24 21
18 7 12 11
25 12 7 27
1 5 27 23
11 11 21 21
8 8 10 24
27 17 20 2
12 19 16 7
9 5 1 16
16 7 21 15
22 1 22 23
8 17 12 17
11 13 7 3
14 26 27 20
22 27 21 26
6 19 22 19
21 12 18 9
15 11 18 5
14 11 2 11
21 10 2 12
14 27 18 8
21 24 9 1
7 1 10 8
11 23 15 20
4 13 17 16
15 12 4 3
26 23 18 10
22 25 16 13
7 9 15 14
26 20 19 21
19 17 17 27
11 9 17 23
25 17 2 1
10 24 7 10
7 22 17 1
17 1 25 22
11 26 17 15
17 24 14 8
23 18 10 20
8 13 26 24
18 12 22 10
5 3 23 23
7 5 14 9
15 27 10 5
11 14 6 22
1 8 8 25
24 8 1 2
6 14 1 23
16 24 4 3
4 14 27 13
22 19 7 22
23 3 22 6
22 3 7 3
7 7 25 14
7 24 23 14
5 5 27 15
20 5 20 17
13 25 19 12
16 9 4 18
4 17 3 18
26 10 2 18
27 27 2 14
24 4 15 5
18 12 22 21
25 1 22 26
17 21 4 27
10 7 14 24
9 27 6 8
9 27 27 14
1 10 4 3
5 13 3 26
4 1 23 22
5 21 5 26
11 13 24 24
17 20 15 3
13 4 17 19
9 6 7 4
1 19 25 19
8 9 8 11
25 1 4 23
19 5 7 17
11 3 13 21
15 16 11 10
10 3 7 7
22 12 17 24
19 17 10 20
8 10 13 12
22 26 14 26
3 24 24 1
23 9 7 10
5 8 27 10
20 4 2 22
25 22 16 13
7 16 15 24
1 2 26 21
15 4 12 7
27 12 2 7
12 15 22 1
4 16 24 17
19 2 22 6
8 26 4 10
16 24 5 1
7 26 21 7
2 24 19 24
23 16 23 9
24 4 19 22
1 16 2 20
1 12 3 4
12 21 11 27
25 14 25 17
7 21 25 23
26 26 6 23
16 22 4 11
14 1 9 6
7 24 12 22
12 8 15 18
15 20 12 18
5 4 3 16
3 21 7 17
3 22 2 25
1 8 18 3
21 13 25 3
26 15 25 9
4 25 1 24
11 11 2 4
20 27 15 15
8 7 2 7
13 20 20 20
9 5 19 7
25 11 8 3
4 3 2 6
15 16 17 6
5 2 12 15
20 11 7 15
15 6 6 26
1 6 8 13
11 25 24 10
22 11 5 24
1 5 22 17
9 14 5 23
7 11 26 19
19 24 19 22
26 20 24 25
6 14 22 4
1 10 10 10
13 2 12 7
20 3 13 20
17 14 11 13
12 27 5 18
2 14 15 12
16 7 22 24
16 21 26 24
23 7 16 6
17 22 8 19
4 6 17 27
18 25 7 27
7 9 18 22
23 8 17 8
18 24 16 22
16 5 15 8
13 20 3 19
6 19 16 27
25 6 10 11
14 25 16 3
23 6 5 4
18 12 5 9
17 23 7 4
4 3 18 11
1 20 8 6
26 27 16 8
16 7 23 19
23 6 23 17
3 4 11 20
2 13 19 13
24 18 15 16
25 27 24 21
7 13 25 26
4 25 27 26
22 25 13 23
12 19 8 4
1 19 21 12
21 26 24 24
5 10 1 8
27 24 27 13
5 24 3 26
6 1 3 11
17 17 21 7
22 4 12 15
23 27 5 25
5 21 16 15
10 12 13 27
15 22 21 16
5 10 27 27
22 9 22 14
20 7 10 19
13 25 21 20
10 25 11 7
13 9 10 8
22 24 3 21
2 10 12 1
14 18 8 19
26 5 16 12
16 22 12 13
16 18 6 21
25 6 20 20
9 15 4 21
26 5 5 15
2 21 3 24
12 21 14 16
3 25 21 11
14 16 26 16
4 6 7 25
8 6 15 10
14 19 9 12
24 7 22 2
6 14 1 8
9 26 6 3
23 13 15 3
17 9 13 3
25 20 6 8
16 6 26 23
23 8 20 17
20 6 23 1
15 4 14 13
9 19 2 17
7 6 6 21
26 12 14 8
3 7 26 22
14 22 16 16
4 8 3 13
19 3 9 4
12 8 18 18
26 16 20 25
9 11 17 14
15 19 20 15
24 27 9 17
18 22 7 2
13 4 19 15
17 20 16 23
10 15 18 24
21 7 4 13
12 12 14 11
8 14 27 19
7 10 4 8
22 7 1 5
9 7 8 24
25 9 3 16
16 17 24 2
18 6 25 20
27 1 18 14
22 5 13 8
4 9 4 24
13 27 16 22
22 21 20 7
18 1 13 3
7 14 9 11
14 23 12 20
23 1 10 15
26 19 1 25
20 2 4 5
25 19 15 17
10 20 11 9
10 8 13 23
8 1 2 10
24 14 2 19
18 22 24 25
21 7 27 21
2 19 27 15
25 23 23 7
12 16 4 9
4 11 27 19
12 11 27 27
13 6 20 4
23 22 13 23
15 2 17 18
18 16 21 20
6 2 19 6
15 22 27 2
26 10 5 13
19 25 19 16
2 21 4 15
6 13 2 15
10 20 13 17
18 1 21 19
17 26 21 24
20 25 9 2
13 6 23 24
3 18 25 5
26 3 3 1
23 21 17 14
20 6 25 25
2 26 13 2
22 13 12 24
3 25 24 2
6 10 20 3
10 9 17 5
14 22 10 2
12 2 26 5