27
3341
3281
3167
1939
3413
2365
1902
1385
469
2724
2022
2602
2059
3076
600
2363
864
594
2692
3371
2774
1889
3280
2381
3246
2669
2902
357
4
5 24 22 7
23 7 8 23
21 15 18 10
15 13 5 9
2 27 1 16
5 19 19 17
22 8 15 21
19 14 7 24
23 9 24 15
12 21 26 24
19 8 25 20
19 9 2 2
10 22 13 26
5 5 23 26
6 17 23 24
14 2 5 26
13 12 22 6
27 10 27 7
26 16 25 26
5 23 16 27
12 18 19 14
7 20 5 7
10 1 8 5
22 2 18 7
9 8 10 25
15 8 8 23
24 21 5 26
17 3 9 6
17 1 1 19
15 16 13 22
2 9 24 24
14 4 5 14
10 10 4 23
13 21 17 24
16 2 24 12
11 12 1 8
12 8 9 27
8 23 1 6
19 14 6 21
18 12 2 14
7 24 15 4
21 2 19 12
9 26 12 15
1 27 16 7
19 25 12 19
14 2 9 16
2 6 20 12
16 26 17 7
23 3 17 24
5 20 18 10
27 8 24 2
18 24 8 3
26 10 25 5
16 22 1 9
23 26 17 18
11 17 18 17
24 10 16 7
14 24 15 20
17 15 5 25
24 11 26 8
17 23 6 27
5 21 8 3
5 21 27 24
24 10 23 12
17 4 10 25
17 27 6 15
22 16 21 7
23 19 16 19
18 10 16 3
8 4 5 8
8 23 1 5
1 8 21 22
23 8 13 3
24 4 1 15
6 17 16 17
2 2 18 25
26 6 20 23
3 22 20 26
26 9 22 18
24 7 23 12
12 5 7 8
22 22 7 23
13 6 6 21
24 16 4 16
13 20 10 8
9 21 20 22
27 7 22 16
8 18 24 26
8 18 15 12
12 13 27 4
12 11 6 19
23 13 27 26
7 26 9 23
15 21 8 15
14 15 24 5
1 17 10 18
21 3 22 19
14 18 1 14
5 4 20 14
20 1 10 13
20 15 22 1
17 2 15 12
25 6 27 18
13 20 21 18
15 15 17 20
20 5 23 18
1 2 22 10
2 11 17 16
15 16 13 17
9 4 6 26
10 10 23 24
16 21 1 27
20 10 15 25
11 16 4 2
12 16 15 4
27 10 6 17
2 21 25 26
13 8 26 7
8 23 8 24
4 25 22 22
6 10 22 26
27 14 24 25
20 25 17 6
12 3 5 17
6 23 19 23
22 13 14 12
4 13 3 13
5 21 15 14
23 6 21 6
21 6 3 5
18 5 12 6
6 6 16 27
18 18 5 22
8 2 25 6
19 13 10 17
8 6 25 13
5 2 14 3
11 25 12 8
14 18 17 17
21 3 21 12
13 16 11 20
13 14 15 20
6 6 22 10
2 13 12 1
14 4 23 24
4 4 24 17
4 19 6 1
26 4 4 8
20 21 16 20
19 22 27 25
13 22 3 16
27 3 7 22
13 13 5 15
24 2 9 3
15 21 13 27
25 8 27 6
14 15 17 2
10 17 18 5
23 14 13 11
10 19 8 13
13 2 8 1
24 7 25 9
18 4 15 22
8 22 18 11
10 17 20 17
6 10 16 14
3 27 2 5
6 22 19 19
25 1 10 8
17 4 10 23
8 6 23 25
13 8 17 17
11 12 15 27
24 26 11 1
21 8 24 18
17 2 21 17
5 15 26 10
3 14 4 16
9 24 24 20
9 27 6 2
22 10 3 20
21 4 3 13
26 27 2 8
19 2 25 25
25 7 18 22
1 7 22 12
7 2 19 22
12 23 9 24
6 21 3 20
19 4 6 5
20 19 20 22
12 11 23 11
5 6 9 11
2 20 18 2
26 14 19 22
21 20 21 25
23 10 2 1
10 24 8 3
22 26 4 17
21 12 7 25
14 25 19 27
8 22 5 16
8 20 24 21
2 2 15 23
5 15 9 7
22 14 9 4
7 18 6 18
22 25 9 20
7 3 16 22
12 8 20 7
5 2 4 17
2 11 12 24
8 21 4 27
18 25 27 21
14 17 24 3
14 22 26 19
26 20 25 11
2 1 13 21
14 1 10 20
26 23 25 22
2 1 19 2
5 27 27 3
19 19 21 8
18 17 8 19
1 24 13 3
6 13 11 22
10 10 10 24
5 20 6 7
21 4 18 4
9 26 23 18
24 26 19 15
14 9 24 11
1 22 16 27
7 26 23 23
5 2 8 3
16 1 1 13
3 22 5 9
23 26 14 4
5 22 1 20
5 1 22 13
17 21 3 21
4 19 24 27
2 16 15 7
14 11 11 17
22 11 24 8
14 3 21 15
8 15 7 8
17 10 7 1
17 27 20 17
10 12 1 2
2 15 26 1
16 12 13 24
18 4 25 7
22 4 7 22
20 13 4 1
5 12 18 14
6 24 6 1
16 15 26 9
4 1 20 4
24 11 2 5
21 13 5 6
17 1 14 7
26 26 27 1
7 26 27 6
25 15 26 14
17 4 9 2
27 2 27 17
16 11 9 19
3 14 6 8
14 22 18 10
4 10 3 16
4 24 19 16
22 22 10 26
8 18 5 2
7 14 16 27
16 12 1 14
13 4 14 22
9 19 18 9
9 25 7 9
23 8 25 5
2 15 2 8
7 12 3 9
1 21 6 12
9 21 18 22
6 20 14 9
23 12 14 11
3 10 2 23
26 2 20 3
2 1 11 23
15 4 8 15
9 4 13 25
25 16 24 6
20 6 5 26
20 18 27 15
26 24 9 9
10 4 23 17
10 1 11 22
10 19 14 27
4 13 15 25
23 17 27 16
2 13 18 13
25 3 25 2
3 3 20 27
18 6 18 16
18 9 18 16
2 4 2 14
4 12 18 13
13 27 1 6
6 18 18 24
6 23 15 3
8 17 19 25
7 3 6 21
14 1 7 15
15 10 11 3
5 26 3 1
20 26 21 19
22 4 16 11
21 23 21 8
11 26 17 25
22 14 24 25
22 1 7 26
19 26 2 12
5 24 6 22
17 14 11 11
4 10 18 1
6 27 22 21
1 17 13 17
17 24 1 1
22 14 25 10
24 8 23 9
13 27 6 27
13 25 9 6
27 14 15 22
13 3 22 10
5 20 21 3
22 2 7 27
4 6 22 17
21 24 23 2
14 1 22 11
7 23 5 9
18 26 7 15
17 17 22 25
17 11 5 22
5 1 18 16
21 15 8 3
10 18 23 18
21 24 11 24
18 15 20 23
5 20 8 27
25 11 17 21
5 19 16 20
27 8 9 16
22 6 12 6
20 8 27 25
2 3 10 8
20 2 7 1
6 10 5 2