27
2353
1002
479
3437
3079
1678
2691
2785
699
1241
2828
3314
1595
1532
1485
903
1084
2275
2632
481
1420
2397
400
3487
1072
1919
1704
356
4
7 7 22 13
17 25 14 24
14 13 12 21
15 5 7 10
16 9 10 6
20 26 7 18
25 17 1 19
12 24 5 16
15 10 3 7
18 23 14 13
8 20 27 15
10 6 18 4
22 19 11 3
7 5 16 20
3 6 10 12
2 4 13 6
11 5 23 2
1 3 16 16
4 27 22 17
6 25 16 16
16 19 3 22
4 10 25 15
14 5 13 8
4 22 17 17
9 3 22 17
3 16 22 10
6 27 16 7
17 5 15 4
1 3 25 7
15 13 15 27
9 24 2 12
2 13 20 19
11 21 3 20
17 2 18 20
22 6 1 22
2 17 5 18
7 27 9 27
19 18 19 27
22 11 3 17
27 16 11 14
23 18 9 13
4 10 4 27
16 7 21 5
25 5 20 26
20 6 3 2
18 15 9 27
6 13 9 13
15 2 6 21
12 4 26 16
16 1 9 3
16 9 1 16
4 26 2 10
9 12 12 15
17 12 14 14
24 13 1 2
21 10 27 9
8 7 20 16
6 19 24 7
10 8 16 3
26 8 27 5
2 4 22 25
9 6 22 14
16 20 12 24
24 3 14 14
7 23 2 23
24 4 12 18
18 15 22 6
2 1 13 24
8 27 12 8
26 20 7 23
19 15 23 26
4 2 13 24
22 17 17 11
17 24 24 7
11 27 1 16
13 1 19 19
11 25 12 9
6 5 3 3
11 16 5 4
9 13 6 20
14 5 8 20
8 4 19 13
22 10 21 11
26 11 12 15
25 4 8 26
5 19 24 24
9 10 18 13
7 14 11 21
9 24 6 2
14 4 7 25
16 3 10 20
8 5 7 15
23 7 22 3
5 8 11 24
9 27 27 14
17 19 15 25
18 6 8 11
10 14 20 12
4 26 13 9
10 12 19 27
19 15 17 23
23 16 6 25
27 14 15 26
6 9 24 25
25 12 21 21
3 20 9 22
18 21 10 3
15 3 26 8
7 6 10 8
17 1 10 8
21 23 8 26
24 6 16 14
22 10 9 10
13 3 25 20
11 26 7 9
14 8 23 19
3 22 19 19
15 20 24 5
8 1 26 6
3 10 3 2
17 13 17 7
11 10 24 14
15 7 1 4
24 9 8 9
6 2 27 19
19 20 10 16
19 18 27 4
7 22 16 20
15 15 3 11
8 18 25 13
11 7 16 26
14 16 6 9
9 3 14 20
12 6 22 16
11 5 17 23
5 4 10 24
15 21 6 20
17 19 3 10
26 9 9 26
21 2 20 5
7 9 12 18
21 13 9 12
26 8 23 18
12 4 25 2
16 9 5 15
26 2 18 20
14 7 1 20
23 9 20 9
21 21 19 21
13 2 17 10
8 1 22 23
14 16 7 12
11 2 14 27
17 27 9 5
19 27 6 17
13 20 20 3
19 1 6 12
7 6 24 8
6 21 8 25
1 14 21 4
2 21 5 23
22 22 12 20
9 27 4 7
6 19 6 22
3 26 10 1
25 4 4 16
10 15 12 2
26 20 4 21
24 20 6 27
12 8 9 20
2 8 21 17
27 16 9 22
6 16 25 26
11 22 20 21
6 18 12 10
5 23 9 18
7 23 4 6
6 21 13 22
7 10 24 5
24 19 15 8
10 7 4 13
20 26 6 21
21 25 16 17
20 13 3 19
2 4 20 8
8 25 23 26
11 14 8 14
7 3 20 2
18 25 15 6
5 9 26 17
16 17 9 20
21 10 23 15
18 1 6 1
6 15 20 12
27 5 21 23
24 15 3 24
3 11 6 27
25 23 4 24
2 7 8 13
3 15 3 22
3 18 18 23
13 16 5 19
18 2 25 5
23 17 13 12
3 6 6 5
24 2 12 23
22 22 17 24
5 5 2 26
5 5 19 4
16 3 17 11
22 23 25 4
27 3 8 2
9 26 6 3
15 9 1 20
3 4 15 5
14 26 22 8
1 11 7 18
23 7 22 3
1 6 20 15
14 2 2 10
1 21 1 27
8 13 16 2
13 13 23 8
3 24 26 2
3 4 5 11
7 6 15 21
21 15 11 20
25 26 11 15
14 17 12 6
20 2 27 7
4 26 11 17
20 15 17 20
26 14 24 23
5 23 1 2
26 25 4 11
25 17 11 10
1 6 23 12
25 26 27 7
15 26 21 26
6 15 1 16
26 25 7 16
18 13 1 11
15 8 26 16
6 14 27 6
19 22 21 19
5 4 15 22
20 27 27 13
20 2 10 11
15 22 27 19
22 5 3 10
17 25 24 5
7 12 20 24
26 27 19 14
18 2 7 11
15 7 12 5
19 18 9 10
17 17 12 17
1 27 9 20
27 27 14 8
14 3 10 4
20 16 19 27
5 14 15 21
22 10 9 2
4 4 22 22
14 2 19 24
9 12 8 20
4 3 13 5
22 15 18 21
15 18 18 10
21 8 17 1
8 15 12 16
4 7 17 2
21 16 18 13
8 7 10 9
9 23 8 27
12 2 12 8
18 23 1 9
23 11 1 25
9 27 9 10
7 7 11 2
24 5 6 4
27 16 1 22
9 15 14 8
9 14 26 24
17 24 4 14
26 13 11 13
6 12 27 4
1 17 24 15
24 14 6 18
20 18 13 23
14 20 1 17
22 8 2 21
12 9 16 21
4 11 13 16
16 7 21 27
16 25 12 11
5 8 5 11
13 21 16 24
14 27 21 19
16 22 25 5
22 10 16 19
5 5 21 14
3 9 11 20
17 13 21 24
8 19 20 14
19 25 25 26
24 27 9 13
3 16 13 18
10 19 12 7
6 23 23 9
16 20 25 13
1 23 18 11
10 8 19 2
20 10 18 17
3 21 10 8
25 1 7 4
2 24 4 10
11 7 6 26
4 22 2 21
21 23 10 13
12 7 12 1
13 20 5 13
7 10 9 5
19 27 12 7
4 4 20 27
6 3 6 12
5 25 21 17
5 14 22 6
23 13 16 8
6 14 5 16
13 13 19 18
17 4 15 26
10 23 17 26
3 26 4 10
5 1 9 4
2 9 9 15
1 24 7 15
3 23 21 2
7 24 7 26
2 3 5 24
11 5 23 24
6 16 2 22
13 27 17 22
14 1 12 12
25 21 13 2
9 25 13 11
19 8 27 1
21 10 3 9
16 8 24 7
22 1 22 2
18 27 15 17
4 18 18 23
17 5 19 17
11 7 24 22
14 11 22 19
10 6 14 2