27
2994
3283
836
3063
690
2842
2501
574
3077
864
3370
2618
2381
892
874
1061
2073
1943
2687
1033
2834
459
2133
1469
881
474
464
300
1
20
24
26
11
21
16
21
22
26
2
5
1
4
7
2
7
3
18
25
8
21
9
17
20
17
14
21
17
27
17
24
8
1
11
17
10
20
20
22
4
14
12
21
26
25
9
22
14
19
4
25
17
19
12
15
19
2
15
2
20
6
10
17
10
14
11
5
9
21
27
27
23
2
27
7
20
4
26
6
4
8
24
8
11
4
20
12
17
15
25
5
27
9
9
10
7
10
13
2
24
13
26
4
26
14
10
20
20
4
21
1
24
18
3
13
22
4
18
4
26
7
19
25
8
18
12
19
13
16
17
8
18
14
10
6
11
10
2
13
2
12
21
26
20
10
11
16
15
8
6
25
21
7
21
18
13
17
21
22
2
22
23
14
4
6
24
7
7
27
4
25
16
4
17
27
20
2
3
7
13
13
15
16
5
4
4
23
24
11
5
23
13
6
1
7
5
14
20
27
1
27
15
4
7
6
20
19
19
6
11
10
9
12
16
9
1
3
7
3
9
1
14
4
27
27
18
6
14
18
14
22
16
8
21
24
4
25
5
10
6
2
16
22
5
15
27
10
20
16
16
8
23
12
20
25
7
5
20
21
15
19
1
3
27
14
13
22
20
18
17
14
24
1
11
1
5
7
11
20
3
15
16
26
24
4
6
3
1
1
16
5
11
5
27
22
17
25
7
16
12