27
2719
2336
2739
1834
1592
1279
2705
2038
2044
426
2982
996
2184
1103
2016
438
471
2018
3078
2657
3379
477
1015
2595
2150
2863
2633
356
4
5 16 18 9
17 17 8 26
22 1 10 2
15 5 5 20
23 24 18 2
23 23 11 10
24 10 15 26
2 20 3 9
22 18 17 5
6 19 5 5
18 18 15 26
14 13 6 12
14 12 4 5
26 17 7 8
8 26 5 15
16 26 3 7
3 9 7 2
9 7 26 11
25 12 13 26
18 1 25 15
6 21 11 15
14 21 11 2
22 25 2 13
7 26 9 21
17 16 23 26
18 5 13 27
6 4 4 16
21 3 16 4
12 12 26 6
19 1 16 2
7 13 27 14
8 21 20 16
22 24 4 19
5 19 13 15
19 20 7 7
5 9 22 7
12 23 23 17
15 8 12 14
7 6 1 5
19 25 1 4
2 25 15 20
18 7 1 18
19 2 23 16
20 8 11 20
3 19 13 11
18 11 25 23
23 3 23 4
4 27 15 21
23 25 10 14
21 17 19 10
24 5 23 20
21 27 13 22
21 27 11 20
20 2 25 6
7 15 17 22
1 17 11 1
1 20 7 5
2 19 18 24
14 11 18 27
19 16 17 25
24 4 24 3
24 26 14 2
6 26 15 4
15 13 26 5
8 13 16 22
17 20 25 23
17 24 10 27
21 9 21 1
1 3 4 10
14 17 4 8
23 20 21 18
2 13 4 19
4 6 1 24
22 16 4 21
2 25 22 2
1 7 6 10
6 26 22 6
14 23 9 23
2 17 17 25
5 22 22 23
6 7 9 3
6 7 25 26
9 18 21 6
25 14 3 20
13 9 12 11
23 13 14 24
24 5 6 14
18 27 24 6
9 23 24 15
18 1 7 5
3 25 10 12
4 12 8 26
5 1 9 17
27 4 2 22
23 3 15 9
10 15 1 1
27 4 11 5
7 25 6 17
19 18 27 6
14 8 12 1
7 7 1 19
4 18 6 12
1 25 22 13
4 5 7 18
25 24 2 10
25 20 11 21
7 17 9 20
16 11 16 3
12 18 22 21
15 23 14 24
12 11 7 3
5 5 3 8
1 15 10 24
2 12 4 8
26 11 27 18
25 2 2 8
3 1 11 16
1 17 14 16
24 9 25 22
3 13 14 7
18 25 21 22
10 16 8 9
1 23 18 18
13 7 16 9
9 14 26 16
9 3 14 25
6 20 17 11
22 13 6 9
9 19 23 17
21 6 27 18
21 6 8 22
21 24 23 1
5 25 1 6
11 3 21 21
2 19 27 10
20 11 25 3
25 24 20 1
20 23 3 5
19 26 7 4
16 4 4 22
2 6 13 5
4 13 24 15
19 5 3 17
4 17 8 6
21 3 27 11
27 17 6 13
5 20 9 23
23 4 7 5
22 9 7 27
8 9 20 16
23 17 18 19
17 15 2 16
24 2 5 12
1 21 21 3
27 19 2 15
12 8 19 13
18 3 16 21
9 22 22 11
24 8 18 22
19 12 6 21
25 21 8 16
14 15 15 5
21 20 21 1
3 2 12 14
13 1 27 27
17 11 11 6
5 16 12 12
8 19 15 26
15 3 1 22
2 17 18 19
8 9 14 5
12 16 19 8
17 2 6 10
20 23 3 14
14 13 6 15
2 18 23 8
21 12 5 23
27 13 19 6
9 19 12 24
15 19 27 1
3 8 20 16
2 5 5 5
27 21 27 17
1 13 5 14
23 18 14 8
2 11 10 14
27 11 24 24
1 23 22 26
6 21 6 23
1 4 27 3
9 13 17 6
12 26 26 10
2 13 7 10
22 13 5 24
24 10 7 7
16 26 2 5
20 21 9 18
10 24 13 22
21 11 23 24
7 26 17 21
6 6 26 25
5 23 1 11
3 12 26 9
13 21 22 3
18 11 6 9
7 5 4 22
22 27 13 5
22 27 24 19
10 21 1 11
20 10 6 9
13 16 7 6
3 6 7 14
3 3 8 9
17 2 15 22
19 16 21 8
25 11 14 12
19 13 13 13
4 1 19 23
9 8 3 14
19 7 7 23
13 11 1 9
6 4 4 25
20 15 21 9
22 26 4 14
5 27 24 19
24 1 26 20
14 26 6 9
1 17 14 14
27 7 1 21
10 10 6 19
13 10 24 27
9 19 15 16
9 27 24 7
22 12 27 6
3 8 26 17
2 13 9 6
19 5 21 9
14 14 22 2
6 16 4 21
23 2 13 25
9 4 25 15
20 14 8 15
25 20 18 14
27 25 25 22
10 23 9 27
20 3 12 3
9 23 24 7
5 24 18 18
18 17 15 21
17 19 27 9
13 22 22 12
20 22 27 16
15 6 5 7
6 4 14 7
4 20 20 27
11 12 6 20
7 23 18 4
8 9 19 27
8 7 5 24
6 24 2 13
17 21 16 7
6 3 25 6
18 15 23 22
24 27 5 12
26 5 26 11
11 23 7 15
13 2 11 2
7 20 7 20
4 23 24 6
25 23 11 3
24 3 21 19
19 16 1 9
8 18 7 4
12 19 3 24
16 13 19 1
12 6 3 25
17 26 22 1
19 24 14 11
3 5 6 26
14 13 1 14
13 20 15 19
23 24 7 16
8 5 12 3
2 2 10 15
15 2 24 4
5 14 19 4
11 18 16 21
27 11 14 11
16 21 8 9
23 11 22 17
26 24 21 8
24 13 2 6
22 24 13 1
4 24 23 15
19 17 4 17
13 2 19 21
22 11 5 3
1 9 25 17
21 26 13 11
15 26 17 18
22 15 10 4
2 9 22 1
15 7 18 14
11 8 13 26
14 1 16 10
9 20 20 22
27 3 11 9
6 24 9 27
25 9 24 22
5 8 13 24
10 23 6 15
14 25 24 22
15 23 26 13
11 23 8 1
2 21 7 16
17 24 12 8
24 19 3 27
13 21 9 13
8 9 26 14
8 19 11 10
21 10 11 17
11 22 18 26
16 25 14 15
24 16 23 1
26 25 25 24
4 21 5 10
9 14 23 22
19 8 23 18
4 23 25 9
17 19 22 7
1 24 3 21
23 17 17 22
22 9 5 4
21 1 22 9
11 7 24 11
26 8 8 3
17 9 21 24
12 18 3 6
23 9 17 6
27 6 13 17
2 16 20 18
7 3 6 22
11 24 21 3
21 8 6 19
21 19 11 11
8 4 5 10
20 18 1 1
18 23 2 11
10 18 20 23
1 20 12 18
8 19 11 2
17 8 19 10
18 20 2 6
17 9 11 19
10 1 27 21
7 2 4 26