27
1982
3537
835
2254
1422
1771
646
3032
1917
3507
1126
2932
3389
2922
1042
2940
1521
2655
3183
2900
3118
1307
1315
2964
1203
2413
1911
344
4
26 6 15 16
5 12 6 12
2 4 1 13
5 21 17 2
24 10 6 9
21 16 20 10
2 1 20 6
4 23 7 11
5 6 4 12
2 23 3 5
1 5 15 23
1 20 16 5
3 23 24 6
23 25 17 26
1 6 19 1
26 21 6 2
4 4 26 5
12 3 3 17
6 12 16 27
8 22 27 2
1 12 6 21
7 26 24 4
9 23 24 2
16 13 26 20
7 20 6 1
2 11 24 25
8 8 11 18
27 26 27 21
4 22 10 11
25 9 13 22
8 23 10 18
5 14 22 26
1 9 26 6
27 5 13 13
9 13 16 27
13 3 16 13
9 3 19 22
22 17 27 7
9 1 11 20
17 14 23 17
14 2 8 18
4 10 15 18
1 10 26 14
27 13 22 14
17 4 4 8
14 21 14 1
20 16 8 24
13 15 6 27
17 15 24 18
3 22 7 24
11 24 7 10
26 13 17 26
19 18 5 16
11 27 18 22
4 3 5 9
24 10 21 19
25 22 26 15
3 13 26 26
14 4 22 4
22 1 24 17
19 19 5 10
20 4 18 1
22 6 4 9
20 9 1 7
8 18 3 3
11 11 5 6
23 22 11 22
20 26 2 11
2 12 4 13
18 7 6 3
16 7 10 12
1 11 14 11
24 6 27 9
10 17 24 14
22 11 21 14
16 15 21 11
7 9 26 15
10 13 18 5
23 11 14 11
2 7 15 24
14 13 9 14
18 1 13 1
1 8 21 9
2 22 5 2
15 13 17 19
6 22 22 9
18 10 21 14
19 24 12 13
27 8 10 1
22 20 4 2
5 14 13 18
3 12 23 18
15 6 10 19
1 21 13 17
5 11 14 23
18 12 18 10
11 6 2 20
2 21 22 7
3 7 6 18
16 6 19 17
23 6 17 11
24 5 19 6
11 19 26 9
19 13 13 25
3 21 4 5
2 10 14 20
8 7 26 17
5 13 6 16
23 25 23 23
3 15 27 17
9 21 9 6
16 22 25 12
27 2 15 11
22 13 13 6
4 20 1 26
15 8 12 21
26 21 1 4
10 22 22 23
2 12 13 20
19 8 23 25
13 26 5 2
3 7 25 13
22 15 2 6
13 8 1 22
11 19 6 20
6 23 23 13
2 20 19 6
8 20 15 18
15 1 25 25
6 14 25 4
14 3 22 4
14 17 15 3
11 23 9 25
16 26 3 15
25 10 17 3
22 8 9 24
4 14 3 8
2 22 11 25
27 21 7 9
11 10 7 1
21 12 1 16
4 27 6 17
21 17 2 21
20 22 13 27
9 21 24 1
13 17 10 9
4 18 5 18
1 18 18 1
18 1 19 13
11 17 15 14
23 15 7 22
4 17 27 13
8 4 26 19
5 8 11 5
6 21 22 11
5 2 21 4
12 3 3 20
1 13 21 8
23 19 18 26
20 4 10 8
5 24 22 9
27 19 15 12
15 16 10 24
14 19 4 13
14 9 16 16
16 24 11 4
5 12 4 18
22 1 14 3
19 7 24 27
6 9 3 10
15 11 14 15
11 21 25 11
4 17 5 1
9 12 7 6
3 1 10 6
8 21 26 1
15 21 21 17
20 21 19 16
12 16 5 24
26 23 10 7
6 3 17 5
14 3 19 22
8 1 8 1
4 6 4 11
21 24 3 20
3 18 24 6
4 24 23 16
21 19 14 5
19 2 16 25
5 13 20 21
20 1 7 18
5 22 5 13
3 25 9 14
19 5 13 6
23 14 23 14
15 6 22 12
19 7 14 1
7 24 16 12
1 24 1 6
19 6 7 2
25 9 25 26
19 19 25 24
20 17 27 1
20 11 7 2
19 11 5 24
18 10 1 3
21 14 8 9
9 16 9 14
17 5 5 14
22 16 7 24
14 17 6 14
19 12 12 19
27 12 20 2
20 15 3 13
27 16 26 2
15 18 1 6
26 17 1 25
24 11 17 20
22 15 27 20
18 6 11 12
27 4 11 16
15 21 24 7
20 6 13 18
27 20 25 25
15 20 11 11
10 9 8 26
4 11 2 1
14 9 18 14
18 16 3 6
27 7 11 20
5 5 14 3
23 9 16 20
26 22 3 11
19 10 15 8
3 16 27 17
11 14 12 12
19 8 20 12
10 8 16 22
27 24 25 20
8 17 25 15
10 12 23 11
4 12 17 2
20 15 27 8
10 24 18 23
23 11 2 20
25 24 3 13
2 21 6 6
1 11 13 2
4 6 6 14
16 11 19 12
5 9 6 7
3 23 12 1
18 14 8 14
8 22 4 24
16 3 8 3
6 6 19 7
10 7 27 2
4 4 10 13
16 15 6 24
7 15 10 15
25 15 17 21
8 19 13 2
3 6 22 8
7 4 18 21
24 8 16 7
19 2 2 26
16 5 15 8
1 6 10 12
13 23 21 16
3 25 6 12
25 15 13 13
7 23 22 17
20 4 19 21
26 23 22 5
26 11 12 16
14 27 23 23
11 21 15 15
15 2 27 9
7 10 3 25
2 15 21 26
15 27 19 16
27 12 23 24
27 7 27 17
25 22 23 25
8 23 2 14
26 18 10 12
12 6 5 16
17 24 21 3
23 21 15 5
12 23 3 2
3 12 16 1
6 23 6 3
14 22 8 5
25 7 19 18
25 5 15 2
3 26 23 13
14 19 7 16
24 14 21 21
21 24 2 4
3 23 2 7
5 25 13 1
25 11 20 1
25 17 13 26
12 15 27 19
11 11 3 15
1 14 25 1
17 2 23 24
17 22 3 21
26 11 23 2
9 20 7 8
10 23 4 4
1 23 6 19
19 5 23 9
12 8 19 9
26 20 4 22
2 12 23 10
24 16 6 27
16 27 6 25
9 14 6 6
16 12 4 24
10 25 1 11
23 12 21 6
3 15 12 20
1 2 21 12
5 16 19 15
24 3 4 14
15 19 22 23
21 20 18 22
19 5 9 27
4 18 13 21
19 11 17 17
23 27 24 27
3 16 18 9
12 16 13 17
23 2 27 6
21 9 23 8
26 20 4 16
20 4 27 1
9 19 27 22
12 2 23 20
14 18 18 10
27 9 19 11
2 18 6 13
13 25 22 21