27
792
680
504
462
660
3363
3336
2206
750
3106
1143
1233
2449
1233
1618
2650
1295
644
2034
2086
1930
2031
2929
1802
1634
1444
2038
388
1
24
21
18
3
13
6
8
10
19
1
15
25
15
24
11
8
21
14
15
10
21
23
26
26
9
18
6
23
4
21
25
10
2
2
2
26
1
16
17
6
10
7
24
27
15
4
3
5
3
25
1
2
15
27
13
6
9
13
5
15
7
5
4
19
4
15
2
2
17
24
6
19
13
7
12
5
2
3
25
12
17
20
27
17
27
24
13
11
20
21
27
17
23
14
16
14
20
6
27
10
3
23
9
11
15
9
13
20
13
11
13
24
14
16
13
15
18
6
26
23
5
7
2
22
22
3
17
13
3
6
11
21
4
26
24
2
26
13
2
9
16
8
13
21
9
1
19
16
14
3
18
22
25
13
18
21
2
20
10
20
27
26
24
5
15
10
11
18
7
20
18
11
16
5
5
15
7
6
26
8
26
14
26
5
14
25
18
7
25
10
2
18
21
13
21
8
14
10
27
16
6
27
8
22
9
3
20
14
21
1
12
6
11
13
9
14
2
21
8
2
9
25
15
15
23
19
1
8
18
7
8
4
9
9
22
3
8
7
5
17
14
11
9
24
20
24
1
25
21
7
24
20
13
16
23
5
1
16
24
15
13
11
5
14
25
17
6
9
6
15
24
11
1
4
25
6
18
5
7
10
5
24
3
9
25
3
5
25
14
5
18
12
13
23
23
16
23
4
12
14
1
5
25
18
20
20
18
10
8
2
9
13
14
4
12
3
7
2
25
22
23
21
7
21
18
14
25
18
8
19
17
2
2
27
10
11
20
5
17
17
13
23
9
6
10
9
15
11
8
16
17
19
23
8
24
24
17
20
1
10
23
25
6
18
4
23
18
9
11
26
12
2
3
17
17
2
23
15
15
10
23
27
27
19
4
6
9
25