27
2775
1858
2665
706
2002
1437
1644
3118
1362
1754
3026
1352
2041
1017
1770
3183
2377
2225
1701
846
1534
2479
1861
1560
1148
1690
1770
336
4
18 27 11 14
20 27 7 14
20 24 20 15
21 12 8 21
5 9 8 4
12 26 2 16
13 3 17 7
1 16 23 22
24 9 15 23
3 11 10 27
21 21 16 19
21 5 26 24
3 5 22 21
18 3 11 27
13 26 12 25
7 20 22 9
2 23 8 5
24 15 23 26
22 4 27 7
13 26 17 15
3 20 13 7
16 27 26 10
1 18 4 17
27 14 23 11
21 22 11 16
25 15 13 11
10 14 24 24
13 17 13 18
10 26 26 21
1 23 14 3
16 2 13 23
16 27 12 9
18 11 27 23
10 7 18 11
1 23 22 6
8 19 25 3
5 19 11 24
27 18 5 15
17 19 13 11
22 2 12 24
11 14 24 14
23 24 10 27
13 6 26 1
11 2 21 24
6 2 10 22
8 12 20 5
26 22 3 22
15 4 20 11
21 1 14 24
19 7 11 20
25 21 4 23
17 2 17 14
6 1 3 13
17 9 3 25
1 16 24 13
18 12 16 26
8 25 19 4
3 16 17 13
2 21 13 20
1 3 23 20
27 12 14 9
1 17 15 9
4 8 13 18
23 15 2 14
19 12 24 13
5 27 9 13
23 19 1 27
14 5 13 23
17 1 26 19
10 16 1 26
21 2 26 15
14 26 11 27
2 20 6 7
19 3 3 1
17 26 19 25
12 10 15 4
25 21 26 10
8 20 16 7
22 19 24 27
13 12 18 13
11 14 12 12
12 2 6 17
23 21 3 15
20 23 1 5
4 2 25 19
26 11 4 6
13 14 20 7
24 18 15 11
17 4 3 7
19 24 9 14
22 23 14 17
21 17 23 13
8 5 18 12
24 3 8 27
9 16 10 13
6 16 24 14
12 12 23 15
9 6 4 23
2 22 5 27
20 1 13 16
18 26 21 7
1 6 10 26
7 24 24 10
21 2 26 7
16 4 1 23
9 5 4 5
2 9 25 17
26 21 16 25
1 20 17 27
4 17 15 5
6 5 26 25
24 12 21 3
1 9 22 8
8 2 21 15
8 23 14 3
13 24 10 11
3 9 25 12
6 6 25 13
14 1 16 21
21 9 5 16
11 10 8 7
20 3 4 25
5 12 13 16
20 4 23 9
3 20 11 15
22 14 1 5
16 5 23 25
9 16 25 4
12 3 10 8
6 9 6 16
23 5 11 13
10 21 18 10
6 25 14 10
14 19 9 16
23 15 20 22
20 14 10 3
20 11 3 14
12 19 15 3
15 15 21 23
18 6 13 2
23 1 4 10
26 3 22 23
12 12 10 24
22 13 20 12
1 18 8 2
6 16 4 19
24 4 12 23
16 20 25 10
14 26 2 14
25 4 2 23
9 1 9 18
8 26 20 3
27 6 26 21
7 10 25 4
23 7 13 7
18 27 25 27
8 1 8 12
2 13 25 18
11 15 23 23
25 26 7 9
12 6 18 27
9 10 19 14
1 5 3 25
14 27 18 8
16 5 7 15
27 22 10 7
5 24 25 27
5 6 11 11
24 9 9 22
25 19 17 27
1 20 26 24
17 12 1 10
1 10 14 6
7 4 16 8
23 18 7 6
19 21 4 1
9 23 2 8
6 8 27 16
4 23 24 6
24 26 25 22
24 18 19 16
23 22 3 23
16 25 20 23
24 12 6 3
2 9 3 27
7 23 20 10
19 3 2 7
3 20 1 26
12 23 9 7
24 13 20 14
18 26 2 23
12 18 25 25
10 27 14 22
11 23 13 1
18 10 24 24
13 13 20 17
15 19 22 5
21 24 14 25
14 1 2 14
15 11 24 7
12 1 8 5
4 20 15 17
3 2 6 18
14 5 27 19
27 25 17 25
17 16 5 2
8 12 6 18
9 14 16 13
8 18 5 27
25 12 26 2
18 14 4 15
20 15 8 24
26 15 19 8
7 22 1 25
12 3 8 19
11 5 7 11
24 26 27 11
20 17 3 20
5 14 14 19
12 15 6 21
19 3 11 20
15 7 20 10
6 6 5 27
8 19 4 20
3 27 24 17
2 3 26 15
18 5 14 7
12 4 4 14
19 24 7 8
10 26 16 15
21 19 22 16
15 5 10 10
8 22 1 5
22 6 15 1
1 24 24 1
5 9 21 2
23 17 8 6
1 12 8 2
6 15 25 7
23 11 27 7
18 20 11 4
15 1 6 8
16 23 8 18
20 16 5 25
27 14 16 24
24 15 14 10
8 23 24 4
14 10 16 6
8 12 9 1
8 7 12 6
13 2 20 14
13 6 19 14
26 16 24 26
5 10 11 14
27 16 14 25
27 18 27 25
12 20 21 14
24 14 11 5
17 12 6 14
24 7 19 16
7 22 15 19
19 1 12 15
11 17 10 15
26 5 3 4
23 7 14 6
4 10 2 21
1 14 7 17
7 4 18 25
20 5 6 21
8 20 19 20
18 18 5 1
6 20 26 18
6 12 23 22
11 17 1 20
9 18 8 2
24 1 8 13
5 19 15 10
17 9 24 13
11 1 4 3
8 27 22 11
7 18 22 23
9 3 7 9
20 14 4 19
8 12 10 15
19 18 15 20
19 5 27 18
17 17 15 20
22 7 10 9
26 20 11 2
3 20 11 22
21 3 6 6
15 24 1 21
12 9 7 25
5 6 7 12
12 23 6 10
24 3 24 18
13 10 2 9
13 5 15 17
25 11 10 20
17 27 27 5
8 21 6 5
4 14 20 10
19 17 18 19
1 12 1 9
24 18 7 12
4 21 23 4
4 14 13 10
13 18 14 23
27 25 24 20
17 7 25 7
22 26 12 13
22 21 27 5
23 23 23 21
26 6 1 15
8 12 14 10
26 22 8 9
2 17 5 26
3 2 14 24
23 26 21 24
20 7 18 15
25 23 27 21
18 12 24 12
12 2 18 3
14 11 10 16
10 12 22 4
14 20 14 21
24 25 27 4
19 17 6 6
13 3 14 6
27 7 17 4
19 13 22 23
17 13 16 5
22 4 1 22
22 6 14 2
13 19 2 11
5 23 22 15