27
2806
2418
3437
912
2842
2427
1784
901
461
1246
2394
3028
471
2444
2912
1434
960
1363
3067
3434
813
2127
3381
1376
2479
1163
2999
351
4
23 21 25 27
25 8 19 20
7 12 18 2
18 14 20 3
4 24 3 20
18 24 1 20
20 19 16 17
15 13 14 13
8 22 1 23
24 16 17 10
15 2 14 18
4 23 13 7
12 22 10 27
6 10 22 2
22 23 2 6
11 12 20 23
25 8 13 9
16 10 4 13
18 4 15 1
19 13 20 15
8 7 18 25
17 9 21 4
23 27 26 16
6 4 22 10
13 16 9 5
5 8 1 4
11 5 13 19
19 17 11 20
3 15 22 18
2 12 15 17
3 3 27 22
8 16 6 24
14 10 26 19
16 24 5 20
4 22 9 9
4 15 5 20
13 11 11 16
7 21 19 19
8 7 10 2
1 16 3 17
7 5 6 6
21 16 19 3
5 14 9 19
11 5 23 12
22 20 9 27
15 23 20 13
27 24 11 22
11 18 8 14
18 5 9 10
3 11 13 19
23 7 20 23
6 21 22 7
7 16 8 5
7 27 19 5
24 27 7 23
10 16 10 18
7 5 24 4
26 1 27 19
12 23 24 27
19 6 26 3
23 18 14 21
22 13 16 1
13 26 13 20
8 2 13 6
17 17 8 4
19 17 20 5
8 20 27 17
9 14 19 16
20 10 26 11
6 18 17 15
9 22 27 6
1 26 19 2
23 6 5 27
22 11 12 18
6 23 4 7
5 22 19 14
18 4 25 12
1 6 4 3
2 26 18 11
13 25 12 13
14 26 14 1
24 6 4 6
15 27 26 8
7 24 10 17
10 20 25 2
1 12 18 24
10 8 6 3
21 16 24 24
12 1 8 27
11 27 26 14
17 26 12 24
23 24 24 6
26 26 10 10
22 25 12 23
21 19 5 22
20 25 8 5
19 19 1 25
19 1 10 3
4 21 6 1
27 17 24 25
11 13 21 9
22 10 21 12
14 1 5 18
15 13 12 9
22 12 4 19
12 6 6 18
7 24 11 1
23 6 12 24
13 8 14 7
9 11 25 9
9 23 18 15
27 27 18 27
4 21 5 24
21 4 3 26
27 14 24 2
20 23 4 10
16 14 4 12
26 21 12 11
20 12 19 16
9 26 5 11
27 19 19 21
23 17 10 8
19 4 16 4
24 15 1 19
4 18 5 8
4 14 3 25
23 19 27 13
12 26 13 5
3 3 27 13
18 12 25 11
19 26 12 21
23 5 23 15
23 25 17 11
16 21 4 5
4 7 22 6
6 25 26 4
10 23 3 21
12 11 5 7
17 20 25 9
10 16 10 14
9 22 26 15
5 9 21 1
11 23 21 15
26 8 19 6
22 23 1 23
27 6 11 2
23 9 18 11
7 14 22 17
19 12 27 22
7 25 19 4
11 13 27 13
12 12 24 20
23 19 25 16
13 4 26 3
3 1 21 19
18 2 11 24
4 6 26 23
14 7 10 13
16 26 21 16
9 5 8 23
25 8 18 15
23 20 4 24
22 14 15 25
27 1 9 6
24 4 13 21
5 11 22 13
8 10 11 10
12 12 23 8
26 19 11 5
14 1 24 25
10 23 17 24
4 7 2 4
18 20 10 19
15 25 2 23
13 3 1 6
5 10 8 24
16 3 2 20
6 4 12 17
23 26 4 2
16 9 5 9
11 20 15 1
17 12 12 17
1 22 7 12
6 17 13 25
6 17 23 15
14 15 24 20
10 10 8 4
12 7 5 27
15 16 23 13
17 21 23 24
11 12 18 2
11 25 6 9
11 21 4 18
2 18 14 15
3 11 26 26
3 10 25 22
17 22 19 6
17 15 8 24
6 26 15 11
1 27 9 2
6 7 10 24
7 7 13 21
12 22 22 4
10 5 15 6
18 11 18 26
6 25 22 15
1 4 14 13
15 25 20 15
21 21 7 5
12 17 11 13
26 4 10 9
24 22 3 10
18 15 16 23
7 2 14 13
12 9 23 12
5 11 6 25
14 16 16 17
12 20 8 16
18 6 19 6
9 1 21 27
14 14 12 22
13 7 9 13
10 25 21 11
8 13 11 5
3 12 24 21
9 19 7 8
13 5 21 2
21 27 5 12
2 16 10 26
4 12 14 2
19 7 25 13
6 26 11 18
3 12 8 3
10 15 11 11
13 27 24 2
23 24 26 9
23 18 1 14
22 16 27 23
1 19 9 25
26 2 20 6
11 9 14 21
14 26 15 11
22 20 1 1
15 17 3 17
13 17 22 18
1 16 18 23
4 23 10 9
21 7 13 24
3 18 12 3
12 8 21 24
23 21 15 2
23 1 12 12
2 8 20 7
12 16 20 5
14 5 15 27
3 6 3 20
19 2 4 23
10 15 5 18
6 7 4 15
24 24 17 27
19 12 10 13
10 24 8 3
8 1 9 9
21 24 9 24
2 1 11 5
25 23 12 4
26 21 13 16
26 11 24 23
12 16 7 16
18 23 15 24
10 26 18 21
23 3 20 18
17 8 12 6
18 2 11 9
7 5 17 7
18 8 18 14
12 6 19 14
23 9 26 6
24 4 13 14
22 27 4 16
20 9 9 19
17 16 24 9
13 27 2 1
13 16 12 25
13 26 16 26
10 14 24 12
16 1 19 18
18 19 4 24
26 12 21 2
12 1 18 24
15 25 5 23
22 25 2 15
9 12 12 22
6 6 14 10
13 13 13 5
9 13 18 14
11 1 27 20
2 6 14 23
13 4 6 17
9 1 10 18
27 18 22 21
17 20 5 3
6 25 7 4
13 3 8 25
13 6 2 18
7 14 23 22
23 5 7 5
19 16 19 23
2 21 23 12
21 1 21 6
2 21 19 25
16 6 26 20
15 3 16 6
21 19 21 5
26 27 22 25
2 18 27 26
13 16 12 27
2 19 27 25
25 10 27 6
16 25 6 16
27 5 26 18
24 20 4 18
24 21 1 8
22 24 23 12
15 18 9 5
9 22 7 2
23 17 20 18
19 3 1 5
8 5 27 3
19 16 14 17
18 24 14 10
4 21 18 24
24 23 10 26
11 1 6 6
5 4 16 25
22 16 16 12
18 15 1 27
26 15 7 14
5 5 22 15
18 13 22 6
26 6 15 7
10 7 12 4
13 18 9 21
4 13 16 16
12 12 15 23
22 2 25 4
11 19 4 27
2 22 4 12
8 8 4 26
20 18 25 17
5 25 5 11