27
611
820
584
3053
2848
1963
2689
3496
2533
1527
2037
1959
1569
420
1322
3353
1097
1256
855
2026
2072
3001
2087
3098
1419
1651
571
345
1
8
19
5
3
26
26
16
13
26
12
10
5
22
12
12
4
26
16
7
26
23
23
24
1
24
2
2
18
5
2
10
18
23
9
16
21
22
15
27
18
15
7
10
11
21
4
11
7
4
6
11
22
17
25
23
2
11
21
5
20
24
24
16
22
16
25
8
23
5
16
26
23
5
12
14
13
9
19
7
14
17
16
16
27
5
4
12
26
25
11
15
21
22
27
7
10
25
17
7
10
23
13
17
26
6
6
5
13
3
26
3
3
7
13
1
21
6
17
17
18
13
22
10
26
22
7
25
8
8
20
20
19
11
23
14
19
6
1
6
24
23
9
22
13
12
25
7
3
5
12
7
12
22
20
11
25
10
27
27
23
5
20
7
5
17
4
20
21
12
19
27
25
24
22
20
21
16
7
3
19
27
8
19
4
5
18
13
11
16
19
15
2
23
7
23
26
19
6
5
22
17
24
11
21
10
9
15
12
2
5
20
13
16
21
25
6
20
14
4
17
2
8
15
21
18
10
10
10
11
5
27
11
11
20
7
27
15
13
22
1
12
13
5
23
23
12
9
8
3
4
13
5
19
21
11
15
10
19
6
21
3
7
18
4
22
2
7
23
22
2
2
8
15
24
24
1
18
27
11
19
27
21
21
5
22
21
15
13
20
5
24
23
24
20
5
12
20
4
26
8
21
12
24
1
3
19
14
12
16
10
13
24
13
5
9
21
8
15
11
24
27
26
19
23
18
26
10
15
18
14
12
5
2
27
12
21
20
26
14
18
8
21
11
8
3