27
1759
991
1275
3377
2904
431
1565
2890
3447
514
1733
2398
3300
1034
3156
1536
1860
1666
2131
2787
2412
1513
846
480
1812
1480
3112
310
1
7
18
27
24
21
10
8
7
20
15
7
9
27
23
3
18
3
21
8
7
5
25
16
12
4
8
13
2
8
12
21
13
18
14
18
11
6
9
9
7
25
12
10
17
21
4
4
9
4
6
14
24
26
2
14
15
18
16
23
9
1
7
11
21
2
20
15
15
17
17
7
9
27
11
17
19
17
15
25
21
24
23
21
9
21
12
21
3
6
14
20
13
2
20
3
23
23
27
6
12
27
19
7
20
9
20
8
16
17
9
20
27
21
27
26
19
21
8
27
6
3
24
4
15
1
12
4
26
27
19
9
20
10
11
10
10
18
25
9
5
16
4
13
25
5
13
21
8
25
24
19
5
24
15
9
21
10
4
25
4
3
25
26
5
17
27
3
10
22
6
16
23
19
11
19
2
19
7
11
18
4
5
27
7
21
16
26
11
21
9
16
9
12
10
25
3
15
24
13
6
20
6
10
23
22
2
15
3
24
12
15
1
15
1
13
22
25
15
4
1
21
6
24
1
15
11
16
21
3
18
11
25
7
2
4
23
7
4
21
15
8
5
25
16
24
6
13
11
7
26
18
19
14
16
23
21
12
26
14
9
8
25
2
21
20
12
11
18
6
13
23
25
4
17
17
11
7
7
17
12
14
2
8
8
20
10
19
1
10
8
3
15
17
12
19
21
20
13
15
10
8
7
11
10
4
8
7
6
6
26