27
3537
1540
835
575
983
1125
1786
3298
1255
2787
741
1703
1525
695
840
3139
1937
3246
2121
1520
2819
3511
2657
1876
2858
710
2531
354
4
22 23 12 6
11 8 16 27
10 18 18 14
22 23 15 22
16 16 14 15
9 15 20 9
14 27 27 15
25 20 11 13
16 7 22 4
16 14 4 26
3 5 4 19
22 13 21 16
4 6 27 14
25 25 6 18
26 11 26 25
10 12 18 26
12 25 24 10
20 12 3 15
15 10 8 8
4 18 8 24
15 16 11 14
2 16 15 3
19 27 23 3
6 10 9 2
20 12 18 18
20 3 14 2
1 23 5 13
23 23 9 23
13 5 16 4
21 17 20 12
3 20 21 13
23 8 17 23
18 12 24 15
17 6 3 6
20 19 5 20
19 11 4 3
6 19 24 6
22 16 5 7
4 13 16 24
25 2 6 14
11 17 14 24
12 3 11 11
13 5 18 7
23 18 20 3
3 22 2 9
10 27 10 10
9 4 7 18
10 26 5 19
25 12 18 16
8 14 21 27
15 9 26 27
16 13 2 11
11 21 27 20
25 21 4 6
9 7 18 19
12 20 3 9
3 19 14 3
24 13 1 18
23 11 3 11
25 10 19 1
5 8 21 3
20 13 16 13
6 27 9 4
1 3 23 16
14 15 1 17
13 13 10 2
26 20 8 8
23 15 2 5
19 21 15 24
24 22 15 18
7 4 9 15
6 7 25 15
26 5 1 26
17 27 5 1
21 8 4 10
4 14 2 19
12 17 14 25
7 2 5 12
26 2 20 17
10 20 27 6
13 23 15 5
6 10 2 9
23 19 17 8
18 2 2 4
10 11 5 24
25 24 21 9
22 5 20 22
20 9 19 26
5 15 22 22
3 25 12 13
4 10 21 19
5 13 8 17
2 9 4 11
10 5 20 27
25 26 19 13
26 14 9 24
16 15 10 4
7 3 26 6
7 13 21 12
15 18 9 12
18 9 19 4
16 5 25 11
25 9 10 23
21 6 15 13
5 5 22 26
2 1 1 14
16 24 26 3
26 2 8 4
5 24 12 26
20 23 4 4
24 20 14 17
18 6 27 10
23 20 24 16
27 27 14 17
19 23 3 10
16 12 20 19
5 24 19 4
5 21 13 26
13 6 23 7
12 19 19 18
17 1 26 15
20 23 26 21
2 11 20 20
20 18 14 25
9 15 10 25
2 18 16 22
24 6 23 7
21 8 23 18
3 11 20 19
12 4 6 5
19 15 17 26
23 11 14 25
26 3 6 27
3 6 9 20
23 8 6 10
14 3 10 5
2 14 11 26
3 1 20 3
4 5 3 10
11 7 19 20
24 12 21 3
12 9 5 7
3 19 11 7
5 26 5 9
24 5 25 1
22 22 20 17
2 4 19 21
27 23 22 13
25 3 9 2
27 19 13 9
14 19 22 13
13 7 19 1
24 15 13 20
20 15 7 25
10 20 7 20
15 4 15 19
20 24 27 18
16 8 20 14
3 24 21 21
23 26 11 6
25 27 13 14
19 11 6 5
6 8 22 13
14 14 13 25
22 15 8 3
8 12 11 5
13 6 3 3
16 4 4 17
9 18 23 16
27 24 16 3
25 5 24 21
25 17 15 13
24 14 5 13
15 9 8 2
17 26 24 26
17 7 1 18
7 7 9 17
18 23 17 22
15 14 22 4
12 1 3 14
21 3 5 21
15 3 20 8
8 21 16 25
7 25 27 13
8 12 1 3
9 9 3 20
16 9 14 2
17 22 24 19
4 9 22 11
21 7 11 11
18 7 18 27
25 1 20 27
16 7 13 18
4 11 5 17
23 2 5 14
13 15 10 2
15 24 25 4
4 24 4 13
27 18 8 10
3 11 22 16
25 20 15 20
10 27 25 13
22 11 5 26
9 13 20 15
10 15 5 25
20 27 16 10
20 8 19 19
1 6 5 25
25 20 19 12
10 1 24 26
21 15 7 7
21 25 25 14
13 9 24 3
16 3 2 12
26 21 16 27
17 3 3 4
17 19 16 13
8 16 26 20
15 19 9 19
5 2 3 25
3 27 18 13
9 14 26 22
24 6 24 4
25 27 2 20
19 26 1 9
1 10 24 20
5 23 13 8
20 12 26 22
21 6 18 13
3 14 18 17
24 27 23 26
21 16 2 10
15 5 15 27
20 15 19 23
3 4 18 25
17 11 12 15
11 18 4 15
8 19 20 9
1 22 9 19
5 6 12 13
27 4 5 26
15 27 23 21
16 7 24 15
20 4 27 24
8 2 4 1
6 15 9 1
18 9 10 25
16 6 12 22
22 7 25 11
9 11 16 15
23 16 12 15
7 5 26 22
19 10 21 26
15 13 1 12
21 6 21 1
20 26 19 24
22 26 3 7
4 12 3 17
19 21 10 6
7 6 22 1
25 6 7 26
8 11 1 26
16 13 4 2
17 5 17 5
17 14 1 16
13 16 7 23
21 15 14 24
23 15 18 27
23 18 3 2
12 14 5 13
15 9 18 3
16 9 24 18
2 27 16 4
14 23 8 7
16 6 24 9
25 3 4 18
19 18 15 21
11 13 8 8
15 5 27 10
24 17 18 16
27 13 10 16
24 25 12 2
23 13 9 1
10 13 16 18
8 15 1 19
19 6 24 24
1 6 2 7
13 22 12 25
3 3 19 7
10 16 26 3
6 17 14 16
27 11 5 19
9 8 7 4
8 9 5 20
24 8 17 19
15 10 24 22
4 26 3 6
23 16 8 12
23 4 7 6
15 3 20 22
22 17 8 5
21 27 25 22
24 3 5 8
15 2 17 1
11 14 7 1
14 19 9 19
27 6 27 7
22 15 4 15
13 11 23 11
17 3 26 3
12 3 10 25
12 13 6 8
5 7 16 2
23 8 7 14
27 6 25 9
12 27 26 21
4 16 18 11
11 14 22 12
24 11 14 1
23 6 18 10
15 27 4 20
1 9 15 23
13 12 14 12
16 8 21 25
5 3 27 23
10 26 15 11
13 20 22 17
20 26 21 4
14 6 12 17
14 4 14 27
18 7 4 16
7 25 15 6
4 8 17 13
16 12 19 4
4 20 19 17
13 20 9 26
18 9 16 17
11 3 11 20
9 13 21 10
21 14 20 5
19 1 23 6
10 15 15 14
14 3 6 6
25 9 23 9
6 7 11 3
7 23 19 9
14 6 7 10
25 1 25 16
14 4 20 8
2 4 1 27
7 14 13 3
26 16 20 23
15 7 17 22
4 24 4 3