27
2563
1031
2340
1212
1150
1407
2471
945
733
1977
1605
1387
901
1970
2430
2166
2163
1735
681
3254
1609
454
2571
1139
1482
1804
2887
285
4
7 23 7 6
4 3 3 2
21 12 13 17
14 19 22 20
7 23 27 19
12 21 21 4
3 18 7 6
25 27 13 11
15 3 11 2
3 20 25 7
12 24 8 17
7 12 23 1
2 13 1 19
2 18 12 20
19 14 7 14
18 25 26 2
17 5 9 23
7 9 23 11
12 2 25 4
6 14 13 20
4 18 20 9
20 17 1 21
19 26 26 14
16 18 23 11
6 26 23 20
18 8 14 4
10 8 12 24
11 17 8 7
15 25 25 13
14 9 8 17
27 22 4 5
15 16 24 25
8 8 18 10
21 26 5 10
24 25 16 14
1 12 17 2
3 4 5 17
24 27 10 27
13 19 10 3
21 17 25 27
25 18 2 16
26 1 4 8
23 15 21 11
3 13 13 7
22 14 18 26
21 5 3 14
23 16 26 16
16 26 1 8
4 12 9 26
19 2 20 7
12 3 12 8
19 15 27 10
2 5 8 27
7 12 22 6
18 7 23 14
7 27 12 19
5 4 17 7
22 4 5 13
10 20 6 14
6 13 13 9
16 1 27 13
25 7 22 22
20 18 9 12
2 1 11 11
7 25 15 13
8 2 19 6
21 2 2 13
14 22 7 9
7 12 7 5
27 7 10 1
8 17 24 17
20 26 9 27
25 9 9 21
5 15 9 27
8 25 18 18
5 16 5 4
14 12 25 27
8 20 10 1
9 25 23 23
27 2 21 19
11 14 1 4
26 23 24 1
9 6 3 16
5 24 15 7
24 2 3 8
19 2 19 19
25 3 5 1
1 15 18 1
18 15 6 20
12 4 23 25
1 7 12 7
27 7 22 20
18 2 4 21
26 12 24 27
5 16 14 14
16 13 2 20
19 25 15 3
6 12 23 18
4 4 19 22
26 10 24 13
8 26 7 7
20 2 18 15
7 27 21 9
13 18 7 13
5 13 14 12
14 26 15 15
11 23 6 8
8 24 23 20
26 25 19 9
14 16 11 15
22 15 11 9
16 23 14 18
7 10 4 14
13 9 15 2
8 3 10 14
5 12 5 9
1 2 15 19
3 22 9 17
12 20 24 21
26 9 7 14
17 5 10 18
13 5 19 7
19 27 26 5
14 9 11 20
17 8 19 18
27 12 5 11
3 21 12 16
24 27 26 3
10 21 25 22
4 17 8 9
12 11 14 20
24 1 27 20
5 16 3 15
25 20 26 18
11 8 21 24
25 19 11 13
1 23 19 27
22 12 25 17
14 15 11 16
23 17 20 25
26 20 14 24
3 17 27 27
9 23 23 22
26 26 27 21
1 1 18 9
9 24 14 23
22 12 26 8
14 9 14 11
24 26 5 13
23 1 26 5
15 13 19 20
4 20 23 14
24 7 22 25
2 7 14 9
9 21 22 14
27 18 24 8
15 4 21 13
10 8 9 24
2 4 1 18
25 5 6 11
13 4 3 16
17 3 11 15
2 14 23 26
9 27 19 19
18 20 3 21
20 8 15 8
26 10 10 21
17 22 16 9
22 23 23 11
23 6 22 23
6 1 5 9
17 22 10 26
11 12 2 1
10 13 23 17
17 2 16 23
13 12 8 15
6 22 13 1
15 26 4 26
25 24 14 23
21 5 27 1
23 9 4 1
19 21 8 27
2 25 20 1
10 26 25 26
26 22 25 18
26 12 27 22
1 21 10 10
5 10 7 17
14 5 23 8
16 4 5 15
3 18 7 25
5 18 22 13
22 13 7 23
2 23 26 24
19 20 27 9
14 18 3 18
18 10 27 8
3 24 5 27
12 1 19 16
5 27 16 1
4 9 14 13
11 18 20 27
15 8 22 13
2 8 10 21
21 4 16 12
9 14 16 14
10 19 20 19
13 4 7 12
25 21 16 5
4 13 24 16
16 1 4 18
7 15 4 11
14 10 4 13
16 15 10 17
7 2 16 24
2 24 1 6
6 18 2 3
13 20 22 16
8 22 14 2
2 22 4 19
14 18 18 8
10 27 9 6
16 1 17 1
22 8 27 6
4 27 6 6
11 20 22 2
20 21 3 13
15 23 22 21
19 24 13 10
27 2 3 1
1 24 15 19
11 11 22 16
16 12 27 14
26 20 12 22
1 26 13 16
9 3 25 17
19 23 20 18
19 11 11 21
6 22 11 4
6 4 13 25
1 22 13 17
27 20 25 18
21 8 5 27
13 13 10 26
7 2 22 23
9 12 2 24
10 25 12 5
8 14 4 17
4 9 24 25
3 15 13 7
3 14 15 23
20 12 16 17
1 13 5 8
13 9 7 7
25 22 14 13
5 22 14 11
1 15 13 6
17 22 21 25
22 8 6 21
20 20 14 9
14 23 14 9
12 25 13 5
3 6 11 18
10 6 6 20
1 1 12 1
27 11 4 27
7 13 22 7
5 27 17 20
18 19 19 18
16 24 9 13
13 6 14 7
9 1 18 7
24 10 16 25
15 13 24 11
8 24 10 7
2 24 14 15
2 21 11 2
11 14 24 27
22 6 17 2
18 12 5 13
21 25 19 25
16 26 17 7
16 13 24 12
15 21 26 1
25 27 2 23