27
3029
2608
1902
1693
795
3163
3196
3320
3376
889
2361
1315
977
1271
1179
1895
778
1446
546
1481
3079
2079
3496
2759
3520
2379
3161
354
4
9 14 26 24
27 22 20 25
6 6 12 15
17 17 19 13
1 1 24 22
9 21 21 20
27 6 7 5
16 20 18 26
19 26 4 1
8 27 16 11
14 14 25 12
20 23 5 2
26 22 2 8
5 2 16 18
12 13 20 12
14 24 13 5
10 10 1 12
6 5 20 9
3 13 10 1
18 25 16 15
4 10 4 7
8 17 13 15
20 18 6 2
4 7 3 22
21 11 25 21
6 12 6 11
13 1 10 26
16 18 15 18
10 2 21 25
14 3 19 15
24 1 3 27
11 4 19 25
13 8 25 26
4 11 18 24
15 11 1 10
14 24 10 11
12 20 6 14
18 20 16 24
7 24 19 14
14 14 11 25
17 18 20 13
3 14 11 3
22 19 20 26
5 7 7 25
18 7 10 21
15 15 11 1
11 14 24 22
17 2 23 22
2 21 2 5
7 10 9 27
17 8 4 6
8 14 20 24
5 8 19 24
25 10 7 18
10 3 27 24
9 3 27 18
10 1 25 7
17 1 5 17
3 10 25 14
15 16 17 6
5 8 6 9
6 14 15 14
7 20 5 11
24 22 2 16
19 14 21 9
2 15 16 23
15 4 13 20
19 13 13 8
13 17 12 23
7 17 9 24
23 15 21 6
13 26 27 21
16 6 15 25
15 24 20 14
18 6 6 10
19 24 24 10
5 21 21 23
5 17 4 4
20 26 21 21
10 16 27 5
3 21 6 21
10 11 20 24
6 1 27 6
8 4 8 13
12 12 25 18
9 9 14 15
14 19 9 26
5 4 18 19
10 21 18 20
4 25 3 26
12 4 14 26
14 19 17 15
5 20 23 18
10 11 7 17
18 13 6 26
18 26 10 27
7 5 13 15
2 2 16 11
10 11 21 20
26 7 19 9
27 3 15 7
27 17 6 13
14 23 20 24
26 9 18 26
12 3 10 10
19 12 20 4
4 6 24 4
23 11 2 22
1 16 5 8
20 5 4 26
1 19 22 2
6 18 18 18
22 14 26 26
12 21 23 20
22 3 24 25
15 6 4 15
9 17 15 14
24 11 18 18
23 1 22 10
1 24 20 20
7 14 14 17
16 10 25 5
6 10 23 3
13 27 24 15
4 8 12 25
25 3 18 9
6 12 13 22
7 9 10 3
21 11 17 4
14 25 14 10
18 20 24 5
23 11 7 22
13 15 5 15
25 24 11 17
7 2 2 20
16 7 9 23
19 27 22 19
15 2 4 11
27 4 15 20
26 7 8 8
13 14 1 19
20 21 21 14
8 5 18 5
3 27 18 6
4 17 22 21
22 16 14 10
8 25 1 17
26 16 16 22
19 4 11 1
10 4 27 2
21 10 14 14
7 18 16 27
21 22 10 11
9 16 13 15
24 9 11 19
9 15 27 10
12 7 16 6
27 7 20 7
22 22 26 22
27 17 14 21
23 16 1 6
18 2 18 27
2 11 2 27
25 27 23 19
6 6 23 25
13 21 10 19
10 20 12 21
19 10 27 11
19 14 6 8
23 7 24 5
5 4 4 10
21 14 4 8
18 10 4 18
22 11 14 27
12 2 15 22
8 16 22 14
19 12 14 19
22 23 15 6
26 1 1 4
26 25 27 8
11 18 10 21
14 16 8 27
14 17 18 13
13 25 20 24
8 26 24 23
11 9 18 8
18 8 7 24
15 10 12 6
25 10 3 2
6 13 4 3
25 13 13 3
17 27 22 13
8 8 21 2
23 21 14 27
17 23 4 12
14 21 19 2
23 14 2 21
16 14 3 4
9 8 8 16
26 8 1 14
13 8 25 19
16 9 1 22
21 9 17 11
22 24 10 20
24 23 20 15
7 14 11 26
10 6 7 16
9 4 18 4
17 16 7 18
23 11 13 4
11 12 7 4
1 8 1 10
4 8 19 24
27 26 17 1
26 6 26 6
14 18 19 19
23 13 17 22
17 12 2 13
1 3 22 21
13 25 23 26
18 19 21 11
27 16 21 13
12 20 3 17
23 13 27 21
25 27 7 19
24 13 16 22
20 2 7 22
15 18 21 19
5 5 26 23
16 6 7 26
21 12 16 17
21 16 1 10
11 11 8 21
3 21 26 12
21 13 15 3
3 15 9 5
10 13 9 24
1 9 24 2
16 17 8 9
25 11 13 17
19 27 1 8
7 7 1 1
4 21 4 2
16 11 6 8
12 3 4 23
22 11 9 21
6 19 16 27
1 3 22 2
4 21 22 20
14 12 18 19
2 2 5 3
9 9 19 6
22 20 27 13
16 26 17 17
19 12 11 26
27 25 15 11
2 1 12 27
26 16 18 18
18 24 25 25
18 4 24 26
15 25 19 22
15 22 21 10
17 14 2 16
12 6 24 16
22 18 27 14
26 15 1 22
8 13 12 4
21 4 17 19
16 11 25 10
8 22 18 1
13 7 15 1
18 5 25 3
13 20 19 11
25 21 17 10
22 13 20 22
8 3 11 13
13 4 13 16
5 23 27 1
21 24 26 21
26 2 24 25
26 1 24 16
1 8 15 23
11 20 21 2
20 19 22 25
10 13 10 19
14 15 3 14
2 5 19 4
2 9 17 11
23 18 12 1
12 1 6 15
26 9 7 17
27 21 15 24
11 23 19 22
13 12 21 13
24 21 17 2
18 18 7 13
13 4 24 15
6 3 25 5
19 15 1 21
24 5 3 9
4 19 25 6
16 16 21 17
18 16 9 1
9 3 13 4
21 1 7 9
10 1 13 16
4 6 8 14
2 9 17 16
1 26 8 21
21 11 6 20
13 11 14 4
22 12 15 25
22 25 10 8
1 2 6 14
5 23 10 9
8 5 3 12
10 10 15 20
19 11 26 23
5 4 18 5
10 27 5 4
4 21 16 17
17 15 13 27
12 20 11 13
7 26 7 12
1 22 17 13
24 23 25 19
13 2 25 14
22 1 22 13
12 6 13 22
5 22 5 16
4 25 19 24
25 1 6 2
6 22 16 5
7 13 24 9
24 9 26 5
12 11 17 22
19 23 16 11
8 3 24 5
24 16 2 17
14 14 13 15
27 1 7 17
6 7 25 20
1 13 7 16
25 21 6 6
8 9 9 17
6 8 22 26
2 24 16 6
3 27 11 25
25 7 15 3
17 13 18 23
7 26 4 4
12 21 7 1
26 27 26 6
7 22 4 14