27
2968
2711
2396
1238
1615
1603
499
1300
1595
1862
2781
2315
488
3351
2072
447
1992
3421
3283
3108
1407
3087
3037
2869
1967
987
3498
385
4
13 20 27 15
1 12 23 23
18 26 8 15
7 17 23 6
5 19 18 15
23 21 5 21
8 12 18 22
23 14 17 23
13 2 1 8
2 3 12 16
7 11 21 5
10 22 18 27
25 1 15 13
10 9 4 22
24 21 7 8
13 23 6 1
24 11 26 7
3 4 20 24
19 9 26 13
24 3 15 16
2 8 24 13
2 3 19 12
18 2 5 4
12 26 6 4
21 27 3 21
11 7 6 24
2 5 22 21
17 2 2 5
4 9 13 24
3 18 15 16
6 25 16 20
15 14 20 21
12 13 8 17
19 26 14 22
7 27 10 21
19 4 24 1
6 19 3 19
26 16 5 27
1 24 8 13
14 4 6 3
4 27 4 13
20 1 5 13
8 4 5 14
27 3 9 25
22 27 27 6
11 13 19 17
2 13 6 21
13 23 22 23
5 19 20 5
7 12 18 4
21 13 25 27
19 14 16 20
24 9 9 25
9 8 23 24
10 22 4 20
2 1 26 16
19 17 21 22
8 17 18 19
15 19 14 20
25 10 1 18
22 12 2 9
17 11 16 2
11 20 16 9
21 15 8 11
4 20 5 8
27 19 9 13
5 8 11 10
26 11 20 6
16 27 3 6
10 8 1 14
11 10 24 5
19 25 26 27
23 16 22 12
14 10 12 12
12 5 19 23
14 13 6 18
17 19 4 23
18 13 6 6
21 19 23 16
14 18 5 14
10 19 25 3
14 12 10 14
21 22 6 13
24 27 11 5
12 12 19 15
20 21 20 2
23 21 21 25
15 27 6 27
12 20 3 14
11 14 5 4
17 9 14 26
2 19 13 7
9 20 12 6
3 18 21 7
20 15 1 12
4 11 10 17
16 7 7 16
16 20 22 15
16 7 7 27
2 11 5 20
3 7 26 16
4 22 11 4
8 18 26 21
17 20 22 24
26 15 1 5
6 18 20 5
4 18 22 21
26 15 27 4
10 15 8 14
13 15 11 18
17 9 8 21
7 26 8 26
16 6 16 15
23 1 27 17
4 26 12 1
6 11 12 16
6 7 3 15
9 18 14 18
10 19 7 5
20 18 10 7
17 19 23 8
1 4 4 15
19 13 23 13
26 26 26 8
6 17 4 10
26 20 17 14
19 5 10 16
21 11 9 24
16 2 15 22
1 7 2 13
26 20 22 20
16 1 4 6
18 23 1 5
1 24 17 25
27 15 14 10
16 25 2 13
14 23 11 7
11 22 26 1
27 26 19 10
5 17 18 5
4 13 7 26
8 20 23 27
21 18 8 8
2 10 3 11
6 8 1 10
16 18 13 12
25 1 15 14
26 1 5 22
3 11 3 5
25 13 12 23
8 9 23 12
6 16 13 13
24 4 14 18
8 27 25 26
17 4 16 14
1 26 8 27
23 7 21 18
9 2 1 8
2 27 19 17
21 21 18 15
3 11 4 26
19 27 9 11
27 3 24 2
24 24 14 22
6 25 3 20
21 22 11 20
6 7 21 14
16 3 11 24
26 21 24 13
24 22 11 7
11 12 9 16
16 2 17 1
4 20 24 12
1 6 10 3
6 14 22 21
11 9 11 8
26 19 13 13
25 26 21 2
16 14 25 9
22 11 8 26
2 12 2 7
21 5 1 21
10 22 10 20
14 15 26 22
27 6 13 23
7 5 15 8
14 17 26 20
11 2 26 11
23 18 23 10
16 7 2 14
26 2 20 9
9 17 23 4
18 19 3 27
22 4 3 8
20 2 5 7
1 15 11 22
1 3 23 13
23 6 25 8
7 2 1 20
21 9 19 21
19 18 7 19
2 25 26 27
27 9 4 4
16 17 15 12
23 27 9 5
14 10 3 3
19 7 13 6
23 10 1 5
21 9 1 14
13 22 19 9
12 5 10 6
4 24 24 3
14 24 19 26
1 13 6 3
13 2 3 4
23 4 1 10
25 20 10 16
19 23 21 9
20 26 8 8
8 3 24 4
20 13 17 15
5 19 10 24
7 27 6 6
13 21 14 20
16 19 20 27
10 13 19 8
15 2 10 22
13 27 1 10
13 8 8 15
9 2 23 2
5 26 6 1
26 6 10 10
12 26 9 10
24 3 3 8
11 8 13 27
2 17 20 24
10 18 2 1
14 18 12 7
18 1 5 19
24 19 12 12
9 4 4 1
25 27 27 17
15 11 6 11
1 1 8 16
10 23 17 12
1 27 19 12
11 12 19 10
9 16 22 25
12 13 26 10
20 10 21 7
15 22 19 19
18 21 10 2
9 18 10 26
21 15 20 24
23 7 13 17
1 6 7 1
3 13 19 13
26 6 17 10
16 6 8 16
17 18 12 16
26 2 18 6
2 6 25 19
21 22 26 4
9 2 2 20
6 7 18 8
18 20 8 17
4 19 12 5
1 5 3 3
14 16 2 25
19 6 4 26
15 1 3 14
18 27 15 15
3 16 13 4
6 11 23 12
17 8 16 7
11 18 7 7
18 23 19 8
4 12 8 3
19 11 8 9
25 13 19 4
21 17 6 20
4 2 8 5
17 26 2 17
9 19 24 14
4 20 20 7
9 14 22 4
1 10 2 23
19 2 17 11
16 19 6 16
21 1 8 6
3 16 11 6
22 5 1 19
25 17 16 25
22 9 8 12
11 8 14 4
12 18 19 26
6 10 24 4
7 7 5 14
17 12 23 26
9 19 14 3
27 27 1 2
20 13 24 15
1 3 4 11
19 26 5 22
19 5 3 10
22 19 26 12
23 25 6 6
5 10 27 7
20 21 13 2
11 15 19 1
23 15 5 17
26 2 20 27
8 8 8 25
9 1 18 19
22 7 14 11
5 27 4 23
26 21 11 23
21 24 15 5
10 23 23 6
13 10 26 19
15 13 27 23
8 3 27 9
17 13 10 27
15 14 13 23
26 13 9 8
26 22 17 24
8 18 12 8
4 13 11 24
20 18 11 1
15 27 17 13
2 15 4 9
17 25 1 4
7 20 5 22
26 16 1 26
23 25 14 24
21 10 12 4
24 14 7 16
7 1 21 6
22 9 26 7
19 2 27 14
19 18 10 9
8 25 13 14
19 14 24 22
7 17 23 1
20 8 22 25
1 21 11 23
24 4 8 1
11 11 2 23
4 9 5 2
27 4 19 17
21 24 2 12
8 11 27 11
26 2 7 17
25 27 12 10
9 26 25 16
7 25 13 14
10 15 18 4
19 8 18 20
15 23 26 8
22 19 23 14
4 8 23 16
16 14 11 22
19 19 14 4
21 22 12 11
10 26 13 22
25 5 6 14
16 10 4 4
15 2 12 7
14 19 3 14
6 23 4 6
5 8 19 24
16 3 26 1
12 4 3 1
26 19 24 17
17 19 26 16
19 13 20 14
10 17 19 24
10 13 16 12
13 26 15 16
22 2 13 7
8 27 14 13
3 9 2 22
9 6 4 5
5 5 14 19
4 24 26 6