27
3528
1618
2365
3017
751
3090
3031
2249
738
772
1854
668
2423
3411
2588
3440
2354
3167
1665
3298
2558
3434
574
3362
2374
2185
1769
374
4
5 3 1 20
21 17 7 21
10 8 14 3
2 3 20 4
27 7 20 22
3 18 14 5
18 9 5 26
1 15 26 27
14 5 13 1
7 4 8 20
18 19 23 26
18 13 12 22
9 22 23 16
8 21 3 16
27 9 15 15
3 24 14 26
18 20 18 15
7 20 1 18
22 6 6 10
19 19 1 3
22 14 20 13
9 15 8 8
20 18 27 24
22 20 4 10
6 7 14 25
26 11 27 16
15 23 2 27
10 10 15 21
18 12 20 3
4 8 17 9
26 11 9 11
19 18 2 21
12 2 19 26
23 7 16 7
24 4 13 3
7 23 24 8
24 5 25 8
13 12 9 24
14 22 13 15
23 2 25 13
2 16 16 17
20 18 14 18
4 5 9 21
22 17 16 15
5 4 5 6
5 17 13 10
13 22 27 11
21 26 9 27
1 4 10 19
20 13 3 9
8 1 8 14
3 21 8 23
18 20 22 7
1 8 19 2
24 4 8 26
4 19 15 25
5 15 19 19
11 26 11 10
5 21 22 13
14 6 17 21
18 2 16 14
26 27 13 25
6 8 2 12
15 4 2 1
17 27 6 13
27 9 19 24
10 11 4 24
22 20 13 5
13 16 25 11
16 9 16 14
14 18 5 9
8 22 7 8
13 6 25 27
18 3 21 5
4 26 11 3
9 24 8 12
5 22 11 21
18 27 21 8
23 25 8 18
27 5 24 4
5 12 21 17
10 6 20 7
16 9 1 3
23 7 4 13
10 2 15 6
26 5 9 14
18 10 12 12
17 27 1 19
17 20 6 20
19 5 15 27
2 25 19 20
24 18 8 17
13 17 6 2
27 9 7 20
23 10 2 16
2 16 26 3
4 27 6 5
23 21 2 16
26 8 8 27
24 12 21 15
14 7 5 11
10 2 2 24
19 17 23 24
19 9 23 5
16 8 7 11
22 4 19 13
23 22 8 12
16 1 22 27
10 15 16 4
9 3 13 24
1 18 10 3
26 6 17 24
14 15 23 15
9 10 5 6
19 1 7 14
14 24 13 2
7 4 7 2
1 21 21 22
17 12 9 24
7 20 5 24
3 19 17 22
25 10 17 16
5 27 17 18
11 12 6 24
1 25 19 10
2 9 22 9
9 6 17 24
8 14 26 1
2 17 23 18
13 14 26 9
9 15 17 27
21 2 11 26
26 14 12 27
24 9 27 27
20 6 14 11
8 23 11 10
10 6 10 8
1 13 10 4
6 22 8 4
27 27 8 2
12 25 9 24
17 5 22 24
12 14 23 17
15 22 6 27
2 13 21 15
3 1 15 17
12 1 25 24
15 19 14 24
6 14 15 24
10 16 5 18
3 11 11 12
5 16 10 11
13 5 14 15
27 6 14 16
9 25 22 17
25 19 18 4
19 2 5 16
14 14 2 10
13 13 18 10
16 13 17 26
18 24 6 4
13 10 20 10
20 19 19 26
16 2 19 7
20 23 2 21
8 22 4 12
22 22 16 15
15 13 19 18
2 11 5 9
8 22 23 7
20 9 16 13
6 17 25 24
10 16 25 8
24 1 5 21
18 17 23 7
5 23 14 26
12 6 3 5
21 24 23 1
1 1 18 10
3 17 18 11
18 26 6 9
17 10 5 18
15 17 24 15
18 21 24 6
21 8 27 27
26 17 14 18
7 12 23 13
12 23 8 22
5 19 17 23
15 8 16 16
17 15 21 20
18 3 10 5
19 2 7 1
12 17 17 12
4 12 7 22
19 20 19 18
24 11 8 20
24 9 2 10
4 14 16 2
19 5 27 22
4 2 5 18
18 2 3 1
1 23 6 26
21 26 21 11
21 20 1 6
19 5 18 2
21 26 26 12
5 12 3 7
13 3 16 1
20 12 5 27
3 21 19 20
8 24 21 9
4 26 20 13
15 27 14 21
23 16 13 12
16 3 1 16
3 22 19 22
5 13 14 10
15 20 12 23
13 14 5 12
15 1 3 16
17 23 16 2
4 24 26 9
26 17 22 26
23 6 14 9
15 4 24 3
17 12 22 12
25 8 24 16
23 17 12 9
17 1 3 4
21 16 3 16
26 1 15 26
19 12 13 22
5 22 13 9
10 19 3 24
19 21 24 6
10 18 19 17
17 15 23 16
17 22 10 16
6 12 16 21
12 11 23 11
8 20 9 26
11 3 9 5
13 27 16 2
22 25 7 26
24 6 23 15
12 4 16 24
8 24 27 12
1 7 2 7
20 14 9 2
12 7 6 22
22 20 1 7
15 21 2 4
26 16 20 23
7 16 19 19
19 10 19 26
16 9 2 7
1 10 26 11
22 19 20 8
9 22 10 16
24 25 2 8
5 4 15 8
14 6 12 9
7 23 8 25
19 15 2 26
8 7 4 6
18 3 26 21
23 16 26 13
4 15 14 13
6 7 25 25
24 13 27 1
6 16 13 3
16 14 14 7
27 14 27 14
22 16 9 24
27 27 14 25
6 23 10 25
8 6 3 16
5 23 8 14
11 12 10 11
25 26 6 10
7 2 15 10
12 5 9 26
20 2 18 17
23 23 25 11
15 7 7 22
8 18 7 5
20 7 2 6
25 25 4 8
21 18 23 2
20 23 10 25
14 3 10 24
27 7 9 4
7 25 2 13
4 5 11 12
16 27 22 4
5 9 16 11
11 27 7 21
13 24 17 11
2 27 3 20
27 1 22 9
13 27 22 24
19 22 27 14
25 26 25 9
7 6 23 26
4 8 9 16
26 1 20 22
22 15 2 11
25 15 5 13
19 15 9 7
7 27 17 26
14 5 2 22
14 11 21 21
14 4 2 20
1 20 2 6
10 23 18 22
2 20 14 3
11 21 7 22
9 7 23 24
15 7 4 10
18 9 18 27
19 3 18 14
21 5 25 27
2 19 25 2
18 25 9 24
23 23 15 5
21 17 9 26
16 1 11 2
19 1 2 15
20 14 9 9
15 9 20 23
23 26 7 15
15 21 27 7
9 3 20 21
13 15 16 25
7 1 7 19
22 10 13 2
13 22 8 23
9 5 15 10
5 2 9 17
15 6 12 10
19 10 18 4
19 17 8 27
15 23 11 22
20 13 5 8
11 4 27 2
27 3 6 22
8 13 8 21
5 21 19 7
14 12 22 1
6 8 25 20
11 20 7 11
26 5 8 27
13 22 26 5
1 5 17 13
12 25 12 10
5 6 9 10
4 8 21 3
18 11 9 16
6 14 13 3
27 15 27 20
27 4 11 25
19 3 23 17
26 18 26 7
21 15 9 3
8 22 21 2
11 6 27 4
10 27 12 8
10 4 12 12
2 2 6 14
16 5 10 25
11 21 10 19
22 6 18 4
23 18 24 13