1 1
Best solution:0 13 9 21 9 7 18 17 23 8 9 3 23 2 7 13 18 17 22 2 12 9 10 13 12 12 18 7 2 1 9 23 12 21 11 2 6 11 24 6 23 13 5 1 9 8 24 7 21 7 18 8 7 13 13 9 23 23 4 6 8 17 6 4 4 20 19 2 21 6 19 24 21 2 21 7 2 11 11 21 17 12 6 19 17 7 11 8 27 11 12 4 23 11 12 12 21 18 24 1 13 21 16 7 11 4 25 3 9 4 21 7 11 24 15 7 9 9 9 4 4 12 24 12 9 4 2 20 6 6 20 23 18 5 4 9 2 7 21 7 23 8 2 16 16 7 8 21 9 14 17 25 23 11 12 4 19 16 13 15 22 19 6 19 9 19 11 6 1 22 24 1 4 21 4 8 13 11 11 6 23 23 19 24 1 21 2 19 12 24 4 21 1 13 1 17 4 24 19 19 1 17 17 20 1 1 4 3 12 2 1 27 11 10 1 2 27 11 6 17 6 13 25 11 4 17 11 15 16 6 19 9 19 6 4 18 14 11 9 2 15 7 25 19 13 2 13 13 18 19 1 5 10 6 7 11 15 12 1 4 26 3 18 25 2 15 10 9 17 17 2 19 18 23 26 26 20 14 16 8 3 5 1 2 12 14 14 1 12 14 19 9 18 1 11 2 10 20 2 18 6
Best value:17.880332243820245
Number postman in po:[0, 18, 20, 5, 19, 4, 17, 16, 9, 19, 5, 20, 16, 14, 6, 6, 6, 13, 12, 17, 6, 15, 3, 13, 10, 5, 3, 3]
Average:0 166.33333333333334 164.15 167.2 161.21052631578948 172.5 167.1764705882353 156.3125 63.77777777777778 161.94736842105263 172.8 168.5 163.625 170.07142857142858 148.66666666666666 145.66666666666666 176.83333333333334 159.46153846153845 161.91666666666666 158.05882352941177 172.16666666666666 188.93333333333334 153.0 164.07692307692307 146.9 176.2 158.0 154.66666666666666

1 2
Best solution:0 11 17 19 22 12 15 20 7 12 5 15 19 19 16 12 13 9 27 15 17 9 4 15 27 9 20 4 4 13 8 13 12 19 20 27 20 16 25 14 16 8 20 15 9 8 26 17 15 21 9 19 8 12 11 5 12 25 1 9 21 9 16 4 27 3 17 9 21 4 4 27 20 27 4 21 11 8 15 9 5 7 20 11 19 24 8 15 21 17 13 3 2 13 16 8 25 27 25 8 9 23 16 2 21 19 7 26 27 8 20 8 9 15 1 1 1 18 15 15 20 4 8 4 18 21 16 6 13 15 18 18 3 27 17 22 4 26 25 27 26 5 19 15 27 13 21 13 12 21 26 11 8 4 16 5 24 21 15 9 25 5 4 12 15 4 27 8 4 9 1 26 18 3 13 27 18 1 27 22 5 27 20 1 3 5 18 5 5 12 12 9 8 13 12 19 5 20 22 19 9 20 14 14 12 13 14 13 4 15 27 22 13 25 17 9 5 21 2 17 13 8 8 3 27 12 6 3 2 15 18 7 20 12 7 22 1 19 3 21 23 5 20 10 24 14 22 25 15 4 21 7 2 21 9 27 18 5 18 17 17 25 13 17 9 11 20 7 25 13 4 27 7 23 11 4 2 8 10 10 22 26 13 19 14 9 4 1 13 15 20 13 6 5 7 22 16 5 26 26 9 1 11 19 5 23 8 11 23 11 4
Best value:7.424035821341397
Number postman in po:[0, 10, 6, 8, 20, 17, 3, 9, 18, 20, 3, 10, 14, 19, 6, 19, 9, 11, 10, 13, 16, 14, 9, 5, 3, 10, 9, 19]
Average:0 175.9 165.16666666666666 159.375 168.85 170.8235294117647 143.66666666666666 173.88888888888889 160.55555555555554 172.35 171.33333333333334 173.3 171.28571428571428 173.68421052631578 172.33333333333334 166.10526315789474 170.66666666666666 169.0909090909091 166.6 163.92307692307693 174.1875 172.28571428571428 168.11111111111111 169.2 160.0 181.2 164.44444444444446 163.78947368421052

1 3
Best solution:0 13 9 20 17 21 24 26 27 9 5 12 26 2 9 16 27 26 7 17 19 19 20 16 26 17 26 5 7 18 16 18 16 8 27 23 19 19 24 5 24 2 18 27 27 11 12 17 1 12 25 12 17 8 16 17 12 15 8 15 13 17 13 27 23 26 13 2 13 6 5 3 17 12 16 10 12 10 8 10 7 19 5 13 26 5 8 22 17 16 17 17 10 17 27 24 22 15 10 17 5 19 27 12 2 12 19 10 10 12 5 10 23 12 21 13 22 7 1 25 17 11 24 26 17 16 10 11 10 1 15 24 7 9 12 27 15 12 12 13 8 4 19 21 3 8 1 19 8 17 23 26 24 10 8 9 17 10 27 10 2 25 24 17 11 19 24 5 9 2 24 15 17 7 17 1 8 9 8 26 8 4 19 1 18 18 5 26 12 26 27 18 21 12 24 14 27 1 16 15 1 16 26 16 10 3 13 23 22 2 9 10 19 16 13 16 9 10 12 4 15 12 10 9 17 5 9 3 17 15 5 8 22 16 1 19 12 15 26 18 11 22 27 4 27 26 8 5 18 3 7 23 14 22 22 15 5 8 7 6 1 13 5 19 12 18 22 23 15 20 11 18 15 6 3 3 24 6 13 27 4 22 18 18 25 18 12 25 24 25 13 5 14 2 25 12 2 16 5 21 2 14 3 4 16 17 3 16 15 1 3 18 18 7 25 16 21 18 23 11 8
Best value:5.061917586675496
Number postman in po:[0, 11, 10, 10, 6, 17, 4, 9, 16, 11, 17, 7, 22, 13, 4, 14, 18, 23, 16, 14, 3, 6, 10, 8, 13, 8, 15, 15]
Average:0 141.27272727272728 143.0 134.4 130.16666666666666 137.88235294117646 144.75 133.88888888888889 139.125 138.54545454545453 143.41176470588235 146.57142857142858 140.04545454545453 135.69230769230768 138.75 141.78571428571428 137.88888888888889 139.34782608695653 141.5 135.71428571428572 139.66666666666666 130.16666666666666 135.8 130.0 144.23076923076923 135.375 140.93333333333334 140.46666666666667

1 4
Best solution:0 27 5 5 9 4 2 1 4 4 19 25 7 25 9 5 27 22 24 15 16 2 5 15 26 17 5 23 9 1 10 19 24 15 27 22 15 14 9 7 1 26 4 25 2 1 27 5 18 22 8 6 2 6 24 5 21 11 1 26 26 16 4 16 19 18 9 3 2 2 20 5 19 1 26 15 19 18 15 11 25 7 2 5 16 24 24 13 8 25 24 2 5 22 24 11 1 18 15 2 14 25 2 20 4 25 19 27 21 23 8 15 18 27 18 25 14 16 3 11 22 1 4 16 1 27 1 19 18 15 19 2 4 3 15 2 25 22 24 18 15 8 11 22 1 11 19 25 14 27 10 25 10 4 20 22 24 19 1 5 9 1 27 5 15 3 25 16 16 22 20 25 11 25 11 26 16 10 11 1 12 12 12 16 11 9 2 22 16 16 12 5 17 27 9 14 18 5 25 15 26 3 5 20 25 8 4 13 10 14 27 7 15 22 22 1 22 3 18 4 14 25 22 14 27 26 21 5 2 16 20 10 19 15 6 6 10 24 2 18 7 14 24 6 17 15 19 11 1 26 11 12 8 1 11 11 20 22 16 11 22 19 24 9 17 14 14 3 2 14 6 23 11 25 25 8 2 19 16 12 22 4 8 14 4 9 18 13 19 7 19 14 19 19 24 25 7 8 3 22 7 20 26 24 7 4 12 22 12 7 18 3 8 9 2 15 18 17 5 13 12 14 20 13 18 1 13 13 20 10 4 13 26 7 18 10 17 22 4 2 8 7 24 27 15 17 21 7 19 9 11 17 23 13 7 12 3 5 1 6
Best value:8.535801814921184
Number postman in po:[0, 19, 19, 10, 16, 18, 7, 14, 11, 12, 9, 17, 10, 9, 15, 18, 15, 8, 16, 19, 10, 4, 20, 4, 15, 20, 11, 13]
Average:0 167.78947368421052 181.3684210526316 166.0 172.4375 167.33333333333334 174.14285714285714 165.42857142857142 163.54545454545453 166.0 162.88888888888889 176.64705882352942 177.1 161.22222222222223 173.0 167.33333333333334 162.53333333333333 173.875 177.125 170.94736842105263 180.0 140.25 174.75 179.0 166.0 173.3 167.72727272727272 169.69230769230768

1 5
Best solution:0 6 7 24 22 5 16 22 22 24 4 7 23 26 24 4 16 22 11 10 17 4 8 16 3 24 6 8 4 23 9 4 16 16 12 8 22 5 21 24 8 13 7 11 9 6 5 22 22 8 24 15 13 13 9 23 16 22 24 8 8 15 8 5 11 23 16 6 11 16 24 5 8 16 24 4 7 27 24 6 26 5 4 11 4 4 8 13 18 24 24 9 22 12 25 22 24 27 5 16 16 25 18 8 4 26 8 19 7 9 23 23 16 1 9 9 12 12 22 20 12 7 19 6 9 22 13 23 7 12 19 7 9 26 15 11 26 5 16 21 7 8 4 21 17 6 20 11 4 20 8 24 21 11 6 9 8 12 21 17 5 20 25 21 4 20 15 9 21 27 23 23 19 22 5 16 5 20 17 23 10 18 9 18 15 22 3 4 4 8 20 6 16 12 10 24 10 24 24 12 10 4 15 7 21 10 16 21 8 27 12 26 17 5 4 22 4 21 18 13 22 6 7 22 11 8 25 9 13 17 25 18 21 24 26 9 13 8 7 4 15 20 16 5 11 24 3 16 7 16 1 13 26 20 7 5 5 25 8 5 20 25 6 9 12 27 6 5 22 7 15 20 12 20 8 23 8 12 11 18 11 2 10 15 20 16 7 14 7 7 5 27 25 25 17 20 21 1 9 13 5 6 16 10 22 23 13 21 10 26 22 11 24 26 11 2 19 25 23 9 2 24 27 4 17 23 6 26 2 4 18 22 21 16 10 14 3 14 18 12 2 19 2 1 10 8
Best value:9.947927370441992
Number postman in po:[0, 4, 6, 4, 21, 19, 14, 18, 23, 17, 11, 14, 14, 11, 3, 9, 22, 8, 9, 6, 14, 14, 21, 14, 21, 10, 11, 7]
Average:0 152.75 136.66666666666666 146.0 145.38095238095238 149.89473684210526 140.21428571428572 149.38888888888889 152.0 149.0 138.8181818181818 145.5 139.92857142857142 142.63636363636363 140.0 146.88888888888889 152.4090909090909 137.125 139.55555555555554 142.5 144.71428571428572 148.0 142.9047619047619 149.07142857142858 147.52380952380952 141.9 150.0909090909091 81.57142857142857

1 6
Best solution:0 13 13 9 22 19 19 3 25 11 12 8 3 25 18 11 22 16 12 25 3 14 4 18 20 16 25 12 23 16 1 3 4 22 23 19 13 10 2 20 24 15 25 1 20 15 13 23 3 13 21 4 6 3 25 15 18 22 3 22 8 27 22 13 13 13 12 15 9 9 25 10 22 19 19 19 12 26 18 1 3 22 19 24 14 13 25 14 4 4 22 22 27 4 25 27 20 12 19 19 19 25 2 15 12 10 6 4 21 15 25 20 19 2 6 12 3 15 2 2 5 19 25 20 4 7 13 4 11 2 16 11 3 24 6 22 12 1 6 22 13 18 22 25 23 18 7 25 3 19 18 16 21 21 25 6 11 13 6 22 16 11 25 12 21 1 6 12 24 21 24 8 9 4 4 15 5 4 9 13 11 4 15 19 5 16 22 21 4 4 6 25 15 12 26 3 15 2 26 18 25 8 8 12 12 6 21 6 26 15 2 21 5 22 8 20 15 16 13 27 19 9 15 11 22 15 3 7 12 8 3 15 2 12 22 25 6 15 3 7 27 19 12 6 13 6 19 12 21 12 12 27 16 23 3 9 6 12 19 18 24 5 26 16 5 11 6 11 26 9 3 25 2 23 3 17 16 22 4 6 2 4 1 10 10 18 7 4 7 17 7 10 4 26 10 18 13 23 23 26 16 9 8 7 1 16 4 27 2 24 2 15 3 8 1 8 6 19 17 11 11 17 23 8 10 7 20 4 7 14 2 18 23 10 15 17 15 22 3 11
Best value:9.91965289338209
Number postman in po:[0, 8, 14, 20, 21, 6, 18, 10, 11, 9, 9, 13, 21, 16, 4, 20, 13, 5, 12, 19, 8, 10, 20, 10, 7, 20, 8, 7]
Average:0 148.25 151.35714285714286 146.7 154.8095238095238 88.83333333333333 147.61111111111111 141.5 155.8181818181818 145.33333333333334 142.77777777777777 150.69230769230768 147.95238095238096 151.5 150.25 151.3 149.23076923076923 163.2 155.16666666666666 146.6315789473684 151.25 151.4 151.55 154.3 153.57142857142858 151.05 141.75 138.0

1 7
Best solution:0 8 8 4 22 15 18 21 4 14 11 18 19 14 7 24 3 1 22 17 19 16 7 18 27 12 14 12 17 2 26 3 3 19 6 2 23 23 3 11 7 26 14 6 14 7 2 19 7 17 21 7 14 25 1 18 1 14 10 21 8 14 23 8 6 1 15 22 14 17 19 26 21 27 12 18 23 8 7 22 22 26 22 8 20 23 18 7 2 4 17 21 23 6 9 10 14 17 23 4 9 3 27 3 13 20 3 6 2 10 17 23 14 21 22 16 24 4 15 6 18 17 15 8 5 21 2 2 22 27 3 15 17 24 6 7 14 22 14 20 2 23 3 7 16 26 14 2 17 22 17 27 8 19 21 2 23 15 18 14 7 3 24 25 8 10 27 19 24 6 14 4 18 17 8 14 14 23 12 3 7 22 8 9 18 14 15 7 21 16 1 2 11 3 6 22 3 10 14 15 18 5 8 19 12 23 2 12 27 17 20 23 22 4 27 3 22 14 17 8 22 21 3 17 27 18 17 1 7 6 7 6 6 2 18 6 7 25 3 3 5 7 4 25 8 18 10 27 15 19 8 6 4 4 8 4 7 13 6 20 2 2 10 18 2 6 1 26 24 23 3 7 26 23 7 13 6 27 20 20 2 18 12 11 23 19 20 23 14 1 3 7 2 7 20 26 3 3 19 22 26 15 13 9 5
Best value:8.657742191238922
Number postman in po:[0, 8, 18, 21, 11, 4, 17, 22, 16, 4, 7, 4, 7, 4, 22, 10, 4, 16, 16, 11, 9, 10, 16, 17, 6, 4, 9, 11]
Average:0 161.75 162.5 164.71428571428572 164.0 152.0 163.23529411764707 156.5909090909091 175.375 160.0 163.14285714285714 145.25 142.71428571428572 150.5 157.3181818181818 164.2 167.75 151.5 166.0 149.0 149.44444444444446 158.4 157.3125 154.8235294117647 156.66666666666666 165.5 154.33333333333334 152.27272727272728

1 8
Best solution:0 8 18 14 26 1 25 11 4 11 27 24 8 25 7 5 26 8 3 1 14 8 22 6 24 2 11 6 6 11 8 20 7 25 19 20 2 22 2 27 6 26 5 2 11 26 9 11 3 11 20 9 22 5 8 5 12 24 11 18 7 22 22 24 4 3 12 3 22 9 11 8 23 20 24 6 22 20 11 22 24 20 24 6 20 8 2 20 25 16 24 5 13 4 20 10 6 25 11 22 6 22 22 19 3 19 22 12 16 2 9 6 25 7 8 26 20 8 6 15 23 26 15 26 4 9 24 6 20 14 26 6 8 24 21 1 9 24 20 2 11 2 6 8 11 13 9 8 2 11 4 2 3 4 10 11 11 11 6 11 10 25 19 26 26 22 25 3 2 23 5 2 16 4 6 9 10 10 3 3 21 21 7 27 9 16 9 22 2 8 2 9 9 21 20 19 5 2 3 15 24 16 12 20 20 8 21 9 4 26 14 4 14 2 8 3 23 3 12 2 22 2 10 7 2 6 4 9 11 13 24 12 17 12 23 22 27 6 1 2 13 9 5 26 20 12 15 4 9 18 25 8 7 5 1 2 26 9 2 24 2 11 22 8 14 9 25 9 26 12 17 1 20 22 2 4 5 27 8 12 19 1 6 17 9 11 1 20 3 18 15 1 19 11 3 23 25 16 8 5 20 15 6 23 10 20 22 14 21 6 19 3 12 26 20 21 1 24 11 20 12 3 20 24 24 12 20 19 10 20 6 14 23 2 10 5 13 6 19 12 14 2 17 22 5 7 16
Best value:8.210124352346792
Number postman in po:[0, 10, 26, 16, 12, 13, 22, 8, 20, 20, 9, 23, 14, 5, 9, 6, 7, 4, 4, 10, 25, 7, 20, 8, 17, 11, 15, 5]
Average:0 137.3 130.15384615384616 134.125 127.16666666666667 146.15384615384616 136.3181818181818 133.125 134.5 130.15 119.66666666666667 136.52173913043478 150.78571428571428 126.2 137.66666666666666 125.66666666666667 138.0 138.0 131.5 138.2 136.28 127.42857142857143 138.15 132.5 141.1764705882353 145.0909090909091 139.06666666666666 120.8

1 9
Best solution:0 5 11 13 4 10 10 7 25 27 27 20 27 16 22 23 22 20 7 6 24 7 20 23 9 21 23 12 20 14 17 23 10 20 27 16 2 16 6 4 8 16 23 19 13 12 14 10 26 16 11 19 10 25 15 20 22 25 12 6 27 19 10 26 18 19 14 15 6 12 20 26 3 10 11 17 2 22 6 4 20 16 22 22 3 13 16 27 10 23 6 7 6 10 8 24 13 8 20 16 19 13 13 7 8 20 14 25 16 12 16 10 8 15 13 7 10 18 6 10 23 1 6 23 21 15 26 24 6 6 18 24 27 15 16 22 23 26 6 13 16 8 7 24 19 1 7 22 26 17 13 17 5 13 7 8 13 19 23 10 10 10 8 17 7 20 13 25 17 13 23 15 12 24 25 22 21 7 22 6 21 27 20 20 20 11 23 6 16 7 27 21 5 19 22 16 18 21 25 6 6 26 26 7 20 26 14 16 12 23 17 18 27 19 10 23 21 24 16 8 7 24 23 10 23 2 19 24 27 24 17 8 19 7 6 25 14 19 15 5 6 11 11 1 6 10 20 13 4 24 21 7 9 23 6 6 25 15 15 22 10 21 6 2 13 21 13 16 25 21 27 1 7 22 26 10 7 21 13 26 9 27 8 27 27 8 23 15 24 7 15 11 24 16 7 6 5 1 23 8 13 9 24 16 17 24 15 14 10 27 22 12 23 17 11 20 1 9 16 18 17 11 7 7 7 7 2 8 22 19 23 26 10 10 19 16 15 23 25 5 19 10 14 23 3 7 21 6 21 10 7 16 5 13 19 6 25 6 6 14 26 8 9 15 13 22 12 23 8 11 21 12 8 21 13 7 22 14 27 19 25 3 1 20 21 16 2 8 25
Best value:7.0225895212506355
Number postman in po:[0, 7, 6, 4, 4, 7, 27, 27, 18, 6, 25, 10, 10, 21, 10, 14, 23, 11, 6, 17, 18, 17, 17, 24, 15, 14, 13, 17]
Average:0 113.14285714285714 113.33333333333333 126.0 115.5 94.28571428571429 124.55555555555556 123.55555555555556 122.55555555555556 125.0 124.24 114.3 123.3 116.61904761904762 123.3 115.57142857142857 115.21739130434783 117.72727272727273 107.33333333333333 119.6470588235294 115.88888888888889 113.52941176470588 119.47058823529412 122.04166666666667 120.13333333333334 116.71428571428571 111.07692307692308 119.88235294117646

