27
3188
3446
1660
2759
3012
1219
2316
1799
1992
1466
3003
1771
1451
2595
3012
2438
1391
2834
3248
1800
561
3495
716
2490
3466
1845
2206
359
7
17 24 22 16 2 27 20
24 19 26 15 12 14 17
27 20 6 24 14 7 4
19 9 18 23 2 2 22
22 11 5 7 20 27 17
18 8 12 8 14 13 7
3 12 18 11 6 25 13
16 10 17 22 15 6 3
20 3 6 7 10 27 6
24 25 12 20 17 2 6
25 16 8 18 17 5 17
13 4 5 11 19 22 22
10 24 4 15 10 23 17
18 10 5 8 23 8 2
22 25 16 23 5 4 16
7 5 14 5 11 13 16
7 3 26 3 14 10 27
13 22 20 18 18 4 21
23 16 8 22 10 15 22
2 23 4 26 25 23 18
9 16 23 3 6 23 26
11 10 14 19 14 6 24
4 12 10 5 24 26 23
23 11 1 8 17 2 22
1 5 26 25 14 25 1
2 27 5 14 9 6 19
21 25 13 14 24 1 1
22 14 7 10 23 4 24
17 1 26 26 21 20 2
15 13 6 26 23 11 1
27 19 22 20 10 10 17
3 18 14 3 3 27 23
3 1 25 8 10 9 25
8 15 4 18 7 15 22
21 24 20 2 7 20 23
8 6 18 6 18 23 6
13 3 17 26 13 18 21
21 16 27 9 12 22 14
26 8 23 12 7 20 16
26 4 23 13 15 14 6
13 11 21 23 13 10 27
11 2 16 21 3 5 3
17 24 3 6 21 27 25
10 15 25 24 15 27 3
17 18 27 24 15 6 24
12 21 23 4 12 4 11
26 27 5 20 7 5 7
20 11 10 18 9 4 27
12 5 19 9 13 3 2
5 27 5 20 16 14 13
3 9 24 16 13 23 23
24 24 22 14 21 19 26
1 9 12 24 22 20 4
27 19 22 27 7 14 10
15 1 3 16 25 12 6
23 22 26 12 17 23 14
1 2 21 26 27 17 12
27 21 5 4 18 24 20
12 8 16 5 27 21 27
24 24 24 13 26 13 20
7 25 2 11 18 4 19
5 8 4 22 20 27 10
11 11 5 25 13 16 13
1 11 2 16 4 17 4
20 8 19 2 27 17 2
15 23 14 5 13 16 14
8 6 17 4 10 16 16
25 19 3 18 2 17 6
11 21 9 13 17 6 1
26 22 11 22 21 8 3
2 2 7 25 3 25 14
21 26 17 2 2 10 20
11 2 25 22 21 6 1
5 12 11 14 27 10 11
15 3 11 11 19 14 24
13 27 8 11 9 19 11
15 8 18 14 8 8 3
8 6 15 3 26 11 27
1 20 24 10 22 11 18
6 4 24 27 23 19 4
24 7 10 9 10 10 7
10 20 20 20 23 12 7
13 21 12 8 10 4 26
22 25 21 11 20 3 12
1 19 27 10 7 4 17
13 13 26 13 23 23 27
20 14 16 26 14 7 8
20 10 20 2 8 7 6
16 11 22 7 15 22 7
14 3 23 5 9 5 6
15 21 6 15 17 20 7
12 19 10 26 23 11 6
2 16 17 4 26 1 21
2 13 2 6 12 23 14
1 22 23 22 7 26 1
2 15 5 1 3 27 22
9 22 15 17 6 7 12
18 24 27 15 5 9 8
1 25 17 9 22 15 15
2 27 1 8 13 15 5
16 12 9 20 27 20 16
4 24 5 21 9 16 26
12 10 17 11 24 22 19
12 27 14 12 20 3 6
17 11 3 21 10 12 14
19 8 18 19 14 14 21
9 22 14 9 12 22 9
12 18 21 18 15 14 3
27 11 7 22 6 11 19
10 14 27 25 27 27 5
14 14 21 19 21 9 15
21 19 6 25 26 16 23
5 13 4 11 21 22 11
16 16 4 22 17 7 9
8 18 13 12 25 17 15
13 14 18 2 9 8 23
9 3 8 10 11 16 17
21 20 24 12 22 12 15
21 4 8 2 23 22 3
14 27 12 17 18 17 8
7 24 26 4 9 26 4
17 23 2 3 17 8 7
26 18 13 15 18 18 14
5 13 2 26 25 3 1
1 21 2 16 23 18 18
9 21 4 25 22 24 16
20 6 8 4 23 26 23
16 5 8 26 27 17 8
16 3 8 3 8 22 23
2 24 11 24 6 15 22
15 10 22 12 9 1 19
14 25 9 20 22 5 14
27 6 1 23 19 21 22
9 23 25 26 20 19 18
4 22 23 1 7 18 3
9 20 4 1 17 20 1
21 10 5 2 13 18 15
10 27 18 8 4 15 25
21 24 20 5 3 16 24
20 17 22 14 24 20 17
5 26 20 20 27 12 9
27 7 1 13 4 1 22
9 23 2 20 26 8 11
7 13 20 20 10 11 21
12 4 18 17 25 20 12
4 2 13 24 2 23 4
27 7 14 27 22 11 26
5 14 1 18 11 13 1
23 12 15 7 24 9 7
9 4 16 8 6 23 15
21 2 18 20 21 14 12
3 10 12 18 27 10 12
25 8 20 3 23 12 16
3 26 22 22 25 13 3
10 23 24 8 27 21 7
19 23 27 23 22 23 2
18 17 24 4 18 15 25
5 6 15 24 25 10 19
20 27 16 22 23 7 22
9 9 6 23 13 2 15
1 14 14 13 5 17 19
15 22 23 5 27 7 2
11 20 27 25 5 15 17
11 6 9 14 27 21 16
6 21 2 25 5 17 17
11 26 4 16 5 10 5
27 1 1 6 2 12 21
10 12 15 27 1 14 10
17 2 2 21 3 21 2
18 18 12 10 8 23 23
10 12 12 1 12 26 19
15 18 23 14 9 19 1
7 12 9 21 2 13 4
16 23 26 27 11 27 5
12 19 1 8 3 11 25
22 9 14 6 10 4 2
14 17 12 17 15 17 1
4 14 11 20 22 9 7
3 25 14 6 21 12 22
2 16 7 7 20 19 17
8 23 13 21 20 5 12
18 11 19 7 19 7 8
24 3 17 26 11 23 6
21 11 23 8 10 11 12
6 7 24 24 8 19 8
7 25 23 19 4 22 8
1 24 6 19 5 10 12
11 5 10 8 8 24 17
2 15 13 18 11 1 22
26 15 11 24 18 13 2
12 7 26 10 19 1 8
14 26 4 4 15 13 17
17 1 8 1 8 3 22
25 14 21 1 16 6 27
12 17 21 17 7 3 25
10 13 15 7 18 6 25
1 20 21 26 3 19 17
27 25 3 7 25 8 13
26 27 3 24 15 12 11
26 9 9 6 15 20 15
5 17 2 1 21 10 6
27 25 8 23 10 20 18
4 3 3 25 18 27 6
17 10 7 14 21 7 3
8 26 17 4 11 11 16
21 1 9 1 16 23 1
9 26 27 17 14 24 4
17 16 2 17 1 27 11
1 8 23 25 21 17 9
23 6 15 15 24 2 27
25 18 2 17 8 4 24
22 20 17 7 20 11 3
19 7 26 25 6 21 11
25 20 16 14 13 22 27
7 17 5 21 5 17 21
24 20 26 13 2 16 26
24 23 6 10 20 12 9
9 18 26 9 10 25 9
27 11 21 3 16 5 22
27 4 21 14 26 12 2
7 19 13 5 15 10 25
20 25 13 22 21 13 18
14 25 6 23 23 8 16
26 2 14 11 14 26 20
13 4 21 11 14 20 8
5 25 6 12 18 26 21
3 12 2 7 6 19 10
18 14 20 6 9 7 25
7 24 23 6 6 10 7
15 15 22 10 5 10 20
1 4 20 18 2 9 22
23 15 22 7 17 20 3
22 19 3 25 1 23 15
8 14 22 19 26 10 4
16 19 16 14 12 2 8
6 24 21 1 4 19 7
10 13 11 27 12 22 23
3 26 26 19 24 25 16
20 8 20 10 21 27 13
24 2 23 12 4 18 26
18 26 15 15 20 27 5
9 5 27 13 15 20 6
17 21 5 26 4 5 7
13 16 27 14 14 10 19
3 11 13 14 5 1 13
22 23 26 15 1 6 1
13 9 19 20 15 6 10
19 12 15 1 16 18 26
21 8 7 23 6 24 18
18 11 27 9 9 16 25
16 21 8 14 20 25 20
18 3 5 6 15 7 7
26 20 9 8 24 17 17
11 17 16 1 12 10 4
19 8 25 13 20 9 19
27 10 12 14 23 4 12
16 19 13 27 10 11 24
4 5 11 23 1 17 18
3 2 13 7 14 21 8
3 2 2 11 15 17 21
11 8 11 12 8 13 7
1 24 16 3 7 12 18
11 18 19 21 11 25 20
22 11 13 22 17 11 20
12 20 14 15 16 12 5
26 11 2 11 7 11 1
3 24 14 11 1 3 24
4 10 18 21 2 27 2
19 26 13 3 22 9 6
11 22 14 25 13 26 23
3 25 17 24 19 12 10
3 4 9 6 20 11 20
15 5 12 6 11 10 26
2 24 1 2 18 7 19
19 8 12 14 18 15 8
8 4 5 6 2 21 4
7 22 19 8 7 4 9
1 3 7 4 11 15 9
15 20 16 16 25 21 2
2 15 20 20 16 1 12
18 2 25 4 19 9 3
21 22 18 26 10 27 14
27 16 5 23 10 16 6
13 4 17 1 11 19 12
26 8 18 8 27 12 17
17 13 17 25 10 9 17
2 3 10 14 5 8 10
17 13 12 24 16 9 10
11 24 23 24 19 25 25
18 25 10 7 5 14 27
19 15 11 27 5 16 18
15 26 3 7 8 26 17
15 20 1 25 3 17 14
8 25 6 23 3 21 24
5 20 1 12 27 13 24
11 1 18 24 15 12 1
3 15 5 13 26 19 23
13 14 10 25 11 2 26
13 22 3 22 23 25 19
22 17 12 13 26 21 19
19 26 27 16 26 24 23
23 18 9 18 2 3 19
7 14 13 14 25 12 9
23 10 5 3 25 9 14
11 18 13 16 13 5 27
21 23 12 21 16 9 8
3 13 20 4 18 11 26
21 1 9 11 4 27 6
20 10 21 16 24 2 24
3 3 14 25 23 24 21
8 19 16 2 16 16 22
27 11 13 8 18 11 15
14 24 22 27 1 24 18
12 19 8 5 11 18 11
9 21 24 25 21 14 2
18 14 1 15 24 22 9
3 24 21 14 15 12 22
16 14 10 2 2 22 26
17 1 7 8 2 16 25
8 3 21 1 7 4 26
25 27 4 9 9 12 1
10 4 1 22 15 5 12
12 11 4 23 7 3 13
27 13 16 27 14 6 9
21 23 24 27 25 21 12
7 23 17 4 11 2 22
26 27 12 4 5 14 27
24 24 21 23 17 15 13
15 8 24 14 2 17 26
5 22 20 17 22 8 13
16 1 18 26 18 18 5
5 9 16 9 10 7 11
14 22 13 15 4 13 17
1 12 27 4 5 27 8
4 17 12 4 21 23 22
6 7 4 7 26 10 3
21 26 5 17 11 12 14
27 4 22 3 16 12 10
19 9 2 21 23 16 16
2 17 19 3 4 16 25
10 8 16 15 23 23 4
18 9 14 14 26 19 21
15 25 26 26 15 25 25
6 1 7 18 6 11 1
2 17 14 16 1 22 12
14 12 21 25 21 19 22
12 22 4 15 15 26 12
11 4 25 15 9 4 13
18 1 12 6 10 12 13
13 25 20 21 27 25 25
13 13 1 23 21 6 13
26 5 15 24 7 7 7
7 6 2 13 23 11 12
11 19 19 23 15 7 19
7 17 14 1 23 2 23
1 12 25 11 13 13 13
23 13 5 25 16 10 14
15 21 11 3 13 6 7
24 27 8 2 7 2 22