27
1294
2925
3459
1804
608
2775
3445
2806
640
1142
581
999
602
3461
1642
671
2424
2656
1639
1345
1584
2517
2632
940
662
1389
1675
304
7
24 2 8 12 9 6 1
1 22 1 7 9 21 1
19 21 2 18 26 9 7
8 16 21 22 3 13 13
16 27 1 13 15 19 24
16 18 18 26 12 26 4
6 8 21 3 5 13 27
24 13 20 8 8 8 23
22 13 3 20 14 5 20
6 15 13 24 9 20 3
23 23 14 8 12 2 7
20 17 1 6 18 2 22
24 21 14 21 20 10 19
12 4 17 2 21 7 26
16 12 8 17 9 25 14
4 13 22 27 25 23 27
15 11 5 26 9 16 26
27 3 23 9 10 18 14
16 25 13 12 5 9 4
17 4 5 14 23 12 23
8 6 7 17 7 8 19
1 3 2 5 17 23 2
17 5 9 6 20 19 16
10 5 10 1 10 1 21
2 14 13 2 5 26 27
2 26 10 27 12 17 12
2 8 7 15 11 15 3
12 27 21 10 11 16 12
17 19 27 3 4 3 16
21 24 12 27 25 7 2
25 22 19 22 19 1 14
21 9 22 12 10 17 13
25 13 13 16 3 18 1
16 13 24 15 22 26 2
17 22 5 16 1 10 24
10 25 26 9 11 14 3
15 2 14 16 18 14 18
25 18 26 11 8 3 21
7 27 12 11 6 18 17
22 4 14 24 16 1 4
7 22 12 14 23 27 27
18 3 23 1 10 18 25
2 16 11 15 4 20 12
2 17 17 27 11 12 13
9 14 26 1 8 8 7
5 24 27 3 25 4 6
21 18 5 11 7 18 19
8 20 22 17 2 19 27
18 24 5 19 5 23 18
4 26 24 2 11 26 2
18 21 23 8 17 20 25
13 10 27 24 22 6 19
9 21 16 4 17 10 1
10 19 4 21 25 4 8
1 21 12 23 26 5 27
13 12 16 11 10 9 3
3 22 2 6 3 17 13
12 4 1 2 23 14 26
27 9 2 9 22 1 24
13 3 15 12 18 13 14
23 26 2 11 12 18 18
27 18 20 21 10 6 11
26 15 14 22 27 13 13
25 27 26 17 16 14 8
12 5 21 3 19 3 1
12 12 21 8 18 7 17
14 19 13 5 1 9 13
2 8 24 4 10 11 21
23 18 19 25 27 15 22
20 3 12 22 13 20 21
27 22 4 7 6 3 16
22 21 15 17 2 23 14
10 25 25 18 9 24 12
9 23 20 2 13 12 26
2 4 9 6 18 18 24
25 22 15 19 21 10 1
10 6 12 9 1 9 14
1 9 13 7 22 5 14
7 26 20 2 12 22 5
3 6 20 3 13 9 9
22 17 10 5 18 3 13
4 2 6 1 2 18 1
7 14 25 20 13 15 6
15 14 13 10 15 20 4
26 11 27 6 14 3 27
24 17 11 1 21 26 4
6 18 20 7 15 16 17
5 20 2 1 4 12 14
11 18 26 6 7 11 21
3 24 10 9 8 4 23
1 8 6 21 3 21 14
24 6 3 21 18 18 11
14 5 19 9 5 13 13
8 2 23 26 12 21 10
1 4 11 20 1 12 2
15 6 22 23 1 14 22
15 25 15 20 23 17 5
7 16 26 5 7 20 6
9 13 21 24 5 6 14
7 18 11 3 14 1 22
19 24 4 14 15 5 9
4 19 4 1 12 5 2
8 18 10 14 14 7 10
5 7 10 4 9 22 17
9 16 23 3 8 23 13
15 24 22 4 12 26 18
25 26 21 10 12 15 10
2 5 15 1 17 6 6
11 11 26 16 11 13 16
26 22 9 3 11 13 18
16 12 13 8 24 2 22
27 2 14 2 17 2 27
13 10 2 7 23 19 26
4 2 13 23 14 24 25
10 15 17 2 23 26 21
26 14 4 16 23 17 4
7 5 22 24 26 20 9
6 19 3 17 14 5 25
17 27 21 14 17 27 24
7 8 18 13 5 11 7
6 2 24 20 1 24 25
1 8 27 8 27 18 17
25 3 5 10 19 7 5
2 25 16 19 5 26 1
6 13 20 21 15 5 24
20 16 7 17 4 3 17
12 3 8 2 3 14 14
20 27 3 25 8 9 5
22 5 12 7 13 24 22
24 6 7 12 15 1 13
16 20 11 25 10 23 5
19 19 25 14 4 14 21
12 20 26 5 12 17 17
22 27 14 23 20 10 16
2 18 9 26 19 8 9
21 25 27 4 25 16 7
14 22 5 24 14 18 26
13 22 12 2 25 16 24
22 5 22 1 14 21 7
12 25 4 6 5 25 13
21 16 12 4 12 27 8
25 2 15 6 23 10 1
27 16 15 13 2 22 22
26 1 9 25 26 10 16
18 24 8 9 20 19 22
8 25 15 4 25 17 26
1 1 17 10 14 16 3
21 4 4 16 19 10 17
1 10 23 14 14 11 19
26 8 17 15 16 24 4
23 18 10 22 23 15 7
4 4 25 19 20 5 25
7 11 5 16 21 25 2
16 10 24 23 2 19 3
27 20 21 5 22 19 14
20 22 22 14 24 8 11
9 12 16 18 3 27 5
16 18 2 8 2 1 10
8 8 22 8 8 4 5
16 17 6 7 3 25 25
1 8 25 7 13 24 22
14 14 7 27 9 16 1
9 21 22 5 25 14 24
17 27 6 8 11 7 11
6 23 19 8 13 12 16
24 3 17 20 11 16 16
22 21 20 24 21 22 20
9 24 8 4 11 3 10
24 1 2 14 15 6 1
16 20 12 17 17 13 25
3 3 12 18 17 24 24
11 17 3 15 13 26 26
27 8 17 15 14 16 16
17 8 20 2 7 24 11
17 2 11 8 9 1 14
18 1 15 13 5 20 2
27 1 7 8 14 12 17
19 3 9 27 22 21 5
21 22 15 25 9 10 27
10 12 12 26 24 24 14
4 24 25 24 21 12 14
18 13 21 20 18 22 9
21 26 2 18 8 9 15
4 21 22 25 13 22 23
1 3 2 17 23 8 15
21 14 2 1 15 19 24
8 11 1 4 6 4 22
8 16 1 11 8 22 11
8 19 1 18 11 3 2
20 2 27 21 11 14 18
18 26 3 17 5 4 8
8 3 10 11 22 1 8
1 25 14 21 24 1 21
5 11 5 22 13 10 16
24 4 7 17 7 25 19
10 13 27 15 11 16 9
4 4 19 25 17 27 23
16 10 10 16 23 6 2
10 19 9 22 13 2 13
21 27 14 1 12 25 8
9 27 7 14 25 13 25
20 24 6 23 23 22 16
25 10 24 11 18 2 16
19 25 5 14 12 16 14
17 17 15 11 14 12 8
23 3 21 21 16 9 14
22 5 3 3 13 22 11
3 4 20 27 16 19 22
20 5 21 6 6 20 19
3 11 25 1 6 26 6
12 19 25 7 18 6 19
16 18 17 9 21 4 1
21 17 8 26 9 7 23
17 11 10 10 1 6 23
19 6 17 21 9 14 8
6 15 7 10 10 24 17
24 3 22 25 23 13 8
6 21 26 13 17 11 21
3 13 21 6 22 2 13
10 2 22 7 26 19 8
22 13 11 20 6 24 3
15 13 3 24 16 2 3
11 4 9 14 3 8 7
8 8 21 2 19 4 18
15 12 16 9 15 2 1
15 22 3 8 7 5 21
21 19 10 3 4 7 9
26 16 5 4 5 25 24
4 14 4 7 7 12 9
13 24 5 12 8 11 21
16 9 12 14 14 22 18
27 16 20 25 18 17 1
4 25 3 18 14 26 23
12 9 12 13 9 2 23
3 16 3 2 13 2 7
8 10 23 5 10 2 17
23 2 27 11 7 22 20
11 4 4 22 20 21 23
2 25 9 18 8 7 25
22 9 3 13 18 27 14
14 2 8 1 19 9 10
11 23 9 9 3 21 25
4 26 21 9 22 25 21
6 15 17 2 24 21 17
16 27 10 22 8 16 6
25 11 9 9 21 5 15
20 9 18 6 13 19 10
14 1 23 25 22 16 22
9 4 24 2 13 7 3
2 19 24 27 17 9 23
27 3 23 1 17 16 8
2 6 24 9 12 21 23
8 13 10 4 27 9 26
17 4 10 22 17 27 3
16 4 9 15 23 24 10
20 16 18 17 17 19 2
21 9 20 4 19 15 7
18 4 9 2 8 3 3
6 15 17 22 18 17 19
6 27 5 23 19 18 8
10 19 21 25 6 27 2
15 22 22 4 14 8 12
17 21 6 1 2 18 23
27 15 7 22 4 27 21
25 14 22 11 13 3 20
11 6 2 18 5 20 6
8 6 13 16 13 13 8
6 9 7 26 3 20 12
18 2 27 15 24 27 18
19 23 11 20 13 5 7
5 13 4 14 21 22 21
27 18 8 10 4 25 3
2 18 25 22 6 13 9
2 4 7 25 11 14 27
7 20 24 26 7 6 6
4 16 18 25 3 11 21
3 12 6 16 10 22 21
6 10 22 22 4 12 26
1 18 13 10 6 20 4
7 9 27 9 13 13 8
3 2 6 25 21 6 9
11 18 1 23 6 17 7
17 18 5 12 20 4 1
11 3 18 25 22 27 18
20 11 24 26 5 9 25
9 18 13 27 5 6 8
23 5 5 25 17 21 24
24 11 12 15 19 17 1
14 4 15 22 27 14 17
19 9 8 3 5 15 25
17 12 13 18 25 23 15
5 10 22 24 6 25 12
2 24 1 16 26 12 4
22 12 8 8 14 9 3
22 16 20 25 13 15 21
22 1 3 7 1 15 9
10 5 1 23 11 16 10
2 26 8 12 3 26 1
11 24 6 23 6 17 13
1 5 25 19 24 20 13
23 7 13 17 20 4 25
1 19 9 2 18 9 14
24 27 3 24 20 19 10
4 27 25 24 3 20 9