27
611
820
584
3053
2848
1963
2689
3496
2533
1527
2037
1959
1569
420
1322
3353
1097
1256
855
2026
2072
3001
2087
3098
1419
1651
571
345
7
24 24 14 8 15 9 14
11 1 8 21 17 27 7
6 21 16 18 27 12 22
11 17 6 9 15 11 24
20 15 13 9 11 18 24
14 4 8 10 7 20 3
9 1 4 26 16 22 18
6 15 10 22 17 18 8
12 12 16 16 10 26 5
13 5 22 4 4 3 26
12 12 10 12 6 5 11
21 12 5 17 11 9 20
22 27 21 14 21 23 4
7 20 26 4 5 19 25
22 2 20 24 26 21 16
4 19 21 22 1 15 8
3 2 19 16 9 10 19
14 22 1 2 13 14 14
3 1 23 15 20 7 2
26 26 12 26 22 20 13
20 10 25 22 11 18 2
22 24 12 25 3 14 13
20 24 14 16 24 8 23
24 8 26 18 15 2 11
9 14 19 12 8 6 16
14 9 9 14 19 15 11
3 7 2 7 5 21 23
12 5 22 16 20 5 3
3 19 7 8 26 15 6
11 8 18 11 27 12 27
8 17 23 4 20 1 8
9 5 22 15 11 19 2
16 17 16 16 18 12 22
18 21 11 26 21 25 23
16 27 8 21 23 12 18
2 9 7 20 21 1 8
15 22 23 1 10 4 3
2 1 25 23 16 21 24
13 5 5 6 3 12 10
9 3 21 2 1 15 3
26 24 1 18 17 13 8
17 10 19 12 17 20 6
25 4 6 4 15 20 17
10 9 5 15 24 18 14
8 6 9 26 17 26 7
1 23 24 18 2 3 17
1 2 15 15 10 12 19
14 1 1 11 1 4 15
17 23 26 27 9 19 20
24 19 4 8 11 26 27
10 12 26 7 5 13 27
25 27 16 20 21 4 3
27 5 19 12 8 25 12
7 21 8 6 8 4 19
25 2 2 23 14 26 9
18 16 12 6 24 26 11
12 16 26 9 21 21 7
4 3 21 27 8 17 11
12 27 17 18 14 12 3
20 24 7 6 23 4 16
13 3 19 7 4 26 4
8 7 5 18 20 18 15
16 5 13 13 26 10 20
22 3 2 1 11 21 3
26 2 1 25 7 16 18
26 17 9 15 16 24 8
26 7 18 21 25 13 11
9 26 1 4 27 6 15
8 27 12 9 9 26 24
11 17 8 4 21 12 26
25 17 10 4 2 22 1
4 26 17 20 27 18 26
19 24 14 2 21 9 17
24 5 4 23 18 25 17
27 2 2 7 23 20 21
3 1 14 2 2 17 5
16 5 26 23 3 13 3
1 10 13 9 3 4 5
22 6 26 8 25 7 14
8 16 6 19 10 5 8
21 8 7 7 19 2 13
23 7 25 24 18 3 14
5 15 26 14 17 16 14
3 19 16 8 14 22 17
9 13 19 2 20 22 23
20 4 27 15 4 7 9
16 13 26 2 13 19 23
21 2 13 3 4 27 21
17 22 3 13 1 22 14
14 25 12 13 19 8 10
14 23 14 22 6 5 18
6 9 21 2 18 14 3
9 20 8 3 17 25 11
4 25 27 20 14 7 14
17 13 7 1 7 9 13
7 16 21 9 9 24 4
6 4 1 6 15 22 13
6 13 2 18 20 23 13
12 3 24 2 14 4 3
9 13 14 13 10 4 9
12 6 10 16 17 9 7
7 27 6 21 18 20 23
12 12 19 23 14 5 11
1 3 10 4 16 23 20
21 12 13 11 2 4 7
3 6 23 24 7 1 9
24 11 4 5 23 12 10
18 12 24 15 23 2 12
15 25 23 16 10 10 18
21 24 22 15 14 5 4
15 22 2 12 20 3 5
26 10 25 3 8 20 25
27 5 6 17 17 22 22
18 2 18 15 27 21 22
20 15 9 21 5 25 3
17 19 22 18 12 27 18
5 23 15 17 24 20 10
21 11 24 23 10 9 27
22 4 3 25 21 1 5
25 15 6 23 1 14 19
1 16 5 2 10 26 4
23 5 13 11 1 7 19
15 27 21 1 24 11 25
7 3 12 15 9 2 20
13 9 20 11 5 14 10
9 8 22 25 8 27 20
7 6 22 7 27 26 2
7 7 17 5 22 9 22
10 1 10 25 15 5 23
26 13 20 1 20 9 11
1 12 18 3 13 23 4
18 8 17 4 14 24 19
3 14 13 10 14 4 22
23 25 18 16 16 4 3
5 1 25 1 22 21 15
22 21 5 17 20 24 25
26 11 27 18 11 18 15
4 5 14 26 25 24 25
14 23 20 15 26 5 1
9 21 2 2 12 19 7
23 10 16 18 1 18 25
5 17 22 14 5 16 23
17 17 10 7 25 8 21
24 12 2 9 27 4 13
16 23 14 17 20 16 10
18 18 6 15 26 26 21
3 20 3 16 17 1 3
25 17 4 16 21 24 3
1 2 1 13 14 16 9
24 14 1 3 20 17 14
2 19 11 15 8 19 5
15 25 7 2 13 15 19
27 17 18 17 13 18 21
4 11 13 26 11 26 13
27 25 1 25 7 15 20
23 18 19 12 12 19 14
4 5 24 24 1 21 24
10 8 21 4 9 6 21
16 10 3 12 5 8 5
23 19 23 17 6 15 15
13 8 4 18 10 4 18
25 8 17 1 27 26 15
7 22 24 23 13 23 24
7 4 18 15 17 14 20
13 21 21 14 12 16 1
8 22 1 19 25 6 19
24 19 5 26 12 10 11
23 24 4 24 10 13 26
15 10 22 9 26 18 25
15 16 11 11 23 4 15
12 19 14 3 12 22 16
12 2 16 4 17 19 15
20 11 22 19 13 19 1
13 5 23 6 25 16 5
21 26 25 18 2 11 11
25 27 17 24 13 10 11
20 21 7 10 7 25 10
17 10 1 5 7 9 5
17 25 17 23 15 24 4
8 12 3 1 13 23 3
5 26 18 17 15 5 25
14 3 24 24 26 18 2
22 1 2 2 3 18 4
4 1 3 8 18 24 22
14 21 2 10 7 12 27
2 25 13 23 20 5 4
17 12 14 5 18 27 17
8 4 2 20 6 3 21
2 19 9 22 8 8 12
22 11 20 13 18 14 5
22 14 18 5 16 4 25
2 14 11 13 18 4 25
26 25 12 6 21 22 27
24 2 6 23 4 4 16
16 16 18 9 5 25 6
20 26 11 2 20 21 4
20 9 24 21 6 21 23
8 20 25 11 8 23 25
7 11 2 10 9 1 15
9 7 13 1 18 21 23
8 12 23 17 22 27 25
26 16 8 18 2 22 11
15 15 5 18 13 2 3
16 12 16 2 22 21 18
1 21 15 23 20 25 5
9 26 22 12 10 16 22
9 19 24 21 10 22 9
12 13 18 12 17 24 3
24 22 12 15 25 22 22
14 26 17 15 12 19 24
3 21 16 11 12 15 1
2 18 18 21 14 7 22
13 27 9 13 20 24 27
24 16 9 22 23 17 6
27 20 16 8 3 27 23
5 26 22 22 11 6 18
12 10 9 5 26 8 6
12 10 25 13 1 2 21
20 5 1 25 25 25 4
23 24 4 18 16 11 23
17 4 12 27 15 4 24
16 21 2 11 11 2 16
15 2 25 11 14 16 12
5 14 6 13 9 17 3
19 22 12 22 7 27 15
24 24 11 25 14 12 26
3 16 7 8 27 23 16
9 27 8 27 17 4 26
24 17 27 9 9 27 10
12 4 19 18 3 18 17
6 22 6 12 4 10 20
16 5 7 13 17 7 8
25 21 3 15 27 19 16
8 3 2 14 16 11 18
12 7 7 13 2 11 24
20 6 27 1 5 12 25
13 5 24 12 22 13 21
19 8 15 8 24 12 24
12 24 10 12 18 3 12
13 2 26 11 21 21 8
15 26 23 17 7 21 16
18 19 19 11 22 21 23
15 4 7 19 10 23 1
8 23 9 21 1 15 18
6 8 17 5 3 16 14
8 18 20 25 3 13 15
12 6 12 10 3 26 27
8 12 14 26 13 3 23
9 12 20 21 10 16 6
16 23 21 1 19 24 16
2 25 3 3 25 11 12
15 18 7 16 15 27 3
4 7 17 13 15 7 6
23 13 10 5 7 18 15
12 21 16 17 9 9 7
8 15 27 22 23 2 1
9 19 4 14 20 10 26
20 18 3 11 14 12 18
9 18 6 20 25 16 14
3 24 10 16 14 18 15
25 18 13 14 4 6 18
17 19 16 24 3 25 11
13 14 19 17 27 27 20
20 6 11 5 24 19 23
9 2 24 25 1 2 26
26 8 19 15 16 13 10
13 16 26 19 13 11 18
24 12 21 14 24 8 15
5 2 11 13 2 5 27
9 1 17 5 13 21 17
13 17 7 6 5 24 1
17 12 11 5 9 17 15
3 11 18 9 14 5 6
4 10 5 26 16 26 19
5 4 23 24 13 2 15
9 9 6 21 7 11 10
26 19 20 16 18 11 16
14 20 7 20 11 6 23
13 14 16 24 10 2 7
1 9 22 12 10 16 3
15 24 13 18 16 1 17
22 16 25 24 10 3 16
6 7 16 5 25 20 10
8 4 16 17 1 25 2
14 18 27 26 25 19 14
9 10 7 3 27 22 20
14 18 1 23 22 21 6
9 26 5 7 23 14 6
18 3 21 26 10 4 2
16 5 23 18 16 25 3
19 8 24 17 20 9 10
22 24 24 13 14 18 22
9 3 1 22 4 5 7
1 3 14 21 9 5 15
22 15 24 5 11 23 23
11 8 20 11 4 2 7
3 26 8 17 9 3 5
4 22 26 10 18 22 27
12 17 6 18 20 7 2
17 19 16 15 7 3 18
3 10 21 24 17 17 18
21 7 13 27 16 23 18
10 25 22 5 25 8 9
25 5 23 20 4 6 22
14 10 10 11 26 7 4
12 17 9 13 6 27 20
7 12 11 20 26 7 12
26 26 20 23 3 25 26
14 25 14 17 19 8 10
22 20 14 13 9 12 12
7 18 25 3 12 17 5
17 6 20 6 7 16 22
15 14 8 19 8 6 9
10 14 26 20 7 25 26
4 24 18 13 5 17 27
7 14 22 9 24 20 18
27 16 14 15 14 5 27
18 5 10 6 4 15 6
6 21 8 27 7 22 4
11 17 3 24 5 16 25
8 5 3 10 1 24 11
4 5 8 20 14 19 5
9 24 5 5 25 6 25
22 21 8 27 3 22 15
23 18 16 24 10 11 26
5 9 5 14 19 1 26
6 9 27 21 15 10 22
17 6 14 19 19 18 26
6 26 11 22 10 22 5
26 10 22 9 27 26 16
6 17 13 24 14 6 16
14 12 16 21 2 1 13
14 26 11 16 22 1 24
12 17 20 7 18 1 6
27 25 1 14 5 24 17
22 3 20 21 8 4 19
6 27 13 1 24 19 10
25 4 3 20 3 2 11
20 27 9 8 11 3 14
4 7 16 20 24 9 20
2 20 17 1 7 16 19
26 25 27 19 27 20 7
5 13 2 24 19 26 13
18 25 22 10 6 2 23
2 26 7 1 6 27 22