27
792
680
504
462
660
3363
3336
2206
750
3106
1143
1233
2449
1233
1618
2650
1295
644
2034
2086
1930
2031
2929
1802
1634
1444
2038
388
7
22 17 7 12 17 13 5
21 24 17 22 7 16 16
12 11 17 8 10 12 3
7 18 2 7 3 4 3
16 14 25 8 26 12 13
1 7 13 5 21 21 24
22 26 2 7 17 27 20
5 26 23 19 3 15 27
26 2 17 17 24 15 9
6 27 27 4 12 24 23
23 8 19 17 24 24 13
11 26 5 25 12 7 26
4 3 15 3 23 17 18
23 12 20 8 16 21 7
22 6 7 16 17 16 8
6 13 13 19 6 6 22
5 9 27 24 19 21 21
15 20 15 13 1 23 24
15 17 10 15 14 6 6
2 19 19 8 1 11 3
7 22 27 21 12 14 16
2 2 5 1 4 10 5
5 12 19 4 6 23 13
1 4 23 17 4 15 20
23 1 21 18 24 11 3
21 1 27 14 20 15 7
9 22 1 16 8 6 19
13 15 19 15 6 3 24
17 1 26 24 25 8 22
5 2 26 11 24 21 17
12 7 1 18 4 7 16
16 10 2 12 23 5 20
15 8 7 10 8 16 24
6 20 4 8 7 13 20
22 22 21 24 20 1 10
24 2 17 17 20 23 7
16 1 15 22 12 10 27
26 6 8 26 7 13 24
5 27 8 3 16 21 26
4 11 15 13 6 25 5
25 1 8 22 1 19 7
9 9 12 25 1 17 2
10 3 4 6 8 3 24
10 18 6 11 21 27 10
18 25 21 10 6 24 27
15 1 16 5 17 24 21
14 10 6 1 24 23 5
4 12 26 19 14 6 3
14 1 18 19 6 3 20
20 7 20 6 14 18 2
15 20 15 6 20 7 13
6 23 16 16 17 5 18
26 14 4 18 22 12 24
7 3 6 25 14 12 24
1 27 7 24 21 12 5
10 21 27 23 8 19 24
21 20 7 26 5 6 12
18 10 17 15 11 6 18
25 26 14 27 7 14 22
10 17 1 15 13 19 12
18 21 8 1 19 7 3
1 7 23 5 16 24 27
25 17 1 18 23 1 12
16 24 2 16 26 4 15
3 2 5 14 9 12 26
19 16 19 27 5 26 8
20 19 16 27 12 5 22
20 3 21 17 26 19 15
7 10 6 15 8 23 8
12 5 10 24 26 8 7
17 18 22 7 7 22 4
19 25 19 7 17 23 23
10 19 13 3 2 23 23
12 3 10 20 3 10 17
23 24 8 12 1 26 14
17 17 1 7 3 12 11
2 24 18 20 14 23 27
21 16 10 22 24 19 24
23 26 27 7 17 23 27
13 14 11 19 12 19 9
13 17 20 3 15 20 12
21 1 9 8 23 8 14
23 20 27 5 2 20 9
4 8 1 9 5 4 3
2 16 27 25 22 23 26
24 13 6 25 3 27 14
17 16 12 22 17 7 3
25 19 23 12 15 25 9
13 4 17 7 5 9 12
8 26 4 27 3 24 10
17 17 17 14 7 15 23
3 18 7 6 13 26 5
7 18 20 27 20 7 17
26 23 8 21 21 18 5
3 22 12 21 10 14 26
15 25 14 24 15 27 3
22 4 6 8 4 4 10
20 25 6 2 16 7 16
1 14 6 18 24 17 14
4 16 4 1 18 18 25
25 7 8 20 15 11 9
20 20 9 3 19 4 14
26 15 20 26 27 21 9
24 24 13 26 1 5 2
12 9 23 16 7 18 17
21 2 24 4 4 14 15
6 25 22 21 6 3 16
27 1 16 25 12 11 26
3 22 25 21 19 4 24
16 3 25 9 22 21 14
15 5 8 19 4 23 5
17 3 19 20 19 10 10
23 14 11 23 14 2 17
23 20 15 6 20 14 9
19 8 27 22 3 12 4
10 14 9 1 6 27 2
21 4 19 19 7 4 23
10 14 9 11 14 26 13
18 23 24 20 13 15 3
10 8 4 14 7 27 17
12 2 7 4 20 25 16
2 22 16 14 22 3 7
11 25 6 6 9 19 8
19 2 8 1 11 7 12
23 12 16 7 11 17 19
7 16 15 10 14 19 15
14 19 10 11 13 3 12
11 5 19 7 1 12 11
23 24 19 16 21 24 21
21 25 14 15 25 21 10
10 9 25 11 23 20 27
19 21 27 17 10 20 22
3 20 25 14 19 13 4
9 13 20 17 1 22 19
1 19 6 17 21 27 23
4 23 26 24 25 5 7
19 22 2 5 17 6 21
3 24 27 23 20 5 15
22 7 5 22 19 19 16
22 4 18 21 26 2 19
3 14 27 25 9 19 19
8 16 2 13 25 3 24
23 20 14 22 10 5 20
5 1 21 4 4 18 14
6 16 22 12 26 22 13
19 21 5 2 8 1 10
1 27 9 26 18 6 3
20 22 12 6 7 4 19
24 21 26 26 8 2 25
5 12 26 12 25 11 11
16 15 17 10 13 15 26
22 8 18 22 14 2 6
5 12 19 24 23 18 25
16 12 20 2 9 22 9
16 10 1 4 15 21 14
15 8 17 19 10 5 2
3 13 3 17 16 22 14
8 27 17 11 22 23 20
7 25 21 24 15 19 3
17 24 8 12 9 21 14
5 12 21 23 26 25 24
9 2 16 3 21 8 18
17 10 7 14 8 5 19
10 8 15 27 1 15 17
10 1 9 10 16 16 20
18 12 13 20 27 26 26
2 13 23 10 1 14 17
15 1 19 24 22 18 23
3 6 2 19 8 25 20
26 27 22 19 27 14 14
5 18 6 9 5 11 17
4 26 16 14 14 12 2
16 10 21 7 11 25 10
14 4 18 22 17 7 25
23 10 10 23 9 3 25
25 24 25 24 20 19 16
4 12 19 16 4 3 2
4 11 7 23 12 6 26
3 5 3 26 7 8 26
22 8 5 18 13 24 18
20 15 9 15 5 25 6
24 12 6 11 5 3 22
26 19 7 15 20 7 22
22 9 22 26 12 12 24
16 19 5 22 16 4 7
13 22 11 17 14 10 7
20 19 24 2 25 27 24
12 27 3 12 26 12 18
18 11 10 12 27 24 26
3 4 16 7 18 6 11
15 19 14 14 26 26 15
27 9 4 13 26 27 16
15 19 13 13 19 19 17
8 19 17 2 4 26 24
25 6 6 14 19 6 11
18 16 23 21 2 12 23
6 5 23 20 7 1 20
5 11 26 12 8 21 23
5 16 14 11 3 6 6
11 3 20 2 11 21 19
10 27 7 4 26 12 15
19 20 27 25 23 9 20
1 25 24 2 26 11 3
6 19 27 25 17 1 25
24 8 13 21 12 20 23
10 11 27 19 22 18 23
25 17 24 21 8 9 16
6 22 7 13 19 8 2
15 7 22 9 9 25 21
5 8 2 14 5 19 17
3 8 13 3 7 26 14
25 27 18 6 24 17 21
16 8 15 22 17 22 20
9 1 23 14 26 18 18
7 25 26 12 3 9 2
13 6 14 3 17 4 8
24 21 27 22 20 24 10
5 20 7 7 6 9 19
14 6 2 5 14 5 27
15 6 2 16 7 8 8
14 9 16 20 1 5 2
9 6 1 3 25 17 11
24 26 25 15 23 10 19
18 6 27 7 2 3 22
10 15 3 21 20 5 2
5 15 14 21 2 22 13
9 16 22 9 22 6 22
18 27 25 20 18 22 26
11 10 14 13 8 20 22
9 7 14 5 26 23 8
24 20 5 8 8 23 26
5 12 23 4 12 18 12
16 26 25 18 21 1 17
20 22 9 9 25 21 19
8 20 9 8 27 3 12
11 22 19 11 22 16 27
26 9 15 16 25 11 24
1 2 4 20 12 8 23
1 13 21 21 16 26 12
9 22 3 14 1 1 21
5 14 27 13 11 1 15
6 22 5 14 7 17 17
10 2 22 22 12 17 9
22 22 1 4 19 4 6
10 25 22 21 26 6 1
23 6 22 22 20 9 6
13 24 25 24 5 8 26
23 9 17 5 3 27 17
10 23 21 12 1 2 23
27 23 25 22 21 18 23
25 27 2 14 3 25 7
15 12 11 27 2 4 26
22 27 26 18 17 15 16
1 7 25 6 22 21 21
2 24 8 4 11 15 13
22 25 9 8 22 15 15
7 1 15 2 11 16 15
7 22 25 1 17 18 22
11 3 5 14 23 23 6
21 13 22 5 27 25 16
8 18 15 11 15 26 12
11 14 27 24 26 17 5
10 27 10 2 8 21 23
3 24 9 10 24 8 15
15 3 25 3 21 18 2
17 11 7 12 4 3 3
17 21 17 5 6 21 4
6 19 19 12 16 2 4
3 23 23 2 17 12 14
4 22 6 11 5 19 12
6 25 14 14 8 11 19
6 8 26 2 13 11 22
9 2 4 3 23 14 22
22 21 22 5 10 17 21
26 8 4 3 12 19 26
14 10 27 5 21 27 20
15 7 14 8 17 7 18
1 3 19 24 16 11 15
26 22 20 14 23 21 6
19 27 9 13 8 15 26
14 7 9 16 1 6 5
11 25 7 21 22 25 3
26 15 24 13 24 3 3
18 24 23 2 18 24 21
27 3 23 15 24 4 22
8 9 19 2 5 22 15
26 1 16 27 17 6 21
25 25 13 16 10 6 7
21 6 7 3 17 27 11
24 18 15 14 26 6 27
24 21 18 15 11 10 10
25 17 14 5 8 22 9
3 20 5 10 2 24 23
10 14 8 13 9 26 23
26 11 15 13 10 2 19
7 10 21 27 27 4 20
2 15 6 19 23 1 1
2 11 18 20 25 1 5
14 9 27 24 15 4 22
18 4 7 19 26 8 16
8 6 18 9 17 27 24
23 7 20 6 9 7 23
27 9 18 27 24 4 16
4 25 25 13 15 16 12
11 21 19 24 19 23 2
20 7 7 3 26 15 8
16 6 12 5 26 3 18
19 17 11 3 23 26 17
23 6 3 18 24 3 5
2 15 21 17 21 15 17
14 9 11 16 23 25 19
25 10 20 14 14 18 5
9 6 5 11 5 12 1
24 4 12 2 5 18 27
27 24 11 14 11 26 5
11 6 4 14 24 13 8
26 9 23 22 22 12 7
1 26 2 22 26 8 15
18 6 27 17 1 13 9
17 25 17 9 25 13 9
19 24 23 10 2 12 17
21 24 24 11 18 24 2
4 11 15 26 2 10 11
17 20 14 5 9 6 11
22 27 5 15 26 3 2
8 26 22 3 16 1 17
9 21 10 18 21 4 1
14 14 19 4 3 12 8
12 4 17 25 4 8 27
6 16 20 26 22 20 27
12 25 19 19 2 10 26
15 11 19 25 24 15 9
24 8 3 12 1 16 26
10 19 9 1 9 4 15
3 19 25 3 19 9 10
15 1 1 11 16 11 20
3 23 6 14 13 16 7
21 21 13 8 8 23 15
17 27 4 2 23 6 20
16 24 21 1 10 14 9
27 14 23 13 21 27 14
3 16 26 27 12 18 16
5 4 22 6 12 2 24
5 10 23 3 1 12 22
22 13 24 19 25 19 14
8 27 11 8 9 1 5
20 27 7 23 11 11 20
7 20 14 1 9 14 4
27 13 7 2 12 7 9
20 26 1 20 13 19 15
9 1 12 7 20 9 6
25 3 4 25 27 7 26
15 18 4 25 26 27 27
16 4 4 7 18 12 8
1 1 17 17 13 2 19
8 6 15 6 19 1 16
7 11 5 4 24 19 8
15 15 13 25 2 15 20
25 6 14 9 22 5 18
2 5 24 23 5 18 24
20 16 4 9 16 20 8
1 9 18 25 10 4 23
22 2 7 13 7 21 19
16 25 3 14 26 15 24
10 2 26 25 24 22 16
3 27 10 22 19 26 20
19 25 19 23 5 24 22
1 6 20 19 26 17 27
7 1 12 11 1 27 5
9 15 1 11 21 4 10
21 21 23 25 15 11 25
9 21 12 9 23 10 1
15 11 21 7 25 10 15
19 20 24 6 23 5 19
17 22 2 4 18 21 18
15 16 23 20 15 17 18
1 26 6 5 10 14 7
6 1 10 21 22 5 1
3 6 6 7 4 14 10
7 10 11 21 14 15 5
12 17 19 10 14 24 5
25 23 23 16 22 12 7
8 23 20 25 5 20 26
19 21 1 12 8 25 21
8 12 14 16 15 10 13
14 22 19 12 21 23 13
27 25 10 16 20 18 26
21 1 20 17 16 9 5