27
1373
3384
2146
1526
1900
2999
1065
2690
2603
1077
3140
2111
631
1239
754
966
552
526
1382
3407
892
2763
1060
2400
1596
2086
604
346
7
15 8 2 27 10 3 16
4 25 8 19 4 10 15
5 18 11 4 17 1 18
24 12 26 6 21 11 13
19 8 20 12 15 25 14
23 13 21 24 22 13 26
5 16 23 14 4 25 2
17 13 18 15 19 15 6
1 4 12 15 16 1 14
8 23 5 24 3 8 3
2 4 18 13 18 26 19
27 21 27 21 16 9 6
7 3 4 18 1 14 2
15 22 1 13 24 26 3
17 10 18 18 19 3 26
14 13 25 2 13 2 3
13 7 25 3 22 4 4
10 18 6 9 26 23 22
7 15 3 4 22 13 18
4 20 26 18 15 10 20
8 16 17 23 25 15 4
8 21 22 1 6 17 4
6 21 6 14 18 16 23
22 12 21 5 27 4 11
8 19 7 8 25 23 16
4 1 6 4 13 27 24
13 4 23 15 2 5 9
20 20 20 24 6 13 17
3 16 23 11 26 20 12
16 24 11 24 12 14 18
7 12 10 25 23 8 17
24 9 4 25 5 17 11
21 7 2 15 11 5 3
21 7 12 18 5 22 21
26 10 16 20 11 9 16
3 10 16 20 12 25 12
7 26 5 21 18 17 13
1 5 24 15 24 14 16
27 18 15 11 21 19 4
25 3 13 15 1 26 15
27 21 1 15 5 26 13
23 16 6 8 9 15 15
17 15 10 14 23 21 22
10 17 17 2 22 1 2
9 19 1 4 4 13 6
21 16 19 3 2 27 3
27 14 20 1 15 6 21
22 4 9 25 17 27 16
13 7 8 16 25 10 24
20 8 9 6 11 25 3
14 26 1 18 13 9 16
14 19 24 18 15 11 9
18 14 4 9 8 21 17
14 1 20 17 1 18 8
6 10 2 7 5 8 13
8 23 7 14 2 12 16
27 22 1 16 18 8 2
5 22 25 6 20 17 15
1 13 15 6 9 19 11
10 4 5 3 16 13 20
14 23 27 25 3 7 21
5 16 16 5 14 4 23
10 1 9 27 26 19 9
23 3 10 4 17 16 27
24 12 23 21 24 7 3
20 11 27 18 20 23 17
12 3 27 27 6 9 8
11 12 2 6 1 15 26
2 11 19 16 7 22 7
2 2 8 11 26 1 18
1 20 2 26 12 18 1
8 20 6 9 10 23 11
12 8 11 25 26 23 5
7 2 6 5 24 14 12
16 19 20 9 4 19 14
25 19 8 2 10 8 15
18 3 14 18 17 2 9
21 10 16 13 8 24 26
23 22 27 10 10 17 16
13 11 10 10 6 17 23
24 5 26 14 15 25 13
9 7 1 8 3 27 18
5 8 24 27 5 8 4
11 25 14 13 10 2 24
25 9 6 13 25 14 10
24 24 25 7 24 11 25
10 26 1 10 18 2 7
23 12 8 13 12 4 4
13 26 25 5 5 15 10
18 8 20 5 27 24 15
11 27 6 21 16 21 23
3 10 17 7 9 17 11
22 2 13 11 12 23 22
22 26 1 25 4 15 16
19 14 16 14 5 4 24
18 20 2 26 23 18 10
20 14 19 7 25 5 24
8 27 11 17 23 16 6
22 17 18 10 21 23 17
7 4 17 15 14 24 22
7 12 20 3 16 17 9
3 16 4 12 20 21 1
9 18 11 3 3 6 24
10 15 4 16 10 10 15
2 9 4 15 24 24 6
25 13 18 23 25 12 19
23 17 12 8 17 20 7
14 1 12 22 23 11 2
27 27 26 12 16 6 21
7 2 20 14 17 21 7
15 25 23 24 12 24 9
4 5 1 11 3 14 19
25 1 27 2 16 8 24
5 5 23 26 6 11 12
26 20 13 7 2 10 10
9 3 23 4 12 27 14
6 13 25 10 22 8 13
14 3 6 15 13 10 27
27 25 12 3 5 18 25
19 22 14 23 24 18 20
19 19 23 17 2 26 7
21 19 11 12 19 14 18
15 15 26 15 21 23 9
12 25 24 10 16 21 24
14 5 20 2 17 27 11
24 9 1 8 6 21 13
15 9 11 22 12 5 10
16 2 23 20 13 1 21
13 8 10 23 21 8 26
3 25 5 16 18 27 17
1 12 18 2 25 18 5
19 12 8 18 1 3 18
19 20 20 17 26 27 25
23 12 26 14 23 3 3
4 26 10 25 26 6 13
17 24 16 21 1 20 25
13 18 23 25 12 7 20
1 24 15 3 5 21 27
24 9 27 15 3 11 16
13 8 18 12 25 11 4
9 11 21 2 26 11 13
6 24 9 9 10 17 18
16 22 13 24 11 7 10
12 26 13 20 9 18 7
24 5 9 19 8 8 20
9 14 18 4 2 20 9
27 17 2 3 1 10 1
9 20 3 18 26 7 17
1 14 4 16 4 3 21
23 21 26 15 21 13 26
7 9 4 20 24 8 1
4 3 27 23 7 25 19
16 18 13 23 4 19 21
11 7 25 25 7 18 8
10 21 9 23 4 25 6
10 8 14 7 8 21 5
20 10 1 10 2 22 8
19 21 11 10 11 1 2
9 8 16 23 14 18 8
7 24 4 16 8 16 17
27 27 23 13 20 26 16
16 1 13 14 16 6 6
13 2 8 13 23 9 7
11 22 8 26 11 17 9
5 11 14 21 25 5 8
3 3 4 20 27 10 13
26 7 6 22 26 14 24
8 19 12 20 19 19 25
1 15 14 6 16 17 13
21 8 4 11 13 1 25
5 8 14 10 16 5 10
22 8 4 20 5 14 14
13 6 21 27 22 6 21
13 20 15 23 15 11 10
1 14 26 15 26 6 12
25 21 18 21 24 15 13
16 10 8 18 8 7 15
27 9 6 7 14 16 4
19 20 23 4 21 1 2
12 5 19 26 12 22 23
25 25 15 8 8 18 23
8 21 12 23 18 23 23
3 5 15 24 23 23 18
5 14 13 10 9 13 6
5 14 24 11 8 6 10
17 10 23 4 16 20 21
18 14 27 16 19 15 10
21 9 16 26 20 9 14
2 3 6 6 18 25 24
15 18 23 10 16 4 3
27 15 15 3 13 8 24
12 15 3 22 24 6 12
6 14 23 9 4 23 18
18 26 7 14 26 23 5
2 1 13 1 25 27 12
7 14 16 20 14 19 22
10 1 4 4 27 18 15
22 18 21 18 26 20 5
3 21 17 17 17 3 26
1 2 22 27 27 16 6
23 5 13 7 3 14 4
16 20 13 25 18 10 27
1 21 27 9 25 25 20
18 26 2 5 17 24 3
14 13 10 5 10 2 18
24 14 7 4 19 12 5
2 7 7 5 15 25 19
12 17 11 5 23 23 5
16 13 20 12 10 16 26
23 21 3 24 21 13 9
8 14 1 10 11 25 19
12 20 21 12 17 12 7
21 23 14 25 14 27 17
16 7 20 23 9 24 4
20 11 17 19 18 17 20
7 22 12 6 16 10 5
13 15 18 18 7 3 23
7 25 22 26 16 19 10
23 27 4 10 20 10 16
12 14 10 24 27 18 23
15 15 24 2 22 20 1
18 7 12 23 23 27 21
6 12 6 8 4 22 5
16 16 11 9 15 2 15
2 7 21 20 19 6 12
4 3 10 27 25 1 24
2 20 3 26 18 15 25
7 8 25 23 12 12 18
24 2 10 25 4 12 4
9 20 19 15 10 8 23
21 24 21 17 14 15 2
13 14 16 15 19 3 19
17 17 8 19 16 26 8
3 27 17 10 12 2 2
19 23 20 15 20 27 21
11 26 21 21 18 2 2
1 15 16 18 8 16 6
26 11 26 20 4 5 10
12 23 4 11 24 14 2
18 7 22 20 13 16 22
21 15 11 8 24 19 14
27 4 18 25 2 11 26
16 2 10 10 8 24 22
21 13 23 9 13 15 2
10 4 18 25 9 14 14
26 14 12 19 23 25 16
7 21 23 14 10 15 1
10 3 23 27 6 18 17
10 14 22 7 9 23 14
20 5 4 27 16 27 13
17 26 21 18 11 5 27
12 5 13 7 16 13 13
20 27 15 21 13 9 10
10 7 25 24 25 23 19
11 19 7 23 27 14 17
7 25 10 4 23 22 17
26 8 6 16 13 16 25
8 4 24 7 22 6 22
9 20 15 13 2 14 4
9 10 6 10 24 9 21
24 25 24 2 2 24 2
3 3 13 21 14 15 9
10 9 4 16 1 25 17
8 4 4 4 5 5 22
2 26 13 12 15 19 12
5 3 6 2 21 5 1
23 8 17 23 12 19 7
23 9 19 24 13 19 27
9 14 21 23 5 20 25
26 1 8 27 12 22 5
6 9 21 9 25 2 12
21 8 13 25 19 6 10
27 15 18 8 4 1 16
8 5 10 25 13 21 19
7 3 18 26 17 2 14
10 27 17 5 21 21 13
23 10 24 25 8 26 27
11 20 15 12 21 8 3
13 5 10 18 13 25 6
6 12 25 26 21 19 14
27 6 11 18 26 5 13
11 18 21 23 22 2 25
18 3 6 4 16 20 5
16 6 10 5 4 18 7
3 5 24 9 25 25 23
25 2 5 5 11 10 27
22 27 1 10 4 6 10
21 12 3 18 8 16 4
9 25 17 13 21 10 10
5 5 13 13 17 22 20
20 21 4 24 15 13 15
13 25 3 26 16 19 15
26 11 24 22 14 27 17
23 14 27 16 19 1 26
16 9 25 2 3 19 13
15 3 1 11 14 2 20
8 17 2 8 22 6 19
18 19 19 13 25 2 6
9 6 13 8 20 18 22
17 18 23 11 17 3 20
7 22 25 14 25 26 15
9 15 24 27 18 18 6
1 17 21 4 23 14 9
13 27 6 13 11 24 19
7 12 6 17 12 25 15
5 27 1 11 2 1 2
13 19 15 6 2 13 11
11 21 1 8 3 27 9
19 20 14 2 25 22 2
6 14 24 5 3 10 11
27 13 11 11 15 10 26
2 9 15 15 4 22 24
20 25 11 4 2 13 22
8 17 8 11 25 18 26
21 2 12 2 13 7 19
23 7 20 11 20 17 24
9 13 6 20 5 24 18
22 6 21 22 19 24 25
21 7 7 4 20 11 15
24 25 11 15 2 3 4
18 22 13 24 8 16 2
24 10 27 16 6 19 16
12 19 2 8 11 15 1
27 11 10 22 18 27 1
5 6 23 23 23 6 4
19 18 16 17 24 9 15
3 1 22 14 15 26 3
23 18 17 13 14 17 23
22 24 5 9 3 10 15
16 24 6 4 10 2 27
19 15 6 10 13 22 9
4 17 14 18 3 4 17
1 13 3 14 24 8 3
18 14 9 16 26 22 4
27 20 14 16 5 4 10
10 9 23 2 26 9 13
14 4 17 10 5 4 23
11 3 20 22 17 9 8
4 7 13 13 27 6 1
3 20 8 10 19 20 19
9 23 23 3 5 21 21
20 22 27 17 27 7 22
20 2 17 5 20 22 16
21 20 3 3 9 13 23
16 5 3 2 17 25 13
21 11 17 1 22 4 3