27
1554
1430
1344
781
2344
579
1205
2226
1524
2438
1026
3081
1764
555
1985
2482
3205
2264
1900
419
781
1358
1040
1875
1083
2114
2107
320
7
11 14 13 18 20 24 11
27 20 27 13 15 25 27
25 14 7 14 20 16 23
4 14 20 6 26 15 24
9 7 20 23 16 25 17
25 7 13 6 27 14 24
4 7 13 11 10 4 15
13 22 25 4 5 12 27
3 6 10 13 10 6 9
16 16 4 17 4 24 23
11 25 16 24 24 21 22
11 4 22 3 19 23 2
18 24 5 4 10 27 15
7 18 23 7 11 4 27
17 24 10 24 10 24 11
26 10 7 21 23 8 13
22 2 12 4 21 19 4
13 11 1 5 3 12 13
23 9 10 24 23 5 26
25 2 6 21 20 24 14
5 25 20 22 16 11 5
4 16 9 7 7 8 21
3 13 10 9 3 8 23
11 12 5 18 21 3 20
23 19 23 21 27 15 27
10 10 20 19 4 24 14
21 22 20 12 10 4 24
19 7 26 24 20 17 14
8 12 7 1 15 23 26
19 11 4 4 10 11 20
23 3 25 13 7 8 12
16 14 9 7 3 5 7
19 21 11 12 11 25 23
17 23 1 9 20 12 18
20 1 8 19 24 16 27
25 15 13 20 4 9 17
20 26 10 19 27 2 27
13 22 12 23 13 18 23
27 12 9 8 2 6 23
7 8 16 10 25 17 2
22 27 20 1 20 10 27
21 15 14 3 8 13 22
22 1 23 4 23 14 9
9 21 1 23 4 25 12
4 25 3 7 19 11 16
17 16 18 13 18 19 25
1 21 10 21 10 11 10
24 12 12 2 18 27 2
1 12 9 4 13 12 1
6 4 10 27 23 25 19
3 8 1 10 20 13 5
20 19 2 20 14 18 26
3 7 21 13 11 26 16
20 24 5 11 5 26 14
12 1 26 24 4 27 25
22 8 8 3 19 2 13
17 24 18 6 14 16 11
2 9 20 20 10 12 15
21 25 19 3 9 24 2
21 6 5 18 10 24 16
4 27 8 5 2 4 13
22 18 19 15 23 23 20
4 11 5 25 24 23 9
11 9 15 4 21 2 14
1 6 18 21 8 22 24
12 21 18 1 6 24 14
22 6 17 23 25 25 19
12 16 20 6 8 25 11
12 10 8 6 19 8 23
2 6 4 20 7 6 18
6 16 5 4 12 25 3
13 8 14 25 24 26 6
13 4 5 8 26 24 15
15 26 1 1 27 7 3
2 21 6 5 23 2 1
6 16 14 17 9 7 10
2 24 18 15 9 25 13
19 10 4 8 10 21 12
27 6 6 4 12 7 7
27 19 17 1 2 24 3
12 6 19 7 17 26 16
27 1 8 8 5 17 1
1 23 2 14 12 15 16
20 1 10 2 7 23 1
13 7 23 21 20 21 11
25 18 21 4 9 12 2
13 2 12 27 10 22 17
3 20 4 19 26 12 7
8 18 25 11 14 19 24
27 12 14 13 5 14 5
4 16 21 26 26 10 26
9 25 12 21 27 18 23
4 12 24 6 12 1 14
1 22 18 26 2 16 10
26 21 18 14 3 23 12
6 25 10 24 26 4 26
2 15 19 3 26 26 14
20 5 18 1 25 16 15
19 26 6 6 24 17 16
12 7 15 22 7 4 15
7 22 7 12 22 14 12
17 8 19 11 20 26 10
13 14 4 13 10 4 23
16 9 6 9 11 19 7
10 24 12 14 17 26 21
18 16 9 7 20 7 15
27 21 21 16 1 24 19
10 21 27 9 2 12 16
11 3 10 16 1 12 15
16 14 17 7 10 11 8
7 21 6 17 27 9 17
5 20 6 1 22 6 26
6 23 6 4 6 19 22
11 27 23 16 25 16 18
23 16 5 4 27 24 27
17 21 26 21 24 20 7
20 4 7 4 17 9 27
22 25 5 14 2 10 23
17 1 23 22 5 5 18
25 8 5 13 14 23 7
18 22 20 18 22 7 5
13 27 22 13 3 3 8
7 20 13 16 21 19 10
26 5 25 21 3 26 7
10 21 3 17 8 8 12
12 20 8 1 5 24 16
15 9 20 23 19 21 5
7 17 5 14 16 10 9
2 10 8 6 18 10 7
27 22 5 14 27 15 25
16 1 6 20 21 20 9
12 2 15 15 10 19 9
8 18 19 19 24 5 9
26 9 8 27 10 24 2
19 6 4 10 11 19 7
11 25 25 25 13 14 13
18 9 10 6 17 11 8
7 25 15 23 8 7 4
12 14 24 15 3 11 13
23 12 22 16 17 7 22
17 11 25 21 2 5 11
18 12 24 19 12 6 13
22 22 22 2 15 11 3
7 1 2 19 5 25 2
23 3 26 5 23 9 10
22 18 14 8 14 5 20
19 17 25 17 20 25 26
14 7 3 3 1 5 16
19 20 2 4 11 13 15
3 14 15 17 11 20 20
18 12 11 8 27 5 11
4 16 17 19 6 4 3
13 21 3 15 5 5 18
1 20 18 4 18 13 18
13 25 25 27 22 16 3
14 16 8 27 21 16 20
7 13 6 25 25 12 24
14 9 21 8 23 15 14
1 16 15 19 11 21 8
15 7 14 27 26 14 3
26 20 1 9 22 27 13
11 27 27 24 12 17 22
7 7 1 19 10 2 18
10 6 24 7 25 20 14
3 7 16 24 25 23 3
4 16 11 5 14 18 21
7 11 3 15 26 16 15
20 19 20 16 13 23 15
11 15 24 21 11 15 6
10 24 21 5 24 11 6
12 15 22 20 13 10 20
17 21 2 6 17 7 16
24 19 21 25 21 26 1
8 13 20 11 1 23 17
4 10 24 9 8 13 10
6 18 3 3 19 9 25
11 3 14 10 6 19 5
19 23 14 16 22 26 24
26 20 22 22 17 15 20
15 22 10 16 22 6 11
22 11 20 1 1 13 25
27 5 18 14 7 19 21
2 26 1 21 25 25 2
24 7 22 20 15 4 5
21 2 8 2 15 4 18
9 25 17 2 24 17 13
2 16 25 23 4 24 20
6 18 24 13 20 13 16
15 7 13 20 14 21 21
14 1 21 21 27 16 26
17 23 26 27 2 22 24
12 26 5 11 17 26 24
23 4 8 10 21 17 10
20 19 17 8 7 7 15
10 17 16 12 16 23 10
1 19 8 7 17 6 8
27 1 20 27 23 3 10
23 16 20 1 3 10 9
2 19 27 10 17 17 3
19 22 19 27 9 15 4
3 16 8 7 13 14 19
26 5 11 15 3 2 10
16 14 7 13 16 23 19
22 11 22 21 26 23 6
2 16 7 5 2 23 18
20 5 17 13 20 8 25
22 9 27 18 16 25 11
2 3 3 18 27 1 15
23 18 25 24 4 23 17
12 17 6 16 22 11 20
13 24 16 19 18 26 27
15 7 1 6 5 2 16
21 22 15 20 4 17 8
21 4 12 12 1 8 1
12 17 2 19 12 12 3
27 12 8 22 22 17 1
11 8 22 11 14 21 6
13 25 17 6 12 25 26
15 11 7 13 21 22 2
8 27 15 14 26 17 3
19 2 23 6 21 18 21
15 14 6 25 2 9 14
27 15 27 25 24 18 18
13 18 19 21 6 11 27
10 15 8 21 20 20 21
15 11 1 27 7 1 17
18 13 7 20 7 12 10
23 9 3 22 5 2 13
17 7 14 25 15 25 25
27 24 13 20 3 13 9
5 5 1 14 14 6 27
14 27 4 2 24 23 24
14 20 12 17 6 11 2
22 20 8 24 7 7 7
12 14 25 12 16 7 10
1 14 23 5 16 14 27
24 9 15 4 7 11 5
14 21 18 8 16 17 6
13 26 7 6 14 8 9
6 1 27 6 20 15 7
14 16 11 16 5 27 23
23 4 24 27 24 12 9
10 11 24 12 25 16 25
23 6 26 1 13 25 14
1 27 7 24 15 3 23
18 6 7 16 26 13 27
18 26 17 1 14 4 4
19 3 11 26 21 21 24
7 18 5 18 10 6 21
13 27 18 6 8 15 21
22 6 9 23 6 5 4
20 17 10 19 1 4 15
17 8 11 22 22 21 4
12 10 19 15 8 3 15
1 9 5 21 26 16 4
3 8 23 6 21 27 19
1 26 19 21 2 1 23
25 12 5 15 25 8 26
2 20 17 22 19 15 6
13 1 12 13 24 21 22
17 20 11 14 26 5 1
19 15 14 15 2 11 27
21 19 21 13 24 5 17
5 27 20 10 13 26 3
26 11 14 6 24 16 20
13 14 4 26 9 6 3
5 23 10 16 17 23 1
4 25 2 15 21 7 20
11 5 17 22 1 12 20
12 12 5 3 9 17 9
23 4 2 1 9 22 23
24 2 21 8 1 9 20
14 19 27 3 17 8 7
12 15 18 6 13 5 19
13 2 27 3 18 11 27
13 8 6 8 27 1 18
5 3 11 16 17 4 6
20 1 15 10 9 11 24
15 25 13 15 3 5 12
16 18 23 15 18 22 22
3 15 5 6 26 8 23
11 15 9 7 4 3 24
24 24 27 22 23 18 20
11 21 11 1 21 11 8
5 6 24 25 17 27 23
18 21 4 23 5 7 19
13 3 26 26 10 26 8
10 24 17 23 9 6 15
15 26 12 19 26 12 1
2 19 19 17 25 18 13
20 17 2 19 16 25 6
24 27 9 24 17 2 2
17 16 13 1 2 23 20
23 2 4 25 27 12 20
5 11 20 11 4 9 24
1 23 18 18 4 22 1
18 7 22 26 12 24 24
26 23 16 23 22 6 22
26 22 17 21 19 7 20
11 12 19 3 12 4 3
8 15 8 14 5 15 8
19 6 8 8 9 12 6
15 8 23 16 19 14 13
15 1 12 24 5 15 20
27 20 1 14 1 7 22
12 5 17 13 14 9 11
12 5 26 5 8 23 24
11 15 14 15 14 23 11
4 12 15 22 25 21 1
11 6 20 21 9 25 10
4 15 24 1 15 3 23
14 21 24 25 27 15 1
6 8 27 17 22 22 27
9 19 17 25 7 20 7
5 23 1 5 9 24 23
21 14 16 25 9 7 19
18 18 6 6 19 13 7
8 22 5 26 24 23 18
5 21 17 23 15 25 27
10 12 27 25 27 15 17