27
1759
991
1275
3377
2904
431
1565
2890
3447
514
1733
2398
3300
1034
3156
1536
1860
1666
2131
2787
2412
1513
846
480
1812
1480
3112
310
7
7 22 2 16 24 14 24
24 23 23 16 27 22 14
1 25 21 22 5 17 6
18 22 20 12 15 7 25
4 21 21 27 7 6 19
2 8 22 16 26 16 22
27 7 4 6 11 1 6
10 2 24 12 27 15 10
17 27 14 21 3 18 16
10 10 22 2 8 10 11
18 27 17 24 26 14 7
13 19 27 3 18 12 26
20 14 1 12 1 11 13
11 17 14 8 3 10 22
26 26 1 13 13 4 21
20 19 1 11 5 4 16
10 22 20 16 1 21 14
2 23 10 19 6 3 11
26 21 4 18 26 22 10
11 2 1 8 4 20 13
1 3 17 13 7 12 25
9 15 21 24 27 21 11
11 2 27 12 6 18 19
8 23 3 12 11 20 4
3 2 8 24 11 2 14
26 11 18 9 11 2 18
11 15 26 20 5 7 25
12 22 19 10 14 22 3
25 16 24 12 23 2 13
11 1 14 5 4 17 14
6 24 27 3 26 16 4
14 4 1 21 12 20 4
11 23 21 2 23 10 6
15 13 1 19 7 9 12
6 2 22 10 16 21 24
3 20 16 1 21 27 20
18 10 24 13 5 27 26
21 23 18 11 9 9 8
8 13 25 27 16 10 27
13 24 27 10 24 10 2
6 3 12 4 13 15 12
25 23 3 3 12 19 4
1 3 8 6 15 11 18
25 12 21 10 3 3 14
10 7 11 10 18 26 7
19 20 24 27 19 13 18
23 2 1 4 22 11 20
2 13 8 12 11 4 20
14 21 21 9 5 8 13
5 20 17 1 7 25 22
19 13 9 11 20 19 12
24 21 26 27 19 18 7
16 15 3 14 22 2 27
25 21 18 6 1 4 17
13 18 19 14 5 18 4
10 1 1 21 19 2 22
27 27 24 9 6 22 7
3 24 17 26 6 14 24
14 17 4 14 19 13 5
11 22 8 8 22 3 10
19 11 22 11 10 5 13
14 2 10 21 23 4 5
10 9 15 7 11 2 7
6 25 23 26 11 2 17
14 1 9 12 25 24 24
15 2 26 6 19 12 27
8 21 15 5 9 7 17
7 7 6 6 6 18 22
20 22 5 14 22 10 24
17 22 5 22 20 12 8
1 18 4 10 26 17 17
13 16 17 27 7 1 17
1 2 22 27 26 9 1
12 25 21 9 22 20 7
6 4 15 21 4 27 25
24 27 25 14 12 4 1
15 18 13 22 15 19 25
22 4 12 8 3 17 27
11 10 14 22 8 26 21
6 5 11 24 27 18 18
4 14 12 7 8 10 8
26 15 27 24 22 14 17
10 26 4 21 15 10 23
16 10 4 7 3 21 22
26 8 7 24 5 1 6
12 23 5 2 5 27 17
15 4 15 20 25 8 15
2 18 5 9 17 13 19
18 3 10 4 6 6 5
21 9 13 21 17 7 18
26 13 13 7 15 24 7
19 19 6 7 5 22 12
24 22 12 22 7 21 4
1 26 26 27 23 23 6
6 15 15 14 25 15 2
17 1 13 11 20 15 3
4 10 18 18 24 5 3
23 15 16 10 3 19 26
1 2 12 6 22 4 20
22 6 26 19 5 12 26
18 25 21 16 3 23 16
16 10 26 3 21 16 27
26 16 6 15 20 23 22
16 25 7 26 24 13 2
18 27 2 2 8 19 6
18 26 20 19 20 10 26
14 11 9 19 24 18 8
10 17 2 21 13 1 18
4 3 23 27 2 3 16
3 12 7 3 23 19 20
9 10 27 7 8 18 6
15 23 18 21 23 15 2
10 3 19 20 1 23 12
24 20 19 22 22 27 1
19 27 5 1 19 4 12
15 8 23 1 1 2 4
2 10 7 17 3 3 16
11 15 7 8 18 8 23
27 9 22 10 8 8 1
6 24 17 4 20 15 19
17 19 23 21 20 21 26
21 25 1 5 5 24 2
9 12 17 1 13 5 7
17 7 23 6 5 1 26
6 17 10 17 15 8 22
14 26 17 3 15 17 9
12 15 12 21 27 9 16
14 21 13 22 11 7 3
20 10 17 19 6 10 17
26 20 23 2 19 25 7
19 17 6 9 11 1 20
5 18 14 12 1 23 10
6 26 13 2 9 19 24
8 12 8 2 2 12 5
6 3 12 1 2 12 24
4 27 27 26 20 23 2
9 4 5 15 11 21 15
5 17 13 18 1 21 17
6 8 10 14 25 10 16
8 11 18 21 3 14 1
11 10 14 1 24 10 11
2 27 8 26 5 7 18
4 19 11 6 24 26 3
21 6 26 1 26 13 7
16 7 22 16 12 25 13
9 4 14 25 25 9 12
15 4 4 14 1 2 18
11 19 15 2 24 4 22
4 17 15 15 15 23 21
2 1 22 22 24 27 10
3 5 25 24 9 11 3
20 6 14 16 26 7 17
18 8 21 13 19 14 11
9 7 13 1 20 11 17
25 1 11 17 7 3 8
5 21 24 5 6 14 9
18 3 25 11 1 26 1
25 4 11 23 2 26 12
6 16 21 13 8 13 12
16 16 2 22 27 3 5
7 5 19 4 17 14 23
26 17 23 7 6 10 27
16 11 8 3 24 4 19
19 16 3 27 24 27 27
13 18 18 3 22 1 11
17 18 7 12 1 4 18
4 17 1 17 27 2 7
15 25 22 5 7 25 3
5 4 19 23 3 25 18
25 1 18 13 4 10 11
4 15 18 9 15 9 1
26 4 7 22 15 21 12
18 7 16 26 8 15 7
21 27 14 8 20 5 4
1 2 24 1 25 23 7
25 6 1 27 5 7 26
8 27 5 23 6 8 4
11 13 22 18 8 22 2
24 2 4 6 21 21 6
5 27 5 16 3 15 17
26 6 13 19 24 16 13
27 26 21 12 22 13 17
21 8 25 6 16 15 18
8 7 22 24 3 19 19
1 18 25 17 20 8 2
3 21 21 12 9 5 27
1 20 11 26 3 3 22
1 23 18 3 8 19 17
17 23 27 15 25 6 27
7 4 14 16 12 7 15
13 23 3 26 15 10 9
3 3 22 19 19 27 2
5 11 15 7 19 6 19
22 19 17 24 3 17 3
18 21 18 25 22 23 13
2 16 23 5 24 15 5
18 20 25 6 3 19 17
12 20 24 17 1 13 17
6 13 13 25 8 10 14
16 16 11 2 26 5 26
24 12 7 24 25 3 27
1 19 13 16 20 17 5
7 23 27 6 14 23 14
1 21 17 25 5 12 17
18 2 17 26 1 10 27
10 21 2 14 6 17 15
16 3 9 25 16 22 5
1 19 24 8 25 6 1
9 24 22 25 26 5 18
24 11 6 24 13 16 17
8 7 15 21 15 22 10
8 22 20 12 15 27 3
17 27 15 3 19 18 17
10 2 19 11 22 14 14
17 9 26 17 6 12 15
1 9 22 23 25 24 15
14 24 5 9 21 2 12
27 24 4 22 25 15 27
19 8 20 16 1 4 2
10 4 27 17 6 2 4
7 15 26 23 12 10 13
3 11 25 3 2 3 8
1 23 14 15 15 2 26
17 10 21 25 4 26 12
15 26 13 2 18 13 1
17 19 26 19 10 17 16
2 26 16 18 26 27 20
13 3 16 21 4 5 11
16 20 18 26 25 6 13
12 8 21 6 2 24 19
24 27 12 13 18 6 6
25 24 5 17 20 16 8
26 21 4 5 17 23 23
6 17 18 20 20 13 18
20 7 13 20 16 27 20
15 14 11 8 21 12 18
11 27 10 12 19 15 25
9 24 14 18 9 18 24
25 3 11 18 24 6 25
20 22 20 22 22 27 1
8 5 1 19 20 4 5
26 15 1 2 11 10 23
3 1 8 25 4 17 10
8 12 4 21 2 24 21
12 21 24 24 25 7 20
16 18 21 6 13 1 6
26 10 25 21 21 19 3
15 18 27 25 8 8 5
23 3 8 20 5 5 12
27 8 7 17 12 17 4
18 19 23 13 14 21 21
21 11 21 13 20 7 12
15 1 7 15 3 20 14
16 25 4 6 11 4 16
9 11 4 8 22 17 13
21 26 1 26 13 10 27
8 18 17 9 1 24 27
17 26 20 8 25 17 10
2 12 21 24 16 9 26
17 3 5 17 21 19 9
9 23 11 23 4 6 19
10 24 6 27 13 8 9
5 19 19 7 15 20 24
26 23 9 19 12 24 18
26 14 24 10 18 17 3
13 13 21 9 13 1 19
4 22 14 14 20 16 7
10 1 24 2 20 20 2
24 3 5 19 5 25 7
23 22 10 16 3 5 14
6 12 22 5 9 24 27
19 10 11 22 2 19 25
11 1 27 5 20 25 1
13 19 17 27 13 27 21
1 2 17 24 24 2 8
7 6 13 18 10 7 3
16 5 18 21 10 23 3
9 23 15 6 27 13 15
1 27 12 16 13 7 4
23 12 26 5 13 11 14
1 8 16 13 18 13 21
11 3 13 26 26 6 15
10 4 22 8 7 23 12
14 22 25 6 17 7 13
4 16 24 21 17 1 12
19 25 8 11 26 8 26
18 10 11 19 26 2 12
10 13 14 22 27 26 18
11 10 26 23 7 8 4
20 13 6 14 2 4 6
13 20 5 13 4 13 25
12 17 18 5 9 8 19
15 7 25 27 4 16 18
9 16 26 17 20 20 27
17 12 12 10 25 27 20
1 6 2 20 18 19 22
19 24 8 20 22 13 17
5 3 10 24 16 23 27
25 17 18 21 24 14 14
6 13 26 18 13 8 12
19 3 16 9 12 1 14
1 20 10 25 19 16 9
17 25 20 8 16 2 19
17 1 20 7 26 23 6
5 4 1 14 11 1 7
27 23 4 22 1 18 14
18 21 19 19 11 23 12
14 6 22 16 4 27 21
19 17 6 17 16 7 6
8 19 14 23 25 1 25