27
1186
2119
2934
3251
533
2657
1415
1714
1308
1285
1959
3107
2424
601
3026
1940
816
1862
2786
1210
1514
3031
1543
1075
3021
1134
966
339
7
15 10 21 12 14 18 17
9 9 16 25 24 26 10
27 17 18 20 21 11 9
4 8 13 27 21 25 18
9 10 23 13 2 1 2
23 22 8 22 4 14 14
26 23 2 3 21 18 6
8 4 9 2 5 16 24
3 8 19 5 8 8 19
17 4 2 6 19 13 24
25 5 21 24 11 21 9
3 25 20 26 24 17 21
19 25 9 3 17 6 26
19 10 27 3 1 8 22
7 2 13 5 8 27 4
15 14 22 14 23 17 27
23 5 1 26 5 25 12
2 19 20 3 26 2 16
27 6 5 17 7 12 26
7 26 24 11 15 5 25
2 21 1 15 24 19 27
25 18 5 11 13 23 21
20 7 16 24 8 25 4
2 25 3 20 25 17 7
20 21 21 8 17 12 1
9 21 22 20 20 24 17
12 21 16 17 27 6 23
1 13 10 10 17 12 22
3 6 7 5 19 20 10
27 12 8 27 18 25 22
9 19 17 9 25 20 18
5 20 26 2 7 24 2
10 23 18 18 6 3 21
14 18 8 2 8 6 24
23 26 11 20 19 26 26
25 22 2 27 3 7 21
27 3 13 5 20 22 15
22 1 26 13 20 23 24
1 24 2 24 16 1 16
23 22 9 17 11 27 4
10 1 21 11 6 24 11
23 8 27 3 7 13 19
7 11 19 3 24 23 16
5 17 25 21 17 24 10
15 9 2 23 21 21 3
5 6 16 18 2 24 19
17 27 19 1 11 18 5
11 27 19 10 27 15 6
10 14 9 4 18 10 20
13 11 5 7 19 24 10
4 9 27 27 17 19 23
6 10 10 15 22 7 20
27 15 15 7 18 2 24
20 20 24 12 8 14 26
26 15 9 14 3 21 11
23 13 9 18 19 23 21
10 13 18 22 2 18 25
12 9 1 21 27 4 13
16 18 1 7 25 7 4
18 25 1 15 25 25 3
3 9 23 19 15 5 10
26 20 17 11 5 19 12
3 4 24 1 10 15 26
16 25 16 4 8 2 27
7 9 7 25 19 11 22
21 15 24 6 4 19 26
2 26 18 5 18 14 16
11 24 2 12 27 13 9
8 2 12 21 17 18 3
19 22 4 3 8 21 26
13 15 25 8 2 1 12
25 1 17 5 7 1 22
10 6 1 5 17 23 20
1 22 4 18 8 6 16
24 26 25 2 12 16 4
27 13 27 14 24 12 14
19 3 6 17 23 7 20
9 7 16 17 8 26 9
8 12 15 18 11 6 11
1 4 6 5 16 21 3
15 7 13 20 3 5 10
27 9 18 12 12 21 6
10 17 4 8 7 6 20
20 27 20 23 3 12 14
3 24 25 2 7 20 2
7 22 27 12 19 6 25
25 19 20 10 18 4 11
24 25 18 25 1 24 7
23 3 27 17 16 3 22
22 14 14 27 25 22 14
6 6 10 17 21 24 11
11 10 25 16 22 17 18
17 16 7 5 13 11 23
19 8 10 20 19 4 26
8 8 2 15 6 27 25
21 11 21 18 11 16 16
22 11 18 26 11 3 24
10 18 10 21 22 3 10
2 11 13 26 5 16 26
9 2 2 8 21 25 6
16 26 11 8 23 16 13
7 25 20 21 5 19 21
3 22 18 4 7 24 22
7 19 12 24 2 20 24
7 16 19 14 2 24 25
16 27 21 24 21 27 21
20 14 27 24 1 8 23
3 6 10 2 11 15 17
11 23 22 14 14 1 20
9 9 3 2 3 13 10
24 6 13 17 26 27 21
10 12 4 2 18 19 24
19 5 15 20 13 3 7
6 18 1 9 19 17 20
2 16 17 5 8 11 3
20 19 25 10 2 20 8
22 4 6 8 15 17 21
10 10 10 7 18 23 25
4 22 15 14 1 3 21
19 11 16 23 21 4 19
19 24 9 19 7 3 1
3 22 16 11 12 27 16
4 9 12 18 12 23 16
21 15 18 13 15 26 23
3 19 6 21 19 13 16
2 27 19 14 17 18 24
8 5 23 2 10 21 12
21 18 24 16 9 1 26
14 18 1 15 23 19 5
10 17 7 18 6 25 12
5 12 1 16 9 9 3
24 26 14 22 10 13 24
5 14 13 8 21 9 24
23 25 4 25 11 8 15
6 18 19 26 27 21 17
25 9 19 3 24 11 18
10 14 16 20 10 4 8
6 10 5 20 24 2 9
1 13 17 16 8 8 15
27 8 3 22 21 10 15
8 2 15 10 7 5 9
27 9 24 10 11 9 19
9 10 9 18 10 18 20
17 19 3 12 25 10 10
2 17 12 24 2 7 26
22 2 17 22 2 11 11
16 18 24 26 13 10 26
27 26 25 24 1 4 20
25 17 26 12 25 10 3
11 26 12 7 16 4 2
24 25 10 13 6 8 16
6 27 17 25 4 7 27
20 26 3 8 3 26 11
19 8 19 13 15 10 7
8 13 1 2 15 1 7
11 25 6 25 6 8 27
11 13 1 1 12 22 6
24 7 1 15 24 12 15
21 16 22 27 5 26 24
11 4 23 23 10 20 27
1 1 5 9 22 7 24
27 22 10 21 18 14 15
20 3 4 4 5 9 5
6 19 19 3 16 27 27
16 27 21 6 5 13 8
25 15 1 3 19 17 27
24 13 18 8 9 3 6
13 4 24 25 22 17 9
17 9 13 8 25 3 8
7 27 25 10 27 11 23
26 25 20 13 7 20 9
7 20 7 24 18 23 5
5 6 27 18 27 20 7
24 6 21 16 27 20 19
26 13 27 27 24 17 21
12 14 6 4 11 14 8
25 21 14 11 9 24 6
8 10 14 21 2 7 4
26 9 17 15 10 13 21
4 25 2 25 2 16 25
3 7 27 3 23 14 27
25 8 8 26 24 27 6
18 13 9 21 10 9 6
9 10 10 22 7 12 1
22 11 23 24 22 3 20
11 4 3 5 19 26 26
12 21 5 9 24 8 1
27 10 17 24 1 22 7
8 1 11 8 3 13 21
5 9 26 26 19 15 10
17 6 6 18 26 13 16
23 14 23 16 10 7 11
17 13 3 27 6 1 21
16 1 9 27 10 5 7
21 20 8 21 7 23 6
8 24 2 14 5 8 1
3 1 16 18 26 2 8
25 4 10 25 25 3 7
20 12 18 16 11 19 20
11 6 5 23 22 15 15
12 8 2 27 9 12 4
14 5 19 13 18 16 13
13 1 16 10 7 2 10
27 25 15 26 17 13 9
16 27 7 19 14 10 22
2 2 10 22 27 9 27
12 21 11 6 12 4 16
22 19 16 25 13 21 10
7 25 14 22 2 1 2
9 16 16 8 6 7 13
11 12 10 10 26 17 21
26 5 24 11 18 7 2
15 15 25 17 25 1 12
1 2 17 22 5 27 11
3 22 4 14 27 1 2
23 8 21 24 4 23 11
20 14 13 20 22 23 25
20 5 8 27 23 12 25
17 16 12 2 17 23 26
7 27 2 18 6 21 2
11 7 26 15 26 20 24
2 3 26 2 16 11 27
10 1 2 19 15 16 6
2 5 2 13 27 1 13
27 2 4 9 24 6 15
11 15 18 14 27 20 12
21 10 10 19 15 10 1
23 6 24 16 26 14 24
26 25 20 4 2 4 8
1 2 2 17 8 10 18
26 27 5 6 3 6 16
9 4 13 10 18 17 10
25 14 13 16 16 7 27
14 12 5 23 3 2 14
26 11 22 18 19 25 25
9 9 14 12 25 8 11
6 12 24 2 10 3 17
12 24 1 21 15 10 16
16 22 7 7 3 18 20
26 16 13 12 26 18 11
17 8 24 11 12 4 9
17 20 24 5 4 21 24
16 20 7 1 22 2 6
16 10 11 3 25 14 15
14 12 13 6 27 23 9
22 21 9 1 7 3 24
9 22 15 4 24 26 14
26 21 14 23 6 13 16
15 27 8 8 14 6 21
10 22 1 11 9 18 13
6 2 12 13 23 19 12
14 9 2 6 4 25 19
27 10 27 14 13 4 4
4 5 16 15 21 24 21
25 11 7 7 1 9 23
23 24 10 23 26 4 6
7 17 27 9 22 1 16
9 22 20 14 20 16 20
15 6 11 12 21 13 14
20 16 18 8 14 20 27
9 3 8 6 8 12 27
10 22 12 27 22 22 18
22 24 1 16 20 24 10
4 17 27 2 6 14 11
24 26 25 23 8 20 19
13 2 14 10 17 8 23
22 7 21 5 14 17 15
19 4 5 15 17 15 22
6 3 11 16 9 7 25
9 13 16 20 19 6 18
16 17 26 5 20 20 2
27 26 26 20 3 19 17
23 5 20 20 20 3 17
25 18 24 2 21 24 19
17 9 20 2 27 10 18
11 4 19 1 22 3 4
15 8 5 20 24 22 3
26 15 9 17 27 16 5
12 2 2 21 19 9 11
18 27 25 17 22 13 6
14 5 6 27 14 18 10
11 19 1 7 6 22 8
11 8 20 14 19 16 26
6 17 6 19 19 24 15
12 18 11 19 13 5 8
25 17 9 11 2 24 23
8 20 2 1 16 4 19
24 17 6 4 11 10 1
21 8 5 7 25 3 6
4 23 8 14 3 11 22
14 11 17 11 7 4 20
10 8 13 21 18 23 3
4 6 19 8 5 10 11
24 2 9 24 18 9 2
1 8 24 19 25 26 19
23 24 17 21 22 3 6
12 5 5 25 8 26 18
2 3 13 7 24 18 21
3 18 19 7 5 5 23
15 27 3 15 26 23 23
2 4 7 10 3 11 14
8 12 2 22 7 26 9
25 9 26 8 26 13 3
20 22 26 11 20 7 11
14 4 3 18 26 20 22
4 14 6 21 6 21 24
19 6 13 12 21 17 1
22 26 17 16 19 3 5
21 26 5 6 24 17 2
19 4 27 18 13 9 9
5 24 7 17 4 11 2
12 7 23 9 7 21 1
14 1 10 9 6 5 17
27 2 17 11 14 27 9
13 3 1 20 6 7 23
2 18 19 23 26 19 6
7 8 17 15 18 16 23
14 5 19 27 15 6 2
13 12 17 25 1 23 8
20 3 11 5 16 25 21
4 19 10 12 2 4 25
27 17 13 10 18 6 1
23 17 18 16 6 18 20
10 9 17 17 16 26 10
8 25 5 13 13 12 18
27 10 7 16 6 22 21
21 18 10 19 26 15 3
15 24 19 22 1 19 10
12 25 16 10 14 14 9
17 17 20 13 9 7 8
19 8 22 1 3 6 8
16 6 22 17 3 14 8
23 17 9 16 15 24 16
8 10 16 1 15 19 15
5 26 25 6 5 12 18
21 8 5 7 22 9 22
6 18 11 10 3 20 5
15 8 15 8 10 20 19
18 15 24 26 20 27 9