27
2994
3283
836
3063
690
2842
2501
574
3077
864
3370
2618
2381
892
874
1061
2073
1943
2687
1033
2834
459
2133
1469
881
474
464
300
7
11 14 6 11 5 21 4
17 11 11 22 17 7 5
14 17 23 8 18 26 12
5 27 21 18 23 12 4
19 16 11 6 15 27 13
14 7 17 16 9 25 8
21 1 20 27 5 27 12
6 2 8 14 21 12 1
24 17 25 3 18 1 16
4 7 27 20 3 26 1
6 10 23 27 26 18 21
25 8 20 14 18 14 4
21 3 5 19 18 5 23
11 9 10 9 11 18 8
14 23 5 14 10 7 6
21 21 19 23 1 4 7
22 16 19 16 1 19 18
19 11 3 13 3 19 22
11 13 2 1 1 26 18
11 12 18 22 16 17 2
7 12 23 13 25 22 2
14 17 12 11 24 26 2
16 7 25 8 19 16 17
6 13 22 24 20 10 3
11 18 27 3 22 18 16
11 20 4 18 21 6 2
1 26 15 14 16 21 19
14 18 3 16 3 26 1
13 5 6 8 22 5 5
5 18 6 12 27 9 7
6 16 8 4 26 11 20
10 20 20 24 5 22 16
4 12 9 6 6 6 2
18 4 5 2 15 8 13
24 14 18 17 24 22 8
17 11 15 12 20 19 15
1 24 27 12 9 10 27
18 23 8 4 27 23 17
7 12 12 21 6 18 18
22 11 21 7 23 3 16
25 2 4 5 6 20 4
24 2 3 19 17 3 17
22 24 25 12 27 17 4
24 19 24 10 9 12 1
5 17 5 4 17 8 4
20 3 27 27 16 27 2
17 14 25 17 5 22 13
27 21 6 8 17 7 13
3 18 25 18 9 17 11
4 26 3 2 3 12 17
26 7 6 4 21 3 19
9 9 20 11 1 14 19
4 27 2 5 18 24 26
6 12 17 18 23 9 24
5 18 16 16 21 2 10
25 17 19 10 21 3 2
25 7 16 14 23 4 4
12 2 7 26 23 8 2
22 20 8 24 3 7 18
11 2 18 5 10 12 5
19 12 22 26 12 2 4
21 17 14 21 10 24 9
21 9 17 20 8 2 19
13 17 6 18 8 9 13
10 1 5 8 24 23 8
27 3 9 16 1 6 24
6 20 14 4 20 25 23
3 21 5 23 2 9 16
12 2 27 18 13 27 25
24 20 23 26 25 10 9
22 9 16 7 4 5 27
6 18 24 19 18 25 22
13 22 11 10 8 1 9
8 24 25 2 7 21 22
24 10 7 20 11 15 24
9 7 12 2 15 26 13
1 16 21 8 17 17 5
20 9 18 14 8 18 10
27 19 5 25 13 18 6
21 25 20 25 12 6 5
23 27 26 23 3 7 13
1 10 2 6 17 26 10
8 1 11 6 2 20 18
11 2 9 9 18 19 10
14 12 24 1 20 10 17
7 4 26 20 4 23 11
24 2 22 5 6 23 4
7 3 3 14 14 20 14
24 12 8 3 16 3 14
3 14 27 4 24 18 16
18 10 22 2 15 21 10
9 11 1 7 20 5 21
25 23 17 26 8 5 7
20 7 26 16 13 7 9
23 6 22 7 17 25 2
7 9 19 6 5 19 21
20 9 2 9 18 3 19
14 6 19 4 26 17 18
18 14 27 11 7 2 1
6 27 20 13 7 23 18
27 9 16 5 25 20 4
10 7 1 17 14 15 7
12 24 2 6 22 2 9
16 24 18 6 14 13 17
12 4 12 1 9 25 22
16 3 3 1 25 4 25
15 27 1 18 23 3 6
3 5 6 3 18 22 25
10 7 14 19 20 7 10
18 24 22 26 26 7 25
15 16 15 22 2 13 10
4 24 17 26 6 1 13
15 12 4 22 8 14 14
13 12 19 18 20 2 1
23 18 12 13 13 20 21
14 20 19 20 24 6 17
21 20 2 16 21 15 1
19 13 21 24 21 2 16
14 16 16 9 14 13 26
17 18 20 5 19 27 25
1 9 22 4 25 19 23
3 27 15 2 1 12 1
14 2 6 5 7 9 12
10 10 16 15 26 27 15
12 17 17 21 12 19 2
7 12 9 22 16 3 13
9 7 1 8 20 23 21
18 18 9 19 1 8 9
20 15 26 4 14 16 11
12 13 1 25 17 13 18
2 16 2 23 26 18 13
21 18 12 19 16 13 23
5 22 19 14 20 14 14
8 8 20 18 7 22 6
4 13 6 26 22 6 3
13 2 17 10 19 25 23
2 20 3 12 27 9 14
12 9 4 9 17 22 18
7 18 5 16 23 21 25
9 19 20 2 19 19 2
19 23 10 1 3 21 3
12 2 8 22 9 18 21
18 15 20 18 6 24 7
3 19 20 18 25 9 16
24 1 1 16 18 16 8
18 25 22 26 21 14 19
3 18 23 22 8 6 4
19 16 12 14 26 9 14
21 13 19 4 11 1 7
19 8 14 14 25 10 1
27 15 25 12 13 21 22
3 14 20 16 2 3 13
27 12 12 3 14 7 7
15 2 10 11 19 20 19
27 8 12 1 22 8 19
22 27 26 4 5 13 18
19 25 26 23 24 20 25
21 1 17 10 22 15 18
13 5 11 22 14 4 16
25 23 14 8 10 20 18
25 27 13 19 23 6 21
6 3 8 24 21 26 4
19 16 22 5 6 20 16
26 2 8 14 6 15 5
26 14 3 19 2 18 15
22 4 14 10 1 25 21
3 21 7 1 1 12 20
21 23 16 1 21 3 15
1 6 4 27 7 25 14
4 15 26 25 20 3 11
17 24 4 10 12 7 14
21 8 1 12 19 18 16
4 6 25 21 6 13 22
1 18 5 21 17 21 23
19 8 26 26 1 17 16
16 25 3 12 9 9 14
2 14 8 26 4 2 15
9 5 19 23 18 15 23
21 16 4 14 20 14 7
15 27 23 1 4 13 20
27 5 5 23 27 5 13
6 9 1 22 4 3 19
25 6 14 10 3 8 23
20 1 26 6 10 2 14
7 15 22 12 24 26 10
20 18 2 7 19 4 17
17 3 18 4 24 6 27
9 11 11 1 20 3 8
17 17 23 13 22 16 2
2 21 24 7 14 6 2
7 15 4 22 14 25 7
16 14 27 16 6 4 20
10 17 5 21 17 20 25
9 19 10 8 5 23 26
19 23 12 8 13 26 2
8 13 12 14 14 23 2
23 19 17 16 14 21 12
1 17 25 23 22 7 13
1 21 13 22 10 13 9
19 14 4 8 15 1 1
15 5 18 10 4 19 23
9 25 25 18 13 4 11
3 14 2 27 2 8 13
19 13 11 13 10 15 8
10 2 21 9 12 6 10
14 20 15 22 9 14 3
7 17 9 17 12 17 5
27 21 2 20 27 19 20
14 21 24 11 19 5 1
27 20 25 10 26 27 27
1 15 3 4 22 3 7
27 25 5 13 17 22 24
7 17 24 9 4 6 4
10 17 13 12 15 18 9
26 16 27 5 7 15 1
25 12 1 16 22 6 12
5 13 27 4 9 26 12
22 9 25 9 1 14 25
8 5 6 15 18 23 17
16 13 21 8 26 22 23
14 25 12 23 7 21 26
13 23 10 8 7 27 12
7 8 20 20 4 6 7
26 14 2 6 21 24 4
12 20 10 5 24 5 3
10 11 15 1 21 19 19
5 13 26 23 23 16 10
7 3 18 19 14 3 3
22 8 12 2 14 14 4
21 23 3 14 19 15 13
19 14 5 20 21 23 6
8 5 17 6 15 8 12
17 1 6 9 13 17 6
27 9 24 16 12 17 5
22 22 22 25 23 18 13
26 10 22 8 22 7 17
22 9 1 20 8 1 18
10 17 8 23 11 5 16
22 7 21 19 6 25 19
4 1 17 3 23 2 20
17 25 10 20 1 25 19
27 21 24 15 16 17 15
21 17 26 23 26 21 19
23 14 2 26 25 2 20
24 20 6 3 15 26 13
1 27 17 20 13 23 5
5 2 4 5 7 16 5
14 15 24 6 4 2 6
8 26 6 25 17 23 12
14 8 19 1 24 12 6
3 27 8 1 16 27 23
18 5 26 1 19 19 19
17 26 4 17 13 21 3
11 23 17 26 5 6 24
22 11 24 10 9 7 9
23 10 4 4 24 7 5
11 27 12 13 14 23 4
14 6 2 5 22 16 2
4 2 13 13 10 15 23
13 1 16 22 22 24 11
8 21 27 15 11 6 10
12 11 5 21 9 27 24
18 4 27 19 18 25 10
18 7 16 18 23 20 18
26 3 20 12 21 13 4
15 10 12 10 17 15 6
26 14 10 6 14 4 19
14 13 25 25 11 8 17
8 16 10 8 9 10 12
17 23 19 16 19 20 5
7 19 7 5 24 18 12
16 8 11 6 22 19 2
25 7 9 2 4 11 25
20 23 16 18 23 16 20
27 6 19 11 18 14 26
21 3 5 12 11 6 20
10 27 18 9 26 27 1
23 3 20 23 13 8 4
11 26 6 14 21 7 25
26 10 22 9 17 20 25
25 8 17 7 4 23 11
23 15 11 25 19 3 19
7 23 10 20 1 9 25
11 7 27 9 9 19 16
25 4 27 20 18 14 10
19 17 1 2 17 19 19
11 22 9 22 14 27 22
26 1 17 23 4 2 17
7 15 13 25 7 24 11
10 5 1 2 13 19 15
11 11 25 13 3 22 2
12 26 13 9 3 24 11
15 23 12 13 17 9 17
17 13 4 22 12 5 11
15 3 15 18 16 23 21
15 22 23 13 27 27 6
14 24 17 24 16 16 6
9 24 23 16 9 9 11
17 16 25 9 1 15 1
19 27 13 23 7 21 8