27
3188
3446
1660
2759
3012
1219
2316
1799
1992
1466
3003
1771
1451
2595
3012
2438
1391
2834
3248
1800
561
3495
716
2490
3466
1845
2206
359
3
10 26 13
8 9 2
19 13 23
6 21 16
9 25 16
20 19 21
18 7 5
22 10 10
6 15 22
24 8 7
20 23 1
4 22 2
20 18 25
26 9 24
24 17 21
17 19 17
20 13 1
17 10 13
21 9 6
23 25 10
13 16 11
21 8 7
25 20 11
10 19 6
8 9 10
18 6 27
11 2 17
8 26 22
23 16 14
3 18 26
7 24 14
22 4 27
15 19 1
23 3 1
1 12 23
1 2 25
19 14 1
12 21 10
8 26 20
18 24 2
1 27 7
7 23 20
16 13 25
18 19 16
11 27 22
21 3 26
7 25 17
23 5 23
18 23 21
23 25 1
18 4 18
26 2 15
6 10 6
24 12 8
7 10 15
22 6 6
23 20 23
15 8 24
16 8 5
20 3 14
15 23 24
7 7 22
27 17 18
25 19 15
18 4 23
10 23 1
23 13 9
10 8 2
15 20 22
25 24 2
22 22 1
22 9 26
26 3 26
13 7 7
14 27 18
7 18 8
21 22 10
17 8 20
14 27 21
18 16 23
20 15 8
7 15 1
5 2 9
1 11 27
2 4 24
20 16 4
7 13 20
18 12 22
6 21 8
6 8 25
23 5 26
25 7 5
25 20 15
10 19 21
13 6 16
23 20 11
15 19 16
22 6 9
24 23 21
20 8 9
8 17 19
18 25 11
16 18 20
2 11 11
19 18 16
9 17 8
10 22 12
11 14 6
14 13 20
10 25 5
5 18 5
9 9 15
21 17 18
23 11 17
19 27 19
11 12 16
1 10 20
26 9 16
1 23 26
14 10 20
19 17 5
18 8 21
5 18 3
27 10 14
23 7 7
21 16 17
16 10 27
7 4 25
15 20 20
24 8 18
22 27 18
11 2 12
12 3 14
23 11 5
14 25 3
15 11 9
22 19 20
8 27 18
2 1 27
22 12 9
16 4 2
17 26 21
24 15 18
17 9 4
24 3 14
25 11 25
26 21 8
7 13 12
17 10 21
7 11 2
22 20 16
12 20 10
9 11 5
21 3 13
17 23 10
4 18 21
9 10 4
17 14 18
22 19 4
17 20 4
4 27 2
26 10 18
25 6 21
20 16 1
17 7 24
9 19 13
7 18 19
2 19 15
26 9 17
23 25 3
21 13 12
1 26 27
9 8 24
18 3 20
13 26 2
16 22 1
12 11 5
13 27 18
25 8 23
14 1 11
13 14 17
1 13 17
6 15 3
12 23 9
11 25 24
8 23 1
25 22 1
1 14 12
12 22 5
11 4 22
16 9 10
13 22 7
19 13 20
16 4 24
3 5 16
16 10 16
10 13 6
13 1 13
25 9 7
9 19 4
25 2 24
16 4 27
23 14 12
24 15 2
12 27 13
2 18 25
21 14 16
23 1 19
19 21 9
20 6 14
6 23 4
13 16 1
26 11 20
1 21 22
4 5 6
2 5 15
20 21 11
9 6 2
16 6 2
21 5 21
13 8 12
18 18 19
2 19 13
4 10 18
20 26 22
12 19 17
1 5 6
6 12 16
14 22 18
19 16 24
4 10 27
4 23 13
11 11 11
3 22 17
23 12 10
8 10 22
6 15 7
3 15 26
16 4 24
14 26 20
9 10 22
16 15 9
25 26 7
12 14 13
19 24 21
12 7 9
6 19 16
4 19 13
26 22 23
1 19 23
10 24 9
2 26 24
18 1 6
16 22 9
12 18 22
20 13 27
17 7 19
4 4 5
5 27 10
3 13 5
25 16 27
25 25 19
25 7 11
26 22 11
8 23 18
2 16 19
14 21 24
26 18 17
17 10 18
2 23 14
21 1 10
17 6 22
8 24 20
12 8 23
4 13 26
19 22 1
4 13 24
13 13 13
8 16 26
3 22 25
1 23 15
1 20 11
14 11 19
18 20 16
11 27 10
3 3 8
5 24 15
14 20 15
13 9 9
27 12 8
26 4 27
10 10 8
2 10 27
21 10 13
17 20 26
10 24 12
22 12 16
24 1 6
5 19 16
22 17 3
3 7 21
22 9 23
11 7 16
5 12 19
6 22 12
2 15 2
12 1 14
3 16 19
19 13 24
22 8 2
24 1 5
25 20 8
12 6 15
7 13 7
6 20 3
25 25 5
16 5 18
22 13 3
17 8 24
12 26 19
24 18 20
13 18 8
20 24 1
20 21 21
8 3 18
18 23 25
22 26 25
26 13 24
6 18 10
9 22 17
20 21 15
16 27 12
3 9 4
3 8 8
20 19 2
19 13 14
26 3 5
9 5 5
25 3 17
17 22 15
15 6 14
2 7 26
1 15 25
12 16 17
9 3 11
21 17 7
3 1 14
27 1 7
27 19 3
4 6 6
10 5 9
22 22 24
24 25 5
14 6 4
11 27 13
12 5 18
6 4 6
2 3 18
25 16 24