27
1373
3384
2146
1526
1900
2999
1065
2690
2603
1077
3140
2111
631
1239
754
966
552
526
1382
3407
892
2763
1060
2400
1596
2086
604
346
3
18 24 7
16 19 27
16 10 11
6 23 27
7 24 8
3 14 25
7 1 4
7 2 1
21 17 4
23 24 11
14 11 11
6 17 5
9 18 25
26 2 25
19 16 11
5 18 10
23 25 25
26 13 27
7 23 25
27 26 4
3 23 25
12 19 6
15 14 3
12 5 18
22 1 7
18 4 8
13 10 2
25 25 2
22 5 27
13 18 6
8 4 27
8 24 14
3 11 7
26 8 3
21 3 23
7 21 3
6 3 6
22 18 21
6 25 18
16 23 16
25 23 18
18 24 17
19 6 15
12 11 25
18 27 14
15 5 2
8 7 3
5 2 20
24 1 13
12 23 26
5 14 25
18 18 20
2 22 10
12 9 25
19 11 4
13 18 8
23 27 22
5 27 2
6 2 27
3 22 1
22 13 9
18 25 6
9 6 6
16 7 19
2 8 1
21 19 5
7 4 24
11 25 4
16 4 19
3 15 20
11 23 10
24 27 12
19 1 26
8 10 4
10 2 13
7 24 26
21 24 10
7 18 14
4 4 11
22 4 27
27 1 10
12 6 5
5 7 2
9 11 23
12 1 10
14 13 18
2 24 4
19 18 20
2 24 5
20 15 23
18 6 8
21 12 1
3 7 4
24 3 12
8 17 12
2 3 16
14 10 8
8 2 15
20 12 17
25 12 24
18 23 3
19 7 27
26 23 24
21 13 13
1 22 25
21 19 6
24 9 24
4 2 24
12 16 11
10 2 18
12 13 7
4 9 20
23 20 27
16 13 24
26 8 5
20 22 26
16 2 2
10 9 14
19 13 23
23 15 13
9 20 24
18 7 24
2 19 2
19 23 14
12 14 19
23 1 9
5 20 2
23 1 27
11 27 15
12 2 20
25 20 26
20 15 14
24 4 1
8 24 16
11 14 3
21 5 1
4 2 9
1 6 2
24 27 10
20 26 6
14 21 27
25 12 17
7 21 2
15 23 26
26 19 24
26 3 20
16 11 11
17 9 17
13 18 25
6 7 24
22 22 9
7 27 17
12 23 17
19 22 13
11 23 7
5 12 9
12 26 12
13 17 3
12 8 22
24 21 5
24 13 6
24 11 8
21 3 25
9 9 1
23 9 8
22 13 12
19 3 23
8 11 13
10 12 27
7 19 13
23 6 17
21 23 26
8 12 11
15 9 6
16 17 15
25 23 9
5 16 9
25 3 19
12 8 4
17 1 15
27 23 26
1 8 20
8 22 12
6 1 26
3 8 22
10 25 22
27 5 21
5 5 21
16 17 9
1 16 10
20 18 18
24 25 27
24 9 11
18 13 21
17 17 15
12 2 12
7 4 19
19 21 25
3 8 9
3 7 17
12 15 17
1 5 2
13 26 19
15 11 14
17 6 17
7 13 12
17 11 5
25 15 1
12 22 12
10 4 17
22 3 26
2 22 13
17 22 22
18 17 6
4 24 14
10 18 24
19 13 4
12 2 19
8 5 6
19 15 9
12 21 21
9 4 3
5 5 27
20 26 11
7 1 6
3 3 23
15 14 9
24 11 23
9 22 5
8 7 2
5 27 13
23 20 25
13 3 18
26 13 3
7 25 23
8 14 4
25 8 26
3 8 15
21 19 15
4 19 11
3 7 12
27 19 2
26 2 20
14 8 12
1 11 15
19 10 1
18 26 10
4 11 9
11 27 19
17 4 10
3 13 27
2 9 21
18 4 6
4 9 20
9 1 24
25 21 5
18 21 21
1 21 7
24 13 12
2 19 3
18 26 2
8 15 7
23 23 13
5 16 18
1 6 27
2 5 2
16 25 21
22 10 4
6 23 21
19 25 9
20 27 17
26 9 22
19 15 6
9 21 1
9 11 3
23 24 7
11 1 25
12 20 10
10 8 24
11 8 24
8 27 26
16 19 4
17 10 2
7 12 25
11 23 21
18 23 24
25 26 16
2 26 27
27 22 25
25 27 15
17 8 16
8 5 3
13 16 26
14 20 16
9 24 26
2 9 4
16 2 23
11 1 25
14 2 24
11 10 17
15 25 9
25 9 24
27 11 15
8 8 5
15 6 23
10 5 19
5 18 1
3 3 2
22 21 21
20 11 25
21 2 6
5 21 21
2 14 8
4 11 8
13 14 24
19 10 2
8 26 22
9 12 22
25 7 2
13 13 24
11 26 21
13 17 22
20 16 12
6 16 11
14 18 19
17 27 18
2 26 6
22 15 21
27 15 3
10 24 11
18 27 9
10 9 25
19 3 27
1 9 24
25 11 23
10 11 24
25 24 18
20 2 26
15 27 3
5 19 12
6 5 12
1 21 18
27 4 22
23 18 5
23 13 4
19 3 26