27
1294
2925
3459
1804
608
2775
3445
2806
640
1142
581
999
602
3461
1642
671
2424
2656
1639
1345
1584
2517
2632
940
662
1389
1675
304
3
18 20 26
12 25 19
6 18 12
26 8 8
15 22 6
21 5 18
21 3 19
21 11 24
3 24 15
9 10 1
12 27 9
8 27 12
5 22 10
19 4 8
1 18 15
27 21 21
21 16 25
6 27 7
19 20 9
12 14 8
21 26 13
26 24 10
22 9 22
26 3 26
7 19 12
15 22 25
2 26 3
20 14 4
18 6 12
8 11 4
23 3 23
11 9 1
15 13 25
22 10 27
9 19 8
10 1 10
7 12 17
13 24 1
27 10 22
3 6 12
5 11 26
7 4 21
17 21 25
5 6 20
25 7 10
18 9 8
14 10 19
11 20 8
18 15 12
8 11 27
13 6 4
6 14 19
15 7 21
4 15 8
22 7 17
12 7 1
1 24 25
1 16 4
2 10 23
15 16 24
26 19 1
14 5 16
13 1 16
18 26 11
26 25 7
8 14 8
19 23 14
19 5 22
18 7 7
17 26 9
11 17 18
6 20 7
7 18 9
12 14 7
12 10 11
12 5 5
25 9 24
12 7 21
23 9 14
21 21 9
19 23 16
6 1 22
10 9 23
22 23 4
3 20 15
11 9 17
24 14 16
4 12 8
5 26 9
24 18 3
5 22 14
19 6 2
8 1 15
1 3 5
22 26 1
8 19 19
1 5 15
7 11 2
6 16 6
11 21 11
20 27 26
16 15 16
9 11 21
13 12 22
10 24 10
18 5 9
23 24 8
21 26 12
25 1 18
1 9 14
10 22 19
10 11 20
10 4 8
2 25 7
15 22 22
20 6 15
1 8 18
1 20 27
5 11 23
9 14 22
19 23 26
18 6 10
2 16 16
12 3 26
7 14 16
3 15 2
22 16 16
11 14 13
19 21 14
20 12 24
13 17 20
10 15 11
4 8 12
16 12 19
17 15 7
17 5 9
5 2 8
2 10 16
1 27 10
18 24 3
9 3 5
21 6 24
2 3 14
8 26 4
21 5 20
12 1 18
20 6 9
15 11 4
24 1 21
8 18 3
1 16 6
13 7 18
13 16 4
18 20 2
1 9 21
24 8 2
13 18 21
3 22 5
10 8 23
24 9 3
23 6 14
10 2 15
15 1 19
27 4 9
23 17 5
2 3 9
10 12 4
7 2 26
24 24 2
26 14 2
4 24 18
12 10 25
12 15 18
5 18 7
23 4 15
24 10 16
16 18 11
23 6 21
27 16 3
23 22 22
5 13 25
24 19 27
7 21 23
20 6 16
13 22 6
21 3 26
11 27 22
12 7 3
3 6 1
26 18 15
20 27 11
23 3 25
23 1 7
3 6 25
18 13 16
3 1 17
5 21 5
10 14 18
2 13 15
13 4 25
1 2 19
19 7 12
11 18 22
4 9 12
4 4 6
15 8 27
7 7 24
6 22 14
18 13 24
7 25 5
4 18 20
16 12 15
18 10 20
17 18 7
8 2 4
8 24 25
9 22 3
6 3 18
5 9 15
24 7 26
14 20 17
9 15 6
20 22 10
24 22 14
21 20 23
22 15 9
7 16 18
14 1 26
25 17 9
17 2 9
13 17 27
15 11 20
25 6 21
21 24 15
22 18 11
12 11 3
16 1 4
13 13 26
25 12 9
20 20 11
22 18 8
18 26 1
18 25 9
8 19 10
11 27 23
14 3 3
9 24 17
15 15 2
8 15 6
17 7 10
12 8 1
18 26 23
24 24 12
5 19 2
3 3 4
16 8 25
9 17 18
10 22 25
4 5 25
7 2 22
14 26 23
26 5 24
2 24 21
26 4 15
24 15 20
7 15 4
21 5 22
21 19 21
18 21 16
1 27 27
14 26 16
22 1 10
24 7 23
19 9 25
21 6 21
15 1 2
20 26 5
4 4 11
14 11 1
10 16 19
15 17 10
18 8 14
25 22 8
9 2 22
18 17 17
25 26 7
16 9 8
7 26 2
13 20 11
7 25 8
6 14 14
3 22 12
16 26 7
9 1 3
20 10 17
14 8 8
2 15 19
21 24 3
5 1 26
19 18 22
2 24 7
7 23 7
16 7 2
14 7 5