27
1759
991
1275
3377
2904
431
1565
2890
3447
514
1733
2398
3300
1034
3156
1536
1860
1666
2131
2787
2412
1513
846
480
1812
1480
3112
310
3
23 20 5
24 8 10
17 1 13
26 9 19
19 24 6
2 9 12
9 4 23
17 8 22
6 20 5
12 18 11
27 8 21
23 9 19
2 19 2
27 17 25
8 24 7
22 26 23
26 1 12
2 4 17
22 11 1
18 25 17
24 19 1
24 18 1
1 22 27
15 24 16
24 23 25
2 15 10
5 19 7
9 4 21
18 3 10
18 12 12
2 14 14
27 22 5
21 6 2
11 14 16
25 5 26
12 22 16
13 26 4
18 1 7
1 24 13
6 16 25
13 24 8
5 8 22
6 2 18
24 19 9
9 6 15
26 27 10
2 14 7
6 17 12
2 3 1
19 23 9
12 27 3
12 19 18
2 16 9
12 25 3
11 7 27
10 26 24
18 12 14
14 15 14
16 7 17
1 24 7
6 27 14
12 26 8
14 15 24
11 22 12
11 21 20
17 5 24
27 7 4
11 13 8
16 21 11
1 5 19
10 13 8
11 24 27
11 26 22
9 10 26
21 15 7
6 11 25
5 3 1
14 2 6
20 24 8
19 9 7
17 11 17
7 9 24
25 22 1
26 20 3
7 14 20
27 2 27
14 15 20
24 15 15
25 3 16
16 16 20
26 2 10
13 21 2
1 14 9
14 17 7
6 22 23
4 2 2
15 27 24
5 3 16
14 11 14
22 1 24
1 6 9
22 20 17
6 5 10
2 26 6
25 15 4
12 2 2
18 1 24
18 7 23
13 1 9
4 4 7
23 9 2
9 23 21
12 5 5
10 10 26
7 14 18
21 6 10
17 23 18
15 12 11
3 10 16
23 21 19
12 9 11
25 10 14
20 5 25
26 18 19
2 15 6
10 1 24
7 7 11
6 11 7
7 20 6
16 9 26
13 10 27
8 23 23
3 22 8
14 12 26
12 6 10
3 26 11
12 16 7
19 27 6
25 20 6
17 15 13
3 11 4
10 26 10
22 24 22
18 18 17
24 4 1
3 15 17
15 12 6
18 17 24
16 6 27
20 14 20
22 5 25
22 7 18
19 17 12
19 7 6
1 16 17
22 8 26
13 16 6
17 10 19
21 13 16
26 25 22
11 3 1
7 7 14
27 26 15
18 15 18
22 26 14
22 4 6
18 5 17
2 8 13
2 8 26
9 27 25
24 5 13
7 18 13
8 26 4
24 9 20
8 9 3
9 26 27
11 19 3
14 27 12
24 7 19
17 23 25
26 13 12
12 4 19
3 23 21
20 27 7
26 2 24
23 23 17
11 12 19
4 21 2
3 4 12
10 23 12
8 20 19
10 14 4
12 22 24
16 17 27
18 5 27
24 25 1
15 26 11
25 8 15
1 6 9
24 8 21
14 24 24
25 18 27
10 22 16
26 7 20
27 1 19
16 16 15
5 27 17
8 10 19
13 1 8
15 17 23
2 19 23
17 22 15
15 8 8
27 17 21
21 6 21
3 13 24
4 16 4
7 15 6
11 13 4
15 22 11
11 12 25
4 2 22
3 14 6
8 18 13
23 25 1
8 5 9
16 16 9
21 24 16
5 21 11
23 11 23
23 8 26
23 5 7
24 26 11
15 18 26
25 11 6
19 2 3
25 21 20
3 5 15
27 20 4
22 26 26
20 24 5
1 19 1
11 4 6
4 24 19
7 4 7
11 20 7
27 20 12
23 16 12
1 26 17
11 27 2
1 26 2
7 7 19
21 5 6
24 25 14
11 9 23
12 17 6
14 19 21
7 5 21
5 25 26
24 22 7
23 21 23
21 27 8
16 17 24
1 24 27
15 13 21
13 10 25
16 1 17
27 18 18
2 23 20
17 24 9
3 21 8
17 22 3
27 3 22
6 21 10
26 27 1
7 18 23
23 16 24
15 9 21
12 21 16
27 12 8
23 21 25
2 25 21
7 2 17
17 10 27
5 22 18
6 5 3
11 8 3
15 20 25
2 14 10
7 19 12
8 2 14
2 15 14
11 2 14
13 1 23
3 27 23
18 10 9
24 10 24
25 6 10
12 22 16
1 9 8
9 22 20
17 11 25
17 21 17
18 5 20
21 1 10
26 8 12
10 6 21
9 13 26
13 18 15
23 2 2