27
792
680
504
462
660
3363
3336
2206
750
3106
1143
1233
2449
1233
1618
2650
1295
644
2034
2086
1930
2031
2929
1802
1634
1444
2038
388
3
7 15 10
19 23 7
17 12 12
17 11 27
5 8 25
5 24 8
18 6 19
18 27 2
12 2 20
4 18 11
21 25 15
27 14 6
25 26 12
8 14 12
12 11 17
14 10 16
7 7 16
6 13 9
10 3 3
10 20 19
8 17 11
19 27 17
12 14 26
1 26 7
14 14 17
6 1 19
2 9 10
2 18 14
11 16 20
24 3 6
3 17 4
8 9 9
21 27 21
4 17 1
7 19 9
5 19 25
25 25 4
15 10 10
25 27 16
15 27 9
5 13 5
3 15 15
9 5 9
13 21 7
25 8 20
1 26 4
1 19 8
24 15 17
17 22 1
26 27 7
12 6 16
14 19 5
23 15 15
12 16 6
14 7 21
4 18 14
9 25 7
6 7 17
12 2 14
27 2 14
9 17 16
14 19 18
20 7 15
2 19 25
10 14 26
14 17 23
4 18 4
10 22 8
1 15 23
13 18 25
23 27 11
20 21 12
19 17 17
23 26 17
2 9 12
14 15 25
12 11 20
3 15 4
22 21 5
17 12 26
6 24 4
27 22 24
14 8 24
13 25 5
15 1 23
2 5 3
18 25 6
17 22 20
7 9 18
21 23 17
10 3 12
4 22 24
21 21 16
6 11 6
11 25 13
24 15 4
7 13 21
16 26 26
15 17 4
6 4 8
22 8 21
3 26 19
22 9 7
21 27 7
24 26 7
9 12 24
14 15 17
24 26 15
14 5 27
6 12 17
26 3 25
16 11 14
26 22 1
13 5 12
23 13 4
2 18 4
11 23 9
15 5 11
16 21 20
22 10 17
17 8 10
25 12 13
26 15 15
23 20 19
4 15 8
27 16 4
18 5 23
23 6 15
14 7 9
17 6 6
7 15 25
1 15 16
17 7 14
1 21 24
11 7 27
19 13 21
25 11 18
8 27 15
3 24 14
12 11 2
6 20 13
16 3 20
25 14 25
20 4 10
7 12 27
3 18 1
11 3 17
22 18 13
1 27 19
15 7 9
6 24 5
17 16 26
6 10 19
5 15 7
15 12 1
19 6 11
11 26 13
1 19 16
2 20 19
25 18 24
2 13 4
23 26 5
6 1 18
23 4 13
10 18 24
18 5 16
19 11 10
1 10 11
22 19 9
27 13 21
15 12 7
23 12 21
9 14 5
8 20 12
17 24 21
10 10 16
8 18 13
23 18 5
22 17 21
24 11 11
6 16 18
6 21 1
19 23 18
1 12 20
15 16 22
4 19 4
11 24 17
17 12 17
22 16 7
8 27 20
21 21 4
10 7 3
21 8 4
5 13 17
15 13 23
19 18 19
23 18 7
17 4 26
10 20 25
4 4 5
12 7 23
3 9 5
16 23 2
14 20 20
16 24 1
21 23 19
16 4 9
20 5 9
14 21 9
21 3 22
27 22 20
22 1 23
1 4 8
9 11 9
1 6 27
8 4 25
23 24 21
14 22 18
24 15 7
27 24 13
3 15 7
15 25 2
9 7 3
18 20 19
9 14 26
18 6 8
10 6 23
2 3 15
11 18 25
17 3 26
3 3 9
14 20 26
25 22 22
14 26 19
26 23 10
5 16 26
24 21 11
5 4 16
1 1 27
4 26 14
8 11 3
1 9 11
12 15 6
20 10 8
24 19 20
11 8 6
19 9 23
6 12 23
22 8 20
17 1 7
20 23 15
4 15 17
20 9 1
12 19 24
24 23 7
1 19 8
24 19 12
6 3 2
3 8 11
26 25 6
24 5 17
24 6 26
9 6 2
18 9 3
17 27 8
25 13 8
5 9 20
7 25 14
21 24 19
19 14 8
7 23 10
2 21 16
22 4 8
14 17 26
11 15 7
9 8 23
4 9 11
11 14 14
7 22 23
23 5 12
10 12 24
8 4 24
27 10 3
1 23 17
20 23 27
15 6 23
21 26 26
8 3 25
18 6 10
24 8 8
13 4 24
25 23 12
5 15 12
25 2 11
22 3 6
8 19 8
4 25 6
26 26 18
19 7 11
3 19 25
27 7 27
27 20 17
26 11 11
16 7 9
12 17 16
24 18 6
5 8 7
6 4 20
1 17 4
3 21 9
13 5 6
7 15 18
3 26 23
7 5 9
12 4 4
26 22 27
14 19 7
2 6 20
19 6 12
18 5 12
18 7 16
15 1 9
21 12 17
2 25 12
25 26 5
20 21 17
20 19 25
9 19 16
23 23 5
18 13 10
12 4 21
6 21 6
22 9 11
5 25 10
27 1 20
15 12 16
2 24 9
2 20 20
14 27 15
9 1 9
23 9 27
8 15 16
13 21 22
6 4 1
20 13 21
18 20 19
14 15 25
1 21 9
5 3 23
15 23 17
16 27 25
9 15 14
2 12 6
26 1 8
11 24 19
20 20 17
12 18 27
12 15 26
1 23 13
3 13 5
23 16 11
12 24 2
7 23 16
11 1 8
1 20 5
20 9 1
1 24 5
27 1 25
2 8 9
25 12 12
21 4 6
3 19 17
7 19 12
7 27 5
12 4 13
21 11 25
23 16 4
20 8 21
25 6 5
3 17 5
18 4 5
5 17 15
19 16 11
5 25 22
11 17 6
9 27 5
27 2 4
14 4 13