27
611
820
584
3053
2848
1963
2689
3496
2533
1527
2037
1959
1569
420
1322
3353
1097
1256
855
2026
2072
3001
2087
3098
1419
1651
571
345
3
4 13 21
26 25 7
8 16 22
18 4 5
7 24 7
6 3 14
4 21 20
14 23 3
2 21 11
15 23 18
11 6 25
27 12 16
16 8 25
27 8 27
25 8 10
3 21 24
13 1 13
24 10 19
1 21 16
2 14 17
9 5 8
14 23 11
6 13 12
12 4 5
1 11 25
4 19 7
23 8 6
13 6 12
7 25 1
26 12 11
7 8 10
12 3 26
2 24 26
18 3 23
15 13 6
22 25 3
24 16 20
11 25 3
2 11 8
26 16 6
12 2 23
7 25 17
9 21 5
25 10 21
12 16 18
17 10 21
27 22 9
17 10 2
22 3 4
13 25 27
21 14 17
19 8 6
15 26 24
9 10 17
21 26 7
16 25 9
25 6 7
13 17 5
15 8 19
5 4 19
12 26 6
6 21 21
17 6 7
6 19 19
6 14 22
27 6 17
12 23 12
19 27 15
9 23 26
4 13 21
1 21 10
18 18 25
2 6 4
5 13 1
21 5 24
21 16 1
3 16 10
3 1 18
12 26 8
15 2 22
12 12 15
11 3 14
3 18 8
13 2 11
25 23 2
1 14 27
4 25 21
2 21 15
7 19 24
14 18 6
22 25 15
27 22 2
3 6 8
2 20 5
13 7 15
13 27 25
24 13 23
5 6 19
8 7 26
22 8 19
16 24 26
6 14 23
5 9 2
19 20 9
20 14 9
1 9 7
6 6 3
19 8 12
7 9 17
18 11 11
13 2 14
20 22 1
22 24 9
13 8 23
20 12 20
9 16 5
26 5 21
7 23 12
13 14 4
17 23 16
19 16 5
4 2 16
5 4 21
1 2 4
25 2 22
7 9 13
13 21 18
10 26 4
10 22 2
9 21 20
1 7 27
19 11 23
11 22 3
13 10 19
19 9 13
13 8 11
9 6 17
17 19 19
9 19 25
22 18 1
14 2 2
15 6 3
14 24 25
12 7 21
22 17 19
3 10 16
16 10 18
4 23 16
18 9 8
4 15 24
8 26 13
17 18 24
27 3 3
14 7 7
20 4 12
4 11 9
26 8 14
13 22 2
12 27 19
22 21 2
15 8 4
3 20 19
10 10 19
14 3 13
17 6 3
5 7 4
16 27 2
1 7 24
8 14 25
8 9 10
8 5 21
18 6 4
16 4 19
26 14 3
8 26 14
19 21 25
14 11 9
14 26 16
9 27 16
11 4 3
12 15 16
19 16 7
16 21 26
24 21 23
19 5 2
5 17 1
14 20 10
22 15 11
13 11 27
9 19 1
16 14 21
7 24 26
7 12 3
12 15 26
7 6 9
25 25 27
26 1 21
20 6 18
3 19 5
12 27 21
17 4 25
10 11 8
23 17 1
6 15 13
13 2 9
13 13 2
14 9 22
20 3 25
2 25 17
27 14 15
2 13 9
8 17 7
14 14 3
13 25 7
2 1 18
10 14 22
11 12 9
27 19 10
23 18 27
27 2 20
1 12 14
6 5 8
14 19 21
24 25 14
9 1 17
19 14 24
13 1 9
10 22 6
25 8 16
11 7 12
19 27 19
16 23 11
17 9 25
17 10 10
1 1 15
20 11 13
21 12 23
19 24 9
7 17 8
22 3 3
10 3 20
4 8 21
14 6 18
14 22 25
10 18 7
4 24 17
7 1 13
27 2 5
1 11 14
10 26 19
14 16 20
14 21 4
17 8 15
16 8 7
21 2 4
21 9 10
5 2 27
26 2 26
12 3 26
19 4 1
26 1 1
3 9 23
12 4 6
19 12 23
9 18 1
23 1 3
6 5 10
18 4 4
17 20 14
4 10 9
3 9 19
3 24 13
5 10 19
10 22 11
27 25 5
18 24 2
3 23 12
17 3 19
4 9 18
10 3 13
27 18 21
25 7 23
22 16 26
15 9 12
7 25 24
26 7 21
27 20 6
14 26 24
12 3 11
27 24 19
20 17 24
21 16 7
7 21 14
2 9 13
6 19 19
8 2 9
5 17 21
27 18 13
15 16 6
3 9 19
15 6 1
10 23 2
5 8 9
17 25 21
22 8 23
16 13 11
22 20 21
19 6 12
4 27 1
22 4 14
22 12 9
25 6 25
8 7 7
8 25 13
11 10 18
13 12 8
13 23 7
9 3 24
2 3 19
26 23 12
18 18 8
24 15 13
6 3 4
25 25 2
20 25 19
22 12 18
6 10 16
20 20 13
14 22 2
8 6 23
17 18 26
24 25 25
17 16 8
21 25 22
26 26 26
3 3 8
12 22 25
1 2 24
20 22 20
12 6 19
22 9 2
24 4 21
21 6 12
24 18 27
7 11 5