27
1554
1430
1344
781
2344
579
1205
2226
1524
2438
1026
3081
1764
555
1985
2482
3205
2264
1900
419
781
1358
1040
1875
1083
2114
2107
320
3
1 27 20
18 2 21
14 12 3
1 10 13
6 6 20
12 4 26
20 6 2
12 16 23
4 26 9
8 1 1
12 25 19
8 12 23
2 17 25
25 20 26
8 18 27
11 15 20
27 24 16
21 17 19
12 16 17
4 18 21
1 24 10
11 11 5
21 22 8
15 6 10
9 6 7
13 1 16
1 24 8
16 22 8
15 2 4
4 19 26
18 26 6
27 18 25
25 11 5
10 4 6
24 16 16
13 4 24
14 17 17
26 23 12
6 4 11
4 9 8
10 24 10
8 24 12
11 10 9
5 17 27
17 3 8
12 5 24
2 12 25
21 12 8
18 9 10
20 14 4
18 24 9
2 18 27
23 15 14
13 5 2
18 4 5
22 18 8
1 6 24
23 11 2
20 12 10
26 6 4
19 10 2
14 14 8
16 6 24
7 16 1
15 2 23
1 2 10
8 15 3
1 10 13
25 18 2
17 1 13
12 6 16
12 26 5
9 8 26
17 9 7
12 26 3
21 2 18
25 14 7
20 23 20
25 7 4
27 14 8
26 26 21
22 5 19
22 19 21
10 11 1
26 20 23
11 6 18
25 1 20
15 16 26
13 17 26
19 23 22
13 7 9
21 9 16
24 26 5
27 6 4
24 26 24
3 7 10
24 15 12
27 16 4
11 19 21
5 6 2
25 8 17
16 22 24
24 15 21
23 6 4
2 27 5
21 25 14
7 12 10
6 8 18
13 6 17
16 13 25
20 20 12
24 4 22
5 24 26
25 23 10
4 19 6
5 23 15
24 4 2
6 19 15
13 20 26
21 5 26
1 22 15
3 9 4
18 2 27
5 4 19
24 2 23
20 9 17
12 5 10
1 6 5
18 22 6
24 15 10
12 21 27
5 14 12
5 22 26
26 27 6
22 1 18
23 10 17
17 2 14
24 26 25
25 21 3
9 3 17
3 18 4
7 22 3
22 16 19
6 19 21
26 8 25
25 5 27
16 26 12
18 8 23
5 19 8
26 11 4
10 5 14
15 5 14
17 2 20
26 27 9
24 18 14
25 23 17
17 22 10
18 7 9
15 5 8
14 2 4
25 3 22
18 5 20
19 19 19
20 20 21
20 7 12
25 15 25
3 11 3
24 12 27
15 9 17
16 27 5
17 3 5
17 16 16
22 2 22
11 20 16
13 8 26
14 9 10
5 14 9
1 26 8
8 3 17
1 24 2
5 26 3
13 26 23
18 7 18
14 16 17
9 27 6
25 3 27
16 23 23
23 14 14
9 11 16
17 3 13
20 2 25
20 26 12
23 23 1
21 22 16
22 13 14
9 3 3
22 24 1
9 8 3
14 18 10
2 10 3
17 27 6
14 14 12
18 20 21
14 3 26
17 25 20
9 2 23
16 10 11
11 27 12
13 23 7
10 23 3
26 23 16
25 4 1
24 4 13
27 26 11
14 11 16
12 17 9
15 4 9
18 9 6
13 13 18
18 9 26
20 6 12
10 1 22
15 21 5
6 19 25
15 15 12
2 23 21
5 8 14
21 13 13
9 8 10
8 17 12
8 25 11
20 10 24
1 24 25
20 18 15
1 10 13
27 15 1
26 19 11
7 3 19
2 26 12
26 13 19
11 2 19
23 15 19
10 19 1
13 17 16
7 9 11
17 24 3
10 18 6
10 9 6
5 13 21
3 21 15
19 9 18
21 15 22
19 9 9
17 13 8
26 24 9
17 22 9
3 5 13
10 5 3
7 26 20
17 22 18
7 16 7
25 13 22
4 9 4
8 14 4
16 14 13
27 8 25
27 25 3
18 13 5
24 27 17
17 12 16
20 26 22
13 9 23
10 26 13
6 22 2
12 13 13
3 17 24
25 4 26
8 3 10
6 12 23
17 15 25
11 6 9
15 5 22
15 24 1
10 17 19
23 9 21
24 9 27
23 13 1
23 6 3
14 15 18
2 15 13
6 3 2
27 1 12
27 6 14
26 13 9
9 14 22
27 25 23
20 11 19
26 17 20
1 16 6
3 3 8
26 15 14
18 3 19
21 4 16
26 13 23
2 1 14
11 15 16
12 12 22
20 4 26
6 5 23
8 27 12
2 15 4
11 26 19
3 4 15
2 13 7
8 15 21
27 25 27
8 10 25
7 27 2
15 11 9
11 23 27