27
2994
3283
836
3063
690
2842
2501
574
3077
864
3370
2618
2381
892
874
1061
2073
1943
2687
1033
2834
459
2133
1469
881
474
464
300
3
22 17 15
3 1 10
3 2 7
15 26 14
12 7 6
13 27 7
13 20 4
13 6 19
15 20 6
5 14 21
15 24 25
27 25 5
11 2 15
4 16 12
9 24 25
18 1 27
12 12 10
4 21 1
11 1 10
26 19 18
27 22 8
3 13 6
26 9 27
24 3 6
6 4 17
14 24 8
9 3 1
15 21 24
12 25 12
13 22 24
11 15 24
19 13 13
26 9 10
15 13 16
7 23 21
6 2 26
7 25 9
11 19 9
20 3 24
14 12 9
24 23 2
10 16 24
10 25 11
19 9 20
23 24 2
10 3 13
5 13 3
12 3 2
13 19 1
26 26 26
7 12 8
13 11 19
24 24 25
18 12 16
25 14 19
3 24 18
2 24 18
22 6 24
22 11 14
18 14 3
8 10 5
4 15 7
12 2 24
4 10 17
27 27 4
5 26 17
18 14 4
20 2 23
17 4 10
17 19 1
2 1 3
21 26 23
26 24 24
25 3 3
13 26 18
7 18 16
12 16 14
18 23 13
6 8 16
7 9 23
15 19 3
1 14 6
25 10 6
14 9 13
1 27 15
25 21 18
12 14 23
9 21 22
22 23 26
2 16 23
21 9 13
3 12 11
10 20 23
24 18 15
5 8 21
22 2 13
9 24 6
5 21 18
25 12 25
23 7 21
22 4 13
4 24 17
16 13 2
21 5 11
10 5 14
17 8 18
2 5 9
16 23 22
17 10 9
7 15 25
20 12 16
10 6 18
6 21 1
10 19 27
26 14 6
6 21 21
12 14 10
22 12 15
5 27 10
27 15 17
22 19 17
25 9 19
9 14 4
20 2 5
23 9 21
6 26 26
3 22 1
2 15 13
3 7 14
20 1 3
2 2 8
16 15 11
4 23 17
6 5 27
13 24 13
16 19 20
24 21 5
17 8 20
4 1 18
16 26 2
26 4 6
23 14 27
7 13 20
23 16 1
23 26 9
3 2 21
4 11 19
10 14 14
13 23 21
22 14 5
12 7 5
1 6 9
10 8 18
16 24 3
6 10 12
7 22 23
8 24 27
22 16 19
26 22 18
25 13 1
17 2 15
5 16 3
3 18 26
25 27 19
8 5 16
24 26 24
5 22 2
24 10 13
25 19 12
15 6 26
1 3 19
5 27 3
4 20 14
6 15 6
16 27 5
26 13 24
10 8 11
7 25 13
23 10 18
21 22 22
16 25 14
4 14 13
23 22 26
22 7 8
26 23 17
25 27 7
23 24 19
17 10 17
10 9 16
11 14 8
4 5 1
18 8 9
7 1 22
24 3 3
12 20 4
6 1 22
8 14 27
1 20 14
22 21 17
15 26 17
15 25 4
21 21 2
23 19 9
9 26 26
14 16 8
1 8 22
23 13 4
11 1 9
3 11 3
3 23 8
17 5 10
4 7 15
1 18 15
15 8 15
18 10 1
11 9 2
11 18 10
10 4 3
27 20 11
24 9 3
18 20 27
12 5 19
9 12 13
14 20 11
10 12 19
27 25 8
27 2 9
20 19 25
10 7 8
27 24 26
14 3 19
11 14 15
25 1 4
18 4 12
5 9 25
24 7 4
27 26 25
20 14 8
11 21 11
23 19 5
17 25 21
23 13 20
10 19 27
10 2 8
20 10 21
18 26 7
26 17 21
27 18 12
19 13 26
18 8 27
10 11 7
8 20 8
12 16 12
6 2 18
1 6 3
17 20 5
5 1 12
24 3 6
27 13 9
6 14 26
24 13 21
21 15 14
18 19 26
15 23 12
2 10 7
9 15 21
5 26 1
6 22 2
3 13 17
24 26 22
1 7 23
19 10 26
9 23 19
11 1 1
27 21 15
21 19 20
13 11 15
18 18 8
26 15 5
23 14 8
4 10 7
1 27 5
18 14 6
4 24 20
25 7 10
10 12 2
20 13 20
1 15 13
2 23 14
13 4 19
26 13 11
14 17 3
18 5 25
7 16 16
3 24 3
19 15 4
13 22 2
16 27 11
11 14 6
8 17 22