27
1186
2119
2934
3251
533
2657
1415
1714
1308
1285
1959
3107
2424
601
3026
1940
816
1862
2786
1210
1514
3031
1543
1075
3021
1134
966
339
3
12 15 24
12 13 17
12 16 8
16 18 16
23 24 21
26 12 7
20 9 14
24 1 3
10 14 7
12 5 7
23 12 7
26 17 5
5 25 10
18 5 3
26 24 19
14 6 19
25 7 24
13 19 22
9 2 5
18 9 12
14 4 1
27 18 13
12 17 26
20 27 25
15 27 22
24 6 5
23 12 15
17 23 27
12 26 25
23 10 22
13 19 7
18 27 20
22 15 2
25 14 14
15 23 19
26 26 22
27 26 22
1 10 14
8 10 10
10 12 26
4 5 6
26 15 23
21 13 24
8 5 19
14 12 22
14 21 17
3 16 6
3 6 15
10 26 6
24 11 27
27 17 10
20 15 6
10 4 26
19 7 27
25 7 18
8 21 12
3 12 8
4 13 6
23 21 23
21 12 11
7 2 27
14 23 9
23 7 5
26 1 7
4 19 3
8 9 9
8 6 16
1 27 19
20 16 19
22 19 6
10 1 8
22 1 26
6 21 21
16 13 1
16 7 19
23 25 4
26 4 3
13 20 22
7 18 20
12 18 8
20 23 23
11 18 27
16 10 13
22 2 27
11 20 10
5 1 9
6 27 8
14 14 26
15 5 7
1 2 14
20 3 11
22 10 20
24 17 6
27 20 15
14 12 10
10 20 5
26 13 1
26 22 19
6 24 12
15 8 17
19 1 2
5 18 22
27 20 9
26 26 21
24 17 15
5 15 21
18 2 15
11 5 14
26 16 17
12 4 13
6 24 3
26 8 7
27 3 5
7 6 5
25 20 25
6 22 8
4 12 18
9 17 11
24 6 13
18 18 26
10 23 1
14 24 12
25 16 12
13 15 14
3 20 23
12 10 23
19 12 3
25 10 10
9 6 26
19 20 7
25 8 13
13 18 23
21 21 26
27 13 12
6 11 14
19 15 12
26 2 2
19 22 5
13 4 8
12 20 21
15 5 9
15 15 16
22 6 20
1 20 14
12 1 13
13 10 14
25 9 21
12 13 24
9 7 25
7 16 15
8 14 1
6 18 22
9 17 19
18 8 3
23 27 12
7 13 14
6 7 21
9 23 14
1 19 3
18 27 14
3 27 15
27 27 22
19 1 16
13 17 26
13 16 5
4 26 4
19 3 26
12 8 21
26 3 18
12 24 19
3 13 9
21 25 11
6 7 25
25 15 19
11 21 20
3 26 15
10 11 3
26 12 1
11 17 3
15 27 25
18 6 21
3 14 18
21 27 17
22 5 12
11 17 25
24 9 14
3 2 12
8 19 25
23 17 20
2 16 9
23 24 10
14 16 11
8 9 2
26 15 6
6 25 17
4 11 8
5 21 23
2 11 6
27 16 16
8 3 23
6 12 15
4 11 3
13 2 20
3 4 18
9 17 12
15 13 25
16 19 2
24 19 23
25 21 10
10 12 26
10 14 18
3 8 27
25 10 16
3 27 15
3 24 19
1 20 6
23 16 27
3 4 1
22 12 23
5 26 10
21 20 27
23 26 27
18 11 7
19 15 27
26 7 11
21 2 18
10 19 18
10 12 8
7 21 12
26 17 18
13 4 27
4 12 23
5 11 14
3 24 6
23 23 12
13 21 13
16 19 17
8 21 23
17 25 11
7 15 17
1 12 25
4 6 13
20 20 14
14 2 21
5 2 15
13 27 13
2 26 19
13 9 3
1 19 18
10 20 5
5 11 23
11 22 26
8 14 25
1 8 9
12 6 5
5 13 10
13 15 21
24 10 26
18 9 25
6 23 23
10 17 25
20 4 3
4 20 17
7 5 7
26 5 23
6 11 13
6 18 17
12 26 8
16 27 17
11 2 2
18 17 21
16 19 2
16 1 18
18 27 1
5 11 26
3 17 1
21 20 9
26 27 17
7 20 23
11 6 25
19 19 21
25 1 16
5 19 21
22 16 7
16 8 15
18 24 20
7 7 23
8 4 13
18 27 27
20 5 13
12 24 21
20 19 16
2 11 2
1 6 11
25 3 14
10 16 7
21 16 5
4 12 11
5 17 3
4 10 14
16 16 1
16 27 27
21 7 4
25 20 1
18 3 8
4 6 14
18 15 14
23 5 23
19 7 18
9 17 12
15 18 11
7 23 22
26 16 8
27 6 22
12 8 8
12 22 10
13 3 1
27 3 7
17 13 6
6 15 22
15 23 13
14 8 17
11 6 9
5 25 21
4 22 27
6 4 16
24 14 6
1 1 21
16 12 1
3 3 23
18 11 2
23 1 19
3 20 19
24 18 10
15 4 7
6 10 3
22 21 7
24 26 12
2 19 3