27
1554
1430
1344
781
2344
579
1205
2226
1524
2438
1026
3081
1764
555
1985
2482
3205
2264
1900
419
781
1358
1040
1875
1083
2114
2107
320
5
9 20 3 20 18
20 21 18 24 3
2 19 22 26 21
4 3 20 14 3
18 24 20 25 7
12 15 25 17 23
25 20 27 17 7
23 9 18 5 7
1 2 23 26 12
11 4 15 6 19
18 13 26 22 7
5 21 16 10 27
20 4 13 20 17
4 20 11 19 27
23 22 12 13 1
10 1 19 1 21
20 10 25 4 19
1 12 25 17 2
5 5 19 21 1
2 22 18 21 4
5 11 6 13 20
11 8 1 11 15
4 11 2 4 13
15 14 7 25 21
9 13 1 7 3
13 14 25 2 26
2 20 12 20 17
10 17 20 6 24
26 6 18 8 7
11 5 10 16 9
24 11 6 24 25
13 9 5 5 21
2 15 26 23 21
27 6 27 11 15
27 3 2 6 26
14 16 23 9 23
21 27 5 5 16
27 18 26 13 3
17 1 17 26 23
20 11 8 5 7
5 6 27 15 26
25 24 15 24 17
4 22 17 6 16
27 20 17 16 22
9 12 15 10 16
16 25 1 21 3
17 22 14 21 23
17 19 1 21 20
27 9 9 15 14
4 27 5 12 10
18 26 23 20 24
10 27 26 25 2
25 1 25 15 18
16 8 27 17 4
19 24 22 5 23
26 12 4 24 6
27 15 26 6 27
6 13 14 23 3
1 10 2 14 11
6 18 12 2 21
11 17 8 16 4
24 21 10 16 14
19 3 26 14 7
16 4 13 9 2
1 19 15 7 9
9 26 10 11 10
26 5 21 21 15
8 14 21 22 27
25 9 20 27 20
11 6 8 4 8
9 24 9 18 18
16 6 27 26 24
5 17 17 14 26
17 27 7 20 7
25 18 16 4 25
25 7 21 4 7
7 5 6 15 14
13 7 25 8 5
23 5 12 12 8
5 13 7 24 16
13 1 13 5 1
18 20 19 3 9
20 27 5 9 23
18 17 26 26 12
13 14 24 13 17
6 3 26 15 14
16 6 7 25 1
8 16 5 9 11
10 6 12 11 10
14 15 9 12 10
11 4 13 11 3
27 18 24 15 16
4 25 10 11 7
19 10 17 27 4
26 16 9 24 9
2 13 7 6 9
6 21 8 23 14
5 10 16 11 8
19 16 11 12 23
15 24 3 25 16
5 7 25 10 16
13 23 4 24 9
24 10 23 20 25
22 13 14 24 12
26 25 10 16 23
24 5 21 1 18
21 9 13 23 4
15 20 27 26 16
10 21 5 13 16
6 17 23 12 15
12 17 21 3 5
7 3 27 26 15
9 17 19 10 25
14 14 10 20 20
25 13 21 26 21
12 6 11 3 11
2 10 11 27 25
20 12 4 25 16
25 7 11 13 17
14 17 9 18 25
7 25 12 22 9
14 7 9 21 15
14 27 11 10 21
24 26 6 23 27
10 24 10 16 23
24 1 4 6 15
22 2 12 14 21
14 15 8 1 19
19 14 27 18 2
5 20 14 10 6
2 25 13 20 26
11 7 4 8 23
6 20 4 17 14
15 23 2 18 3
20 16 11 20 12
11 10 16 6 27
7 18 7 17 5
13 2 20 21 13
26 11 15 23 27
25 12 26 15 1
15 9 15 18 21
26 14 27 20 8
6 12 26 23 24
10 19 4 2 12
6 4 21 16 18
5 17 9 18 25
25 7 6 13 7
7 13 2 9 16
6 9 20 26 13
5 2 8 27 17
16 5 17 3 8
3 13 16 17 9
25 5 23 12 24
5 2 7 25 17
1 11 19 3 25
16 7 6 10 5
2 22 1 12 18
21 17 6 27 23
21 10 6 1 13
27 6 18 11 14
25 3 15 19 23
3 7 19 4 21
18 20 8 10 13
26 19 16 24 20
13 2 2 8 17
3 19 20 18 13
24 12 12 2 11
12 18 7 11 13
17 5 2 6 10
20 12 14 23 22
18 21 20 18 9
3 22 21 18 14
23 25 5 12 8
20 20 13 5 18
21 24 21 23 19
11 18 13 2 9
27 7 18 16 27
12 11 20 2 7
11 5 1 21 12
9 4 12 22 21
13 25 15 13 26
10 13 26 22 7
26 10 21 14 23
18 20 24 15 16
8 9 12 16 7
4 10 14 11 15
5 5 24 16 9
16 10 25 21 19
23 16 27 17 26
15 11 8 1 16
13 27 4 9 25
12 13 15 15 3
5 23 17 3 21
17 22 17 2 11
14 14 3 23 26
16 15 17 20 3
6 12 6 4 1
8 18 3 21 27
21 11 15 24 2
16 22 6 27 9
7 11 14 14 14
26 15 8 20 26
17 10 14 1 1
9 21 12 27 27
13 5 7 26 12
16 17 15 27 11
7 3 18 1 7
22 10 21 11 10
3 26 7 9 22
23 14 22 24 13
3 8 20 20 23
27 6 18 1 2
9 22 5 9 4
11 13 5 15 10
25 15 20 11 8
13 1 12 17 9
21 4 25 27 10
22 18 20 5 12
10 27 25 9 14
18 7 26 25 23
18 26 3 1 13
1 1 3 17 14
7 18 24 21 18
27 11 22 21 9
23 1 25 4 3
4 8 16 8 26
20 6 12 7 9
10 2 11 18 5
24 2 1 18 25
3 19 19 3 23
12 17 22 6 26
18 1 7 27 17
25 25 5 19 2
17 3 22 23 20
19 20 19 6 11
7 8 15 3 24
25 1 23 10 23
15 16 8 27 26
22 10 20 18 17
22 1 26 26 20
9 5 20 13 17
2 2 13 18 3
12 1 13 6 4
12 9 21 7 25
11 14 22 23 13
22 13 25 12 18
14 14 4 25 12
27 17 17 21 23
22 19 17 24 1
13 9 19 22 21
4 12 24 6 8
15 7 6 21 3
27 22 19 15 2
27 11 13 23 10
17 20 27 10 19
20 8 19 4 10
20 14 4 13 9
21 27 20 4 23
19 11 26 21 10
25 8 15 7 4
11 24 7 9 12
2 5 23 13 27
13 25 2 15 6
21 21 24 24 1
18 26 6 16 10
24 6 11 22 11
19 20 4 4 9
2 12 22 12 10
22 4 13 11 25
5 12 20 3 25
16 18 17 21 25
27 14 8 6 15
26 4 21 16 19
3 27 19 9 22
11 23 5 10 26
18 18 2 10 11
16 8 24 15 19
6 3 24 9 24
8 7 12 10 9
20 7 5 4 7
5 15 13 17 23
19 25 8 13 12
10 15 4 5 14
18 8 3 2 11
1 2 16 5 8
22 13 8 6 16
19 11 15 16 1
2 21 22 16 23
16 21 18 23 10
22 23 3 13 24
22 20 7 14 14
15 25 17 15 13
1 17 26 24 26
4 1 10 16 4
2 8 21 3 11
23 8 25 19 27
5 5 22 9 3
6 16 10 27 13
17 16 22 25 10
27 11 5 23 22
17 9 12 12 8
23 21 1 10 25
22 26 22 26 9
16 11 25 14 8
5 18 15 9 4
20 4 10 1 17
8 5 9 13 22
15 24 19 22 2
12 24 1 6 14
15 16 22 1 8
27 19 14 22 13
23 7 17 2 10
12 11 16 5 5
1 15 14 8 11
14 23 26 10 5
27 2 17 8 6
15 11 1 23 3
15 3 13 22 24
11 13 13 24 3
19 15 1 24 22