27
3188
3446
1660
2759
3012
1219
2316
1799
1992
1466
3003
1771
1451
2595
3012
2438
1391
2834
3248
1800
561
3495
716
2490
3466
1845
2206
359
5
27 13 27 21 8
26 25 20 15 18
27 7 18 2 17
22 5 5 15 24
22 5 19 14 20
9 1 4 2 27
18 2 7 9 24
12 8 16 26 2
13 24 14 5 4
5 14 27 12 9
5 15 5 22 9
6 26 25 8 15
15 25 25 2 18
25 8 11 8 5
17 18 19 26 4
23 25 8 5 3
26 8 23 25 23
21 25 8 6 7
27 10 13 5 13
23 15 7 7 2
22 8 15 22 24
26 4 9 21 25
12 5 2 26 21
10 5 12 24 19
9 1 7 15 17
23 8 23 12 22
1 23 20 5 27
13 9 13 13 25
6 2 17 6 11
9 27 10 5 15
24 5 8 22 25
23 1 12 21 4
23 24 26 8 19
4 5 9 16 9
22 4 22 15 2
9 16 1 19 16
27 13 19 13 9
23 22 16 9 16
27 24 6 7 1
14 18 9 3 11
5 7 10 11 6
7 24 25 15 14
14 12 1 7 24
18 16 22 26 24
20 24 9 11 9
3 21 8 2 7
7 15 7 15 9
19 23 9 26 3
21 11 3 15 7
27 17 4 27 9
8 2 16 3 10
21 2 24 9 27
8 16 15 3 16
26 27 19 3 10
5 24 6 16 3
25 13 17 26 24
6 11 1 27 8
20 23 8 18 1
11 16 22 3 26
21 25 19 9 6
7 8 26 26 14
2 3 20 22 3
16 16 19 3 19
12 15 25 11 9
18 8 10 8 24
14 8 27 6 13
3 13 9 6 26
2 26 21 5 9
19 3 5 11 20
7 13 5 5 19
11 3 4 11 15
25 19 21 1 18
8 3 12 17 14
23 20 26 22 8
3 25 10 8 2
9 10 4 26 3
1 6 27 16 13
16 25 3 24 19
21 2 12 20 27
4 23 22 1 4
4 11 5 15 25
5 19 18 11 2
26 23 9 25 16
14 25 26 19 23
13 21 22 9 2
20 21 9 18 18
7 11 5 1 7
16 11 16 16 3
4 10 15 4 2
13 20 14 8 4
12 25 4 2 15
23 22 17 11 23
12 17 10 14 11
24 9 9 15 24
14 13 9 11 19
14 17 22 6 21
17 17 25 6 10
2 8 4 13 13
12 3 5 24 10
17 27 26 16 25
8 11 4 16 4
1 22 19 10 15
7 10 2 17 6
26 20 11 15 2
2 12 18 21 16
6 15 15 20 26
20 23 5 27 8
17 27 6 3 1
10 10 7 21 21
6 7 7 6 12
24 20 16 21 11
16 23 8 7 19
9 14 9 27 7
13 1 3 12 22
6 4 4 14 10
18 2 21 16 17
11 12 8 11 14
10 2 12 23 18
9 23 16 2 4
6 20 25 17 11
12 14 4 24 27
10 19 25 16 8
6 12 19 7 24
19 2 18 16 14
21 16 5 7 18
20 9 3 10 13
17 26 5 20 12
12 7 20 23 5
20 8 7 8 6
24 11 9 17 19
19 17 2 5 20
25 9 9 5 19
9 17 11 20 14
7 19 24 15 13
12 26 13 26 7
6 18 15 4 14
11 16 19 20 15
1 7 22 21 22
17 1 23 17 1
15 4 21 15 5
26 24 22 15 7
15 24 20 5 1
9 19 15 21 12
25 2 8 26 19
22 12 2 26 12
3 3 5 23 25
23 20 14 6 26
3 12 13 5 26
3 7 22 20 14
8 17 4 21 25
11 12 10 19 20
17 26 3 22 26
2 26 10 14 22
17 13 7 25 3
20 17 17 17 8
23 23 2 20 2
11 6 24 3 23
22 17 26 6 9
17 11 18 20 24
2 16 2 25 5
8 23 27 17 2
27 9 19 4 17
14 26 14 19 1
21 13 13 1 2
4 16 21 27 24
16 2 24 4 9
7 18 13 15 26
6 9 16 15 22
7 10 17 3 27
25 11 26 1 4
3 17 15 6 6
21 17 14 10 1
7 19 13 19 19
23 10 11 9 19
4 12 19 21 27
26 27 6 11 6
13 27 12 24 2
16 22 27 3 17
8 4 12 27 6
5 26 23 25 15
26 3 23 24 24
11 23 27 3 10
24 17 20 7 11
22 20 26 18 20
13 20 3 16 18
20 2 17 14 17
4 19 18 25 17
19 3 1 10 1
10 12 13 1 1
19 7 1 19 26
27 20 22 10 4
3 2 23 21 8
2 20 26 5 4
22 6 20 3 23
9 24 22 6 21
18 8 11 1 16
27 21 16 24 1
1 7 24 13 22
8 25 16 26 24
3 17 25 5 11
6 13 26 26 9
10 9 7 17 17
25 10 8 7 6
19 8 4 27 1
4 26 16 27 23
1 18 22 21 13
11 14 13 9 27
15 27 18 2 18
3 8 1 19 21
23 8 4 6 27
5 21 22 23 18
2 21 21 6 15
21 6 27 21 7
21 5 7 20 19
21 21 22 8 19
17 20 21 27 8
11 6 11 4 22
26 19 12 27 1
25 25 27 24 25
21 3 6 4 6
9 19 12 18 14
6 15 20 14 15
13 25 5 20 5
13 12 17 22 4
12 6 26 11 17
1 21 26 19 19
21 5 16 1 22
11 9 18 12 3
8 17 5 22 3
5 12 5 10 6
1 9 15 6 24
16 7 7 22 18
2 17 9 9 20
16 22 26 9 1
24 22 3 19 15
16 1 19 14 9
16 25 1 15 22
13 6 12 10 24
1 23 5 23 12
9 2 18 17 21
23 18 18 15 9
3 24 1 20 5
25 7 8 14 3
26 11 3 21 15
15 23 1 22 9
6 14 7 18 13
20 3 22 4 21
14 17 19 7 22
27 24 24 3 5
16 8 20 18 10
26 25 7 15 22
7 20 5 10 16
1 5 24 25 9
23 20 27 13 26
18 2 21 25 17
12 9 5 22 3
11 27 14 8 5
6 26 15 20 10
14 15 8 20 14
7 4 11 8 17
12 1 25 17 19
1 2 19 1 20
15 27 23 3 22
10 15 8 17 26
17 3 1 20 25
17 13 26 19 27
23 1 16 13 18
3 11 10 22 26
20 17 7 16 12
25 19 11 2 26
14 8 7 8 9
22 26 24 4 2
19 26 21 10 11
7 20 7 22 12
24 10 11 9 2
21 12 24 19 11
14 24 20 2 11
2 1 3 24 12
16 27 4 5 3
13 13 27 20 13
25 10 20 14 4
10 1 17 6 21
24 2 12 20 4
21 27 7 25 16
20 10 14 6 25
25 23 17 20 2
11 9 20 12 20
16 3 12 10 15
18 15 2 21 23
16 1 19 22 2
14 27 26 4 9
16 7 20 11 12
1 26 23 22 1
2 10 14 19 15
27 21 6 15 23
1 27 12 4 17
14 14 19 18 11
3 19 19 13 24
5 8 1 2 18
26 12 6 14 13
23 7 6 15 27
16 17 19 11 9
24 17 22 3 7
26 4 2 21 25
14 8 25 14 3
21 26 25 19 19
19 8 21 6 20
14 5 26 17 24
3 17 5 17 8
1 11 6 7 21
13 24 21 22 7
2 1 9 19 20
23 18 27 26 8
16 9 18 22 18
10 9 14 12 22
16 6 4 25 16
14 11 22 21 15
6 27 5 11 9
17 21 6 18 25
1 12 25 13 1
27 12 4 23 23
14 1 2 13 22
3 11 5 23 5
13 24 9 19 22
9 18 4 2 1
14 11 16 13 15
18 18 8 16 22
24 12 15 2 2
26 16 16 24 21
7 5 24 20 15
15 7 12 15 6
9 15 20 27 10
17 8 12 24 20
19 19 6 11 27
19 18 6 7 25
15 14 4 1 1
11 17 13 21 13
7 26 12 25 20
9 5 8 12 25
21 10 11 22 15
11 15 6 12 23
11 15 19 21 11
8 4 9 10 4
23 17 23 10 11
23 3 20 19 2
3 18 26 18 12
13 9 10 18 13
20 4 1 17 21
9 14 20 24 7
1 1 6 12 4
1 8 10 14 22
5 16 7 11 6
5 2 20 19 7
6 15 25 2 6
13 4 15 7 26
18 18 26 2 19
17 25 26 26 1
18 25 8 10 23
19 17 13 9 8