27
1186
2119
2934
3251
533
2657
1415
1714
1308
1285
1959
3107
2424
601
3026
1940
816
1862
2786
1210
1514
3031
1543
1075
3021
1134
966
339
5
6 3 16 7 21
13 6 18 14 8
5 16 21 12 3
4 20 10 27 2
24 9 3 26 12
15 3 3 5 18
13 25 16 11 16
26 4 26 23 11
15 22 9 26 19
6 16 18 12 23
19 17 25 27 5
17 8 18 10 5
11 25 9 6 26
23 25 13 2 12
23 26 15 2 27
8 17 1 24 16
23 24 13 6 24
17 20 2 9 25
3 19 3 13 3
14 8 21 17 4
24 16 24 15 12
19 8 22 19 3
23 10 20 15 6
7 7 12 20 25
11 2 2 5 18
19 19 21 21 26
5 23 3 5 9
5 12 15 21 15
21 3 10 5 9
6 16 14 5 14
26 12 1 1 10
12 6 5 24 24
6 22 24 20 2
7 17 10 16 24
27 14 8 23 20
26 25 26 10 10
15 5 21 15 9
12 19 11 26 16
13 7 27 22 16
26 1 27 27 9
3 7 25 2 9
18 11 18 4 3
2 3 9 3 12
22 15 24 15 7
9 1 25 5 26
12 20 15 21 6
4 2 22 15 15
26 6 10 3 20
9 12 20 10 9
3 16 5 6 3
2 3 4 14 4
8 27 15 24 7
2 21 22 22 17
5 22 4 5 13
12 10 23 12 20
18 5 24 6 16
19 9 13 5 23
9 27 14 13 16
11 7 8 16 16
25 22 10 25 27
1 11 15 19 25
22 10 7 14 20
8 14 19 20 1
26 12 13 7 19
26 10 15 27 8
19 17 1 21 12
13 21 9 8 5
3 16 14 7 5
11 13 25 20 24
9 2 16 13 24
11 5 26 22 2
17 21 5 17 11
21 14 22 7 4
25 21 12 17 15
9 8 16 1 23
22 12 9 19 25
17 15 20 4 2
23 7 25 12 1
6 16 17 10 9
4 1 1 4 3
4 10 15 24 20
22 23 4 8 12
17 19 2 4 17
9 16 8 22 23
2 5 22 13 4
7 16 6 26 9
9 7 19 12 2
1 3 18 10 4
23 13 13 14 3
18 13 9 17 14
16 7 20 5 24
23 12 11 23 5
19 1 14 3 9
1 3 24 1 9
14 4 26 12 7
7 12 18 14 4
11 21 23 3 22
5 9 22 1 8
5 23 9 27 7
2 1 6 2 15
24 24 9 7 18
7 11 17 5 22
18 15 19 23 4
20 27 6 9 18
27 12 23 12 27
4 7 21 8 15
18 18 7 25 4
21 11 21 16 24
9 16 1 24 22
13 24 13 12 16
13 11 26 8 8
2 12 26 22 2
14 22 27 10 18
17 1 27 9 16
24 8 2 14 7
10 16 24 18 3
25 21 13 8 2
5 3 22 21 9
13 4 16 22 14
14 21 18 2 14
20 24 16 4 15
5 21 7 8 7
26 23 11 6 27
2 8 7 12 5
18 6 10 9 16
10 6 16 21 1
21 16 24 1 1
18 3 17 24 27
15 20 14 27 3
11 12 4 10 14
10 12 11 16 17
24 2 18 6 24
3 10 22 25 6
11 18 22 9 1
17 10 2 15 1
13 1 18 25 23
2 1 1 26 18
9 23 14 4 14
6 20 12 7 1
19 27 27 5 22
25 21 21 27 4
12 25 25 26 6
11 9 16 7 18
22 7 7 26 7
2 9 4 27 11
11 16 17 16 8
1 27 2 7 7
5 5 16 13 18
19 22 13 20 16
26 16 22 11 23
1 27 26 27 10
18 21 26 27 3
2 8 18 21 25
23 19 2 6 22
20 8 1 14 25
7 20 14 15 25
11 6 17 19 14
18 17 23 20 12
7 21 14 5 19
25 19 5 11 16
3 16 5 27 15
14 22 10 21 5
2 7 2 15 8
1 20 26 16 22
22 11 7 21 4
26 24 23 16 3
9 8 21 27 13
4 13 9 21 23
2 19 23 15 21
22 20 13 3 26
26 8 27 11 17
21 12 25 26 8
25 14 3 15 8
11 9 20 25 27
4 6 4 9 22
25 15 7 24 10
23 11 20 15 4
16 2 15 26 12
3 5 19 27 1
24 3 14 15 21
5 18 3 19 5
16 5 3 6 3
20 10 26 15 2
9 14 14 14 13
19 25 26 21 16
19 2 17 11 1
12 16 9 26 22
4 2 9 15 23
8 4 9 22 27
10 23 11 16 4
27 7 10 17 18
8 26 13 1 6
10 10 18 10 18
10 22 19 27 10
9 22 9 17 22
4 2 7 5 4
5 22 12 1 22
6 9 11 27 27
12 8 26 27 4
24 1 12 12 21
26 20 1 15 26
12 24 8 17 1
8 18 19 12 11
7 18 22 15 20
11 15 24 5 13
21 4 3 24 18
22 9 11 6 25
11 14 3 22 18
20 12 12 10 19
21 20 11 24 24
13 7 13 4 22
8 8 3 16 5
2 26 10 23 14
7 2 24 10 3
17 17 7 9 17
3 11 27 16 24
27 11 18 13 17
11 10 18 1 17
3 1 20 22 27
9 2 20 26 17
7 11 13 16 12
21 15 5 27 20
5 5 24 26 10
15 15 23 17 26
4 20 21 6 11
1 22 3 22 19
18 22 26 21 9
15 6 2 3 18
22 4 19 3 1
23 26 14 12 13
23 23 22 2 7
16 14 6 12 10
21 12 2 25 3
13 13 4 13 13
19 1 12 10 24
4 9 23 23 3
18 14 25 26 2
13 11 13 15 9
23 11 21 22 17
9 25 12 3 20
6 27 16 11 9
19 26 18 2 5
7 16 17 11 11
4 20 24 20 7
26 27 4 20 10
6 26 26 11 25
3 5 26 23 14
13 26 14 26 7
14 15 8 22 6
14 18 25 10 12
10 5 27 8 13
17 26 5 27 9
13 13 10 5 3
17 7 10 22 8
22 18 23 4 3
25 23 24 27 9
8 9 2 11 25
27 15 2 11 19
6 7 25 7 4
7 3 6 26 9
1 10 23 1 21
23 12 24 12 15
6 4 7 22 5
10 2 1 2 10
3 26 12 5 18
5 14 6 22 14
6 13 21 17 26
11 9 19 6 26
18 14 22 12 17
24 25 25 22 18
23 17 19 16 26
15 4 4 15 20
11 17 23 4 20
2 7 19 15 7
27 17 6 25 12
17 13 6 8 20
5 15 22 17 3
19 11 7 4 26
1 5 23 20 24
2 5 22 4 12
8 16 22 13 3
4 19 19 3 26
19 23 21 16 23
7 24 11 24 5
14 2 19 4 3
16 2 13 14 21
17 15 15 17 9
9 16 10 22 14
11 3 1 3 3
2 11 15 13 4
7 2 2 21 13
11 2 23 20 3
27 18 15 6 1
25 1 19 1 5
9 1 8 2 6
8 23 24 16 19
17 7 19 14 11
21 18 23 17 22
18 24 14 21 4
15 5 1 26 23
21 1 6 12 24
6 14 10 27 8
3 19 17 5 6
2 10 26 9 19
1 2 3 15 19
24 10 6 22 5
8 24 15 7 11
1 6 11 27 3
2 15 16 22 20
5 25 15 7 6
3 18 6 26 20
9 23 5 15 20
17 8 9 15 11
1 9 24 14 23
26 25 10 14 27
7 25 24 14 1
1 24 24 12 21
8 23 27 14 26
26 14 14 21 17
23 26 27 5 10
2 7 14 23 8
15 18 13 27 25
13 12 11 16 23
4 20 4 22 21
2 7 1 1 14
4 25 17 25 7
24 15 19 5 9
11 10 21 5 13
17 4 14 10 4
27 20 19 23 6
27 8 6 5 25
17 21 6 21 3
26 2 27 16 25
7 14 26 23 26
25 26 16 3 24
20 18 3 1 5
21 2 10 8 25
12 20 5 17 24
12 11 13 19 5