27
611
820
584
3053
2848
1963
2689
3496
2533
1527
2037
1959
1569
420
1322
3353
1097
1256
855
2026
2072
3001
2087
3098
1419
1651
571
345
5
6 26 5 9 11
21 9 12 17 25
7 1 1 11 18
21 4 26 1 2
15 3 10 26 19
20 17 19 10 3
20 17 17 27 22
11 23 16 4 2
22 22 4 23 9
18 10 20 18 8
2 21 9 1 14
19 26 13 8 21
2 26 27 18 18
18 16 1 20 4
26 1 17 13 10
27 2 4 15 27
11 4 16 27 20
12 7 9 27 18
20 26 22 1 22
6 6 23 9 9
26 19 26 20 18
10 21 2 10 19
10 12 7 11 24
21 17 2 3 5
17 13 11 10 14
8 15 26 1 3
3 24 20 21 4
15 22 16 15 23
16 21 10 9 22
19 12 26 21 5
11 27 18 11 5
16 9 21 7 10
3 20 12 7 14
24 8 15 5 2
17 23 17 18 16
10 14 25 3 11
1 12 6 18 21
18 12 16 13 19
1 18 13 11 3
24 24 20 22 24
23 1 15 2 6
21 6 16 7 3
7 4 6 17 20
13 9 9 25 5
14 18 1 10 7
27 17 1 4 4
25 5 4 17 3
27 14 1 2 21
24 17 18 27 11
19 4 26 21 10
6 3 8 23 3
10 10 8 7 27
25 18 10 23 8
23 22 20 5 5
18 13 23 21 27
17 10 16 19 16
4 5 26 5 6
14 6 7 20 2
9 17 4 23 5
5 12 13 17 3
26 17 10 13 2
8 1 25 25 3
15 24 25 3 18
2 14 12 9 27
27 1 13 25 11
7 10 24 15 14
23 23 15 21 21
3 23 21 22 8
21 27 18 13 16
16 6 24 5 22
23 11 14 2 1
13 23 15 12 12
2 13 4 20 10
6 19 21 11 9
10 5 11 9 2
11 12 3 17 12
12 16 7 21 23
8 21 13 1 22
24 4 26 25 21
9 21 14 23 22
7 6 10 14 17
11 2 20 12 13
5 14 22 15 25
26 4 14 9 15
13 7 9 7 15
9 15 21 17 15
3 17 1 27 17
12 16 27 1 7
2 17 27 26 6
4 4 20 15 9
18 25 14 23 15
8 4 26 7 8
17 5 18 3 13
3 25 16 19 3
7 24 6 20 13
26 14 22 12 19
19 2 11 11 8
27 11 2 9 13
13 2 24 26 6
23 1 13 19 26
9 17 10 21 4
26 25 25 14 9
7 10 14 25 5
9 24 9 10 12
10 26 1 4 7
9 17 14 6 8
25 19 4 22 19
13 19 7 7 20
5 5 1 12 25
13 10 4 10 1
7 11 6 27 6
5 23 25 3 6
21 23 21 17 8
8 23 1 10 19
17 4 12 4 2
9 9 13 9 6
25 5 4 13 1
22 16 2 11 21
17 26 13 5 9
3 4 27 10 12
17 3 9 21 27
21 5 3 9 3
17 14 4 18 23
1 3 25 14 9
22 14 2 21 4
16 2 24 25 26
9 3 20 8 14
20 12 25 5 17
8 11 5 8 15
27 27 3 9 9
3 9 4 18 9
2 13 14 25 27
6 25 19 12 2
13 25 18 7 14
12 22 5 4 19
9 17 8 12 16
1 15 6 20 21
21 10 4 25 14
19 11 12 6 10
25 13 27 18 14
13 22 1 10 7
23 16 4 13 13
2 8 13 10 3
14 15 13 1 27
3 7 5 3 1
2 6 17 17 11
13 25 10 7 10
3 25 25 23 16
17 23 1 20 10
7 5 24 3 5
10 26 19 23 14
19 19 4 27 9
24 6 26 19 7
19 3 12 11 20
18 25 22 7 13
10 10 4 26 14
13 20 1 20 5
16 3 10 13 20
18 12 5 14 1
8 19 24 10 6
18 14 12 20 4
5 9 26 1 20
21 16 17 21 17
12 24 1 14 24
4 8 16 25 20
14 18 26 21 11
16 27 25 25 5
6 24 1 14 10
27 7 1 21 3
2 24 2 3 15
15 25 5 6 18
21 12 8 22 27
20 2 5 18 5
4 2 14 6 13
3 25 20 11 27
19 2 24 17 6
1 4 4 7 27
11 15 4 16 3
14 17 12 4 7
25 13 3 1 20
21 24 21 10 1
10 16 15 10 20
3 16 10 24 14
17 14 24 2 7
17 14 25 15 2
23 15 3 1 6
2 27 27 10 19
25 23 13 21 5
18 24 12 9 14
22 18 26 2 19
18 10 6 17 21
21 25 14 1 18
9 17 26 17 16
17 27 13 26 24
14 23 5 21 18
9 14 24 18 6
25 27 10 15 6
12 24 14 22 18
13 1 7 17 27
2 26 25 13 16
19 27 10 7 23
21 16 22 5 16
2 25 22 5 23
23 8 23 15 22
12 17 17 9 25
24 13 1 3 26
24 11 20 19 20
14 25 26 5 20
14 13 25 7 3
12 24 23 6 24
20 18 23 23 7
17 17 26 11 9
14 12 18 13 19
20 12 24 1 2
18 3 13 12 14
12 22 8 8 14
15 22 7 6 10
14 26 16 13 1
10 23 21 3 18
8 2 7 26 9
20 6 8 3 21
5 3 13 13 13
20 27 19 17 16
16 14 24 3 3
17 25 15 22 19
7 19 1 27 17
7 8 23 24 13
8 19 8 19 22
22 13 21 1 8
20 6 21 15 12
27 12 24 21 10
25 11 19 21 6
10 5 2 4 22
11 25 22 1 11
21 7 22 27 16
26 22 22 11 7
26 14 15 12 22
20 1 17 23 17
11 23 20 19 7
4 3 12 10 24
20 17 15 6 20
5 12 4 26 23
7 21 13 6 23
5 5 10 3 12
18 1 14 16 20
4 2 7 16 10
7 3 22 23 5
24 3 13 17 22
1 16 16 10 23
5 5 5 3 22
13 19 24 15 8
1 20 21 6 8
7 18 7 27 27
25 13 23 8 9
3 21 15 7 21
26 22 20 18 11
18 13 21 2 13
22 19 2 10 5
18 11 4 6 10
27 25 11 26 27
8 19 13 27 18
3 9 19 5 20
4 7 13 9 5
12 3 23 19 15
24 20 5 3 4
25 20 14 2 11
9 24 13 24 27
21 15 6 3 25
7 9 3 1 16
3 2 20 16 13
8 1 22 15 10
24 19 25 13 18
3 6 11 6 27
18 23 15 24 7
18 17 14 5 8
19 25 1 3 20
25 20 12 13 8
24 10 17 13 1
25 17 13 2 20
8 21 22 26 6
6 10 6 15 14
11 15 22 25 11
20 1 6 15 13
2 13 13 6 26
21 9 17 11 4
5 4 25 27 12
19 18 26 1 3
19 16 12 19 3
7 20 25 21 13
14 21 1 27 19
24 26 25 3 24
15 12 19 12 5
24 20 18 17 6
16 25 24 8 1
13 13 11 27 10
26 6 11 5 12
3 23 17 7 4
1 27 2 2 19
17 6 1 3 13
7 2 21 26 3
23 21 14 19 25
26 12 9 14 11
21 14 4 18 8
18 13 7 15 1
5 18 17 8 5
5 3 12 24 20
7 9 3 4 20
18 11 24 18 13
7 18 17 1 10
3 14 13 4 17
12 7 4 20 9
24 6 14 16 27
2 20 10 9 21
18 11 2 12 11
18 7 24 2 1
14 19 6 19 3
10 19 24 11 9
2 12 7 12 2
16 22 16 5 15
12 7 8 14 25
13 11 12 22 3
21 20 5 24 15
7 6 1 19 24
24 20 4 15 3
2 4 14 25 17
16 10 5 22 23
25 3 19 2 5
14 24 7 4 23
22 3 2 15 20
27 24 21 23 2
5 10 27 27 8
15 23 13 19 25
10 6 6 2 21
25 17 17 25 9
2 18 25 6 22
1 25 25 4 10
27 15 27 10 5
23 19 27 18 10
13 10 24 17 22
21 16 17 23 22
25 6 5 16 3
14 27 10 13 15
17 19 3 8 11
26 24 10 10 7
19 27 9 13 15