27
2994
3283
836
3063
690
2842
2501
574
3077
864
3370
2618
2381
892
874
1061
2073
1943
2687
1033
2834
459
2133
1469
881
474
464
300
5
22 8 4 20 14
22 17 22 4 11
23 19 21 11 8
1 1 11 19 7
5 25 27 9 20
19 1 20 14 10
20 3 23 9 25
22 17 9 16 22
21 8 9 3 22
20 18 8 10 21
17 8 14 1 20
24 14 24 6 1
13 21 27 16 21
19 14 23 21 2
15 26 18 4 21
9 22 18 6 18
15 10 4 25 26
11 20 3 13 24
13 9 8 18 5
7 24 1 13 3
21 27 24 24 22
3 10 5 15 7
3 24 5 13 7
19 4 3 5 2
3 22 19 19 10
14 20 3 2 8
7 8 25 10 25
1 5 21 1 24
23 16 8 7 9
21 19 9 2 13
19 21 19 22 8
4 7 21 11 12
20 24 8 10 18
21 22 12 2 6
15 4 14 12 21
26 20 22 20 24
25 3 7 9 17
3 18 27 15 25
6 5 1 23 9
23 15 1 22 13
7 24 25 7 2
14 9 27 10 27
1 19 11 26 11
15 5 25 20 5
6 18 15 24 5
18 5 10 11 11
4 3 23 19 8
10 24 13 16 26
2 27 25 12 20
9 7 3 5 24
16 26 3 23 22
5 1 27 27 4
26 16 15 16 14
10 24 17 26 17
1 14 24 13 23
19 24 9 21 10
22 4 10 1 1
25 24 7 7 14
10 18 3 16 22
4 13 19 1 2
22 26 27 12 21
21 7 4 19 3
13 26 10 22 4
1 24 6 20 20
5 12 25 6 25
26 2 26 20 14
19 23 18 21 4
16 9 10 1 25
25 8 23 16 21
8 23 14 1 20
14 4 3 7 2
18 22 27 2 24
15 1 11 10 18
3 9 17 26 19
1 18 12 3 22
20 14 21 7 14
14 22 9 19 2
23 11 16 12 12
14 8 27 1 5
26 14 26 13 27
26 5 16 9 18
20 12 27 15 6
11 9 17 17 27
27 25 17 7 22
17 11 24 12 26
23 3 15 16 23
16 20 7 27 25
14 25 14 21 3
18 11 8 8 19
10 26 13 11 1
26 27 24 20 11
25 9 21 23 20
5 4 4 21 3
8 24 15 8 8
4 16 22 5 4
2 27 23 10 3
25 1 8 14 1
2 3 2 14 6
7 12 20 17 5
12 20 18 3 1
5 20 23 8 12
10 10 20 16 27
6 17 19 27 27
26 16 8 11 11
24 1 8 5 20
1 23 17 10 18
27 17 10 1 2
23 15 16 20 9
26 22 14 24 2
17 24 23 1 8
8 21 26 24 9
9 10 13 1 11
6 25 12 18 20
13 24 19 22 10
17 9 14 20 23
21 11 4 24 12
1 19 16 11 27
5 21 5 22 14
8 9 3 6 22
15 6 22 14 11
14 23 16 15 26
13 9 11 12 24
8 7 6 18 4
5 12 2 19 24
18 22 18 10 12
9 17 4 22 9
14 19 15 5 21
13 24 17 21 22
24 17 22 22 1
25 5 11 6 19
26 4 23 9 11
7 19 23 5 23
2 20 14 11 8
15 11 24 16 1
8 1 14 17 14
24 4 2 19 4
15 12 25 14 23
19 14 11 2 9
2 3 21 1 17
14 16 26 15 24
26 4 3 3 24
23 6 8 21 2
1 12 23 21 15
15 2 4 14 10
17 21 4 23 9
13 17 22 4 1
8 20 26 9 27
19 21 5 20 14
27 15 26 18 24
19 2 17 6 4
6 14 22 11 24
13 11 24 17 18
11 7 19 19 8
11 27 19 23 21
26 11 21 22 25
20 25 11 26 26
9 23 5 22 26
6 12 21 26 14
3 20 1 19 27
5 23 10 4 2
9 22 15 24 1
22 11 18 22 21
24 11 5 14 8
21 27 26 15 10
18 26 7 24 24
12 18 12 15 2
14 19 10 7 8
6 15 23 22 18
14 9 3 25 17
15 15 16 23 7
22 4 22 3 27
1 6 14 17 26
13 12 27 2 7
27 14 19 13 15
14 15 11 21 27
6 27 26 16 23
7 6 6 22 11
11 5 5 3 1
23 14 17 2 22
1 16 20 15 3
14 4 25 19 14
20 13 4 9 1
26 8 16 2 12
3 9 5 26 10
21 24 23 2 27
14 1 11 19 15
8 14 21 27 2
3 22 23 12 15
1 4 17 22 18
2 20 21 8 15
2 1 6 15 12
24 17 21 6 14
21 18 24 4 23
6 12 15 11 16
13 24 22 16 14
12 25 16 2 3
6 23 1 26 21
22 10 27 14 20
25 23 17 3 1
9 3 10 18 10
24 9 20 8 5
19 27 5 9 25
1 3 10 7 1
19 18 4 20 9
7 27 20 19 23
6 12 13 6 27
21 1 24 2 8
20 25 6 25 14
25 16 16 8 3
15 11 2 21 2
23 13 27 24 4
4 19 19 2 9
15 5 8 12 2
16 4 4 7 11
6 27 15 5 21
10 6 25 9 14
2 5 11 6 9
18 19 10 3 3
21 14 4 9 20
8 23 9 25 25
7 13 6 8 15
6 3 18 17 27
20 7 18 2 2
22 3 3 4 12
4 13 6 19 27
17 5 12 4 5
6 2 12 13 3
14 15 1 5 6
6 4 25 18 19
10 6 3 16 5
14 24 27 8 11
21 6 11 10 25
24 2 27 15 16
21 22 13 8 23
5 2 8 21 19
6 9 3 26 3
24 1 14 14 25
8 4 4 23 14
21 11 19 15 7
18 5 24 6 13
9 16 1 24 3
1 20 22 7 7
14 18 12 20 3
19 18 6 20 3
19 16 25 13 6
3 6 8 3 16
15 2 20 4 12
12 2 1 27 17
25 24 22 17 8
10 11 26 14 14
19 15 27 25 7
23 26 10 1 19
20 6 20 13 6
16 6 1 12 8
9 25 11 23 5
9 11 11 3 5
10 12 20 15 15
14 18 8 5 22
22 27 21 1 21
26 12 10 11 16
19 26 11 2 6
27 21 7 24 13
21 14 3 16 9
14 8 21 11 26
1 17 27 12 17
13 4 13 26 19
17 15 8 13 4
19 12 6 2 11
18 18 13 4 15
4 1 15 12 8
13 22 8 16 7
2 4 5 1 17
19 19 27 27 20
15 14 18 17 27
17 20 7 25 27
15 19 20 26 2
3 18 4 25 24
15 6 16 9 26
8 27 17 20 21
2 1 10 21 9
16 2 7 1 3
18 3 4 16 17
27 7 13 12 11
12 14 18 15 18
12 6 6 14 15
25 11 6 21 22
12 26 9 27 16
4 6 13 23 10
6 23 21 13 14
20 12 12 8 13
27 16 26 1 19
16 23 6 5 24
21 6 9 13 22
3 8 17 27 13
21 1 4 20 21
20 19 11 14 14
5 27 11 25 1
5 10 11 24 22
25 2 21 15 4
22 3 20 21 23