27
1759
991
1275
3377
2904
431
1565
2890
3447
514
1733
2398
3300
1034
3156
1536
1860
1666
2131
2787
2412
1513
846
480
1812
1480
3112
310
5
20 6 23 3 8
11 2 26 10 27
22 5 21 16 2
25 17 25 27 9
18 2 21 19 2
7 19 16 12 20
24 16 13 3 11
16 13 7 19 17
27 24 25 3 6
24 19 3 5 20
13 10 6 3 2
1 2 22 19 3
15 4 18 16 22
13 24 18 12 21
25 3 5 20 16
1 16 21 23 26
25 2 19 21 21
26 7 8 4 19
1 20 24 18 22
17 3 15 5 12
7 14 25 21 23
19 25 27 2 4
15 16 18 12 16
27 20 13 12 16
18 7 19 23 21
12 3 17 17 5
6 15 6 6 17
13 25 16 8 11
23 1 5 18 16
2 11 12 17 18
2 24 7 21 19
6 5 23 11 7
26 24 22 20 19
1 15 20 12 18
21 14 25 25 3
14 14 11 11 23
20 2 17 16 8
4 1 21 11 17
3 7 18 22 1
21 17 7 7 19
22 16 8 11 16
2 7 15 1 6
17 19 10 15 23
23 12 3 8 1
5 27 17 6 14
3 3 16 9 21
5 14 2 13 12
27 2 23 27 27
22 24 11 24 7
11 25 22 7 26
10 14 11 22 13
21 9 23 16 18
3 2 27 11 26
20 16 6 25 13
20 15 10 25 19
20 2 26 11 15
13 16 5 23 20
2 15 8 9 1
11 20 18 25 12
16 14 23 22 3
18 15 9 5 12
9 3 1 5 8
7 24 8 2 4
26 13 5 9 15
23 26 19 8 26
7 2 5 16 2
11 19 6 9 8
21 24 18 26 2
27 23 18 13 20
25 23 19 23 17
6 25 1 8 13
24 15 4 15 20
21 15 10 19 10
1 24 5 11 2
12 21 5 25 5
11 11 1 7 1
10 8 15 8 2
21 26 14 1 27
1 9 20 19 22
25 20 21 6 23
1 4 24 21 21
27 6 6 3 9
10 25 22 12 7
1 25 13 10 26
9 19 1 25 25
23 15 18 7 19
4 4 14 16 11
19 11 27 1 6
5 25 9 3 27
8 7 18 19 17
6 22 2 8 5
22 16 22 17 10
7 5 19 19 6
25 16 6 24 16
19 17 11 6 7
17 7 7 11 16
4 17 13 11 25
12 8 20 1 25
1 13 27 24 18
20 20 14 16 7
2 2 16 27 6
14 17 12 12 26
4 8 26 25 21
21 1 11 21 3
25 10 14 15 1
6 11 23 8 7
21 10 16 2 25
1 22 22 14 2
2 8 3 14 17
23 4 12 9 1
15 18 24 11 20
18 13 4 9 1
15 2 16 13 23
7 17 1 18 14
15 18 3 13 26
19 16 15 2 24
2 4 19 22 22
16 19 10 24 4
8 7 18 22 5
15 11 10 21 26
11 1 26 12 16
9 17 10 4 19
10 10 1 21 1
10 19 20 16 20
25 16 4 15 25
21 22 4 20 15
10 13 9 15 7
9 18 14 19 10
2 16 26 23 11
21 5 15 4 4
14 24 19 21 7
19 25 2 10 7
23 23 10 22 2
1 23 26 24 5
22 4 19 8 19
23 25 26 15 4
8 12 6 26 20
13 25 18 3 1
20 5 21 25 24
4 2 19 13 20
13 13 10 13 4
20 4 9 15 14
7 1 26 6 1
27 20 23 5 1
24 12 14 10 19
13 23 2 19 18
7 4 13 5 20
9 14 2 25 26
26 1 14 9 9
10 2 21 13 16
27 6 4 3 10
14 21 10 27 19
8 7 26 12 13
21 11 13 12 17
21 25 16 18 23
24 15 9 23 10
16 23 5 27 4
16 2 19 13 27
20 11 10 20 5
18 9 22 12 6
14 24 6 11 5
22 7 15 7 11
13 21 19 9 17
3 4 2 11 24
14 17 10 19 9
27 26 22 9 19
6 6 13 10 12
18 17 23 24 2
23 1 3 25 4
7 4 13 17 27
7 13 26 13 1
15 16 14 2 2
27 8 2 27 14
20 20 25 4 25
19 11 21 16 20
14 17 8 16 18
15 8 10 1 16
26 22 19 3 15
23 4 19 11 19
13 8 17 27 2
19 17 7 17 10
3 19 17 14 21
21 21 26 20 27
21 12 9 13 26
18 19 20 5 7
4 1 2 7 13
21 15 14 15 14
5 11 19 8 12
25 25 16 21 20
10 25 3 10 13
21 1 27 18 11
26 13 11 16 26
7 9 16 16 16
2 23 17 24 22
9 26 18 1 25
8 15 18 15 24
9 16 27 22 5
23 6 17 26 20
5 2 7 18 6
22 15 12 12 5
9 21 5 23 20
24 3 22 16 15
4 4 1 13 27
4 10 14 24 1
7 13 26 23 25
19 12 18 13 3
17 13 1 20 8
27 12 18 16 25
23 19 6 25 12
22 6 18 26 25
12 12 17 19 11
2 8 1 5 10
2 26 5 9 8
4 7 17 10 27
17 19 6 24 7
21 12 11 24 2
27 11 20 24 22
1 25 23 2 27
11 7 10 15 3
20 5 13 16 23
21 6 10 5 20
23 24 3 4 12
10 27 13 7 9
2 24 7 27 13
12 6 10 12 7
16 8 21 6 14
13 25 22 26 16
3 18 20 19 8
18 8 2 12 8
23 14 3 1 26
14 23 21 7 7
6 1 15 1 1
6 14 21 5 3
25 2 13 21 9
17 7 8 23 1
7 2 4 1 14
21 21 27 14 17
11 9 18 2 10
16 27 21 25 14
7 17 9 19 10
20 3 13 13 21
7 26 20 5 19
15 8 27 25 3
8 27 11 11 20
24 6 1 9 10
27 27 7 21 9
17 16 27 8 23
2 27 22 12 27
25 11 8 1 18
13 16 24 12 20
25 16 23 23 5
24 12 16 14 14
24 8 5 9 4
15 21 22 3 11
17 1 21 16 17
24 14 13 9 17
5 25 27 6 11
22 11 4 15 7
23 5 1 23 16
14 15 3 15 11
25 5 6 3 22
7 19 24 13 20
20 9 9 3 11
12 24 15 21 12
20 8 25 11 10
25 19 7 20 7
15 14 25 27 20
2 13 14 11 8
26 22 11 25 18
27 8 4 1 27
25 4 7 2 1
2 27 13 7 2
6 27 21 18 4
26 19 19 7 24
19 25 22 24 20
17 25 8 20 15
10 12 5 6 15
24 15 23 2 12
26 12 10 6 8
24 16 6 22 8
25 14 9 10 2
20 14 25 1 17
14 10 5 7 11
14 23 8 5 10
17 12 15 23 8
2 16 20 26 2
13 27 8 2 15
9 6 2 3 23
17 19 14 13 22
9 27 9 13 17
2 25 5 16 19
13 26 2 15 11
20 21 5 20 7
7 14 2 7 19
16 2 22 25 5
21 3 18 15 7
25 4 1 12 9
8 21 6 3 25
14 8 15 1 22
12 21 17 17 11
11 7 2 16 25
14 8 15 26 5
23 12 20 20 27
26 4 1 6 18
2 25 2 4 27
22 27 26 27 11
23 23 12 16 12
7 17 27 3 13
2 15 20 10 19
11 24 10 3 10