27
792
680
504
462
660
3363
3336
2206
750
3106
1143
1233
2449
1233
1618
2650
1295
644
2034
2086
1930
2031
2929
1802
1634
1444
2038
388
5
25 12 24 23 11
17 24 15 15 27
19 19 24 26 7
1 4 11 22 23
23 18 19 20 9
24 23 18 27 18
1 2 20 12 20
8 24 24 20 1
27 23 17 12 8
6 1 22 24 22
10 19 21 7 9
2 10 20 15 18
1 8 27 3 3
25 24 9 19 8
12 20 8 17 5
19 19 13 7 1
20 22 7 2 19
4 5 8 7 6
26 16 19 8 14
16 1 21 2 10
2 20 27 13 1
17 16 22 27 13
17 10 23 27 19
21 11 18 6 20
19 26 23 20 5
25 26 5 17 12
15 15 8 13 22
3 17 27 1 17
19 21 7 18 27
5 5 17 19 19
7 16 9 26 14
16 12 16 7 12
10 19 4 18 26
21 13 8 12 5
5 16 12 12 8
20 6 10 18 5
7 4 27 6 11
9 6 1 2 3
2 15 6 5 8
11 23 3 7 10
14 14 14 18 16
21 1 23 22 7
10 25 26 21 24
7 11 11 11 6
8 4 12 24 22
18 11 7 3 12
7 4 18 23 20
3 11 24 9 24
10 25 4 7 22
4 20 20 19 10
6 19 14 22 12
13 9 4 18 24
1 21 3 23 27
14 18 22 26 11
10 18 13 10 17
23 16 27 12 23
16 4 14 2 3
23 9 16 24 3
21 12 22 2 7
20 8 13 5 25
11 25 16 2 22
15 23 15 11 3
24 15 3 26 13
13 4 18 4 12
3 26 6 26 4
19 6 20 10 6
18 4 23 4 13
19 12 10 8 19
23 5 25 16 12
7 15 25 10 1
24 6 7 12 14
26 7 25 19 5
13 7 2 8 19
16 15 22 8 14
6 2 12 14 17
13 10 21 11 4
27 15 14 7 6
2 10 21 20 13
23 20 8 3 13
25 22 18 14 17
9 4 3 23 9
27 16 25 22 2
17 21 21 6 23
20 11 10 6 6
17 23 24 2 9
22 2 22 24 21
21 3 7 16 2
4 22 22 25 1
15 7 2 10 20
4 23 18 13 3
18 17 7 26 9
13 26 20 5 1
19 24 23 25 16
13 20 13 2 16
14 3 16 13 19
16 5 12 5 26
15 9 1 3 26
20 19 13 23 27
3 6 1 10 4
2 12 22 23 12
11 24 11 12 19
6 10 14 9 18
20 11 11 20 12
6 24 24 2 4
7 6 6 17 12
26 20 6 12 27
1 22 11 10 19
12 10 27 20 2
16 17 24 17 11
3 7 17 2 14
4 22 26 19 8
10 7 23 13 12
24 4 6 14 1
5 11 22 17 17
3 9 12 15 25
20 19 10 3 1
23 12 26 11 13
5 9 12 9 13
1 18 4 16 19
1 20 14 24 26
12 15 21 2 11
24 22 11 21 27
8 23 10 3 24
9 20 25 12 3
24 24 20 22 18
23 12 20 23 16
1 18 12 14 16
6 2 6 26 25
4 1 20 10 23
21 12 8 7 25
16 4 19 8 4
20 26 20 6 10
18 22 4 25 16
24 13 10 22 6
14 1 24 7 20
13 12 15 16 3
25 12 13 4 5
9 1 5 24 14
21 19 17 5 5
1 11 14 8 16
15 8 19 4 19
14 15 8 24 19
2 24 4 4 2
9 12 25 9 2
27 4 24 5 26
3 9 16 19 17
9 8 8 13 22
8 20 10 8 7
11 23 16 22 21
13 1 5 19 26
1 11 14 22 10
26 6 17 9 6
10 6 7 5 17
21 16 15 1 3
15 7 24 5 13
1 21 24 27 24
4 4 8 19 23
13 16 2 6 17
9 6 20 26 15
19 22 3 24 6
5 5 1 12 4
23 11 20 4 2
3 12 25 27 15
4 16 13 24 24
19 10 22 20 4
10 21 2 26 23
8 11 22 24 1
16 24 23 1 19
9 14 26 12 25
6 13 16 21 25
13 9 22 12 6
1 4 22 6 12
25 23 1 10 4
18 6 21 26 12
6 18 7 15 24
9 22 21 23 15
15 9 12 13 9
8 13 5 13 9
15 4 13 25 10
19 14 20 7 7
5 6 4 13 3
2 9 19 18 25
27 10 27 6 9
12 24 6 4 10
9 17 15 22 1
11 17 23 23 26
12 7 17 24 10
7 16 17 10 17
6 14 15 2 23
1 25 13 7 11
23 5 19 8 1
16 7 17 14 18
23 10 4 8 5
16 11 22 3 27
9 11 25 20 13
19 27 11 3 21
2 12 12 19 24
6 27 3 24 12
12 7 6 5 16
8 27 13 21 7
16 9 23 13 22
4 1 25 20 22
11 9 27 17 23
19 1 17 18 8
4 13 14 5 18
27 20 24 11 21
20 24 4 20 11
27 25 20 26 1
4 11 12 8 20
24 21 19 23 18
5 8 2 26 13
14 24 20 6 7
7 18 16 19 22
17 23 24 14 20
4 25 23 27 10
4 14 1 9 18
16 19 20 25 26
9 4 8 15 22
10 13 19 21 23
1 14 18 10 3
21 3 24 12 2
7 20 23 21 23
11 2 2 2 19
22 27 25 12 19
15 2 19 27 27
27 17 21 3 3
7 26 22 17 3
18 14 18 18 26
4 19 10 26 11
13 4 17 25 17
3 20 12 9 11
10 4 12 10 27
3 2 26 6 24
3 18 9 21 11
5 12 17 27 2
16 7 11 24 1
8 12 3 14 26
25 17 1 1 11
14 10 11 26 23
23 11 2 17 27
15 24 6 22 14
24 15 19 14 24
21 26 12 5 8
16 20 25 12 26
24 17 5 1 19
17 10 11 24 21
23 10 9 4 22
27 5 18 5 1
15 26 7 14 9
10 17 5 7 13
10 25 13 25 16
26 10 3 1 22
22 11 7 8 15
20 26 1 13 21
21 13 13 5 4
24 8 20 9 25
16 21 17 1 21
16 8 16 11 17
19 13 6 12 12
1 22 8 21 17
15 15 4 15 15
8 13 22 13 5
22 27 6 22 20
24 17 8 20 16
22 25 10 25 10
26 26 13 26 1
1 10 4 7 14
13 14 11 15 26
20 12 24 25 5
7 4 24 15 24
12 20 23 16 7
7 12 22 24 25
23 2 17 15 18
21 5 26 20 10
7 9 15 17 21
14 16 20 15 15
16 24 5 14 27
3 11 6 18 1
1 7 4 8 20
26 13 6 21 10
2 9 26 7 15
11 20 22 8 1
16 15 10 13 27
1 24 14 14 26
15 11 25 1 19
24 9 27 6 27
8 11 11 24 12
19 25 11 21 6
10 6 27 1 22
3 15 15 2 25
7 22 17 22 1
21 1 7 12 26
7 15 20 5 21
14 13 14 13 5
11 1 19 15 22
7 26 27 27 24
27 19 13 13 13
12 25 13 20 8
25 14 3 6 15
14 23 23 20 14
10 12 17 14 13
11 25 23 3 18
14 20 16 25 19
24 20 2 6 1
23 21 24 14 27
10 11 13 3 2
5 6 6 12 9
13 2 2 25 8
25 26 10 21 24
9 12 1 14 25
24 6 15 11 22
16 3 7 12 23
17 8 4 17 19
9 4 26 24 7
22 2 15 6 3
3 26 4 14 24
5 24 17 8 7
24 27 15 10 9
9 16 11 11 17
3 24 16 27 9
22 1 5 1 6
9 10 26 3 10
18 7 3 12 25
2 19 6 12 22
24 8 16 4 20
24 24 1 9 14
24 10 12 17 12
12 19 12 16 7
5 22 22 5 15
16 8 20 3 26
26 16 11 26 2
8 5 27 20 9
19 4 13 14 21
12 21 1 13 23
1 16 27 15 4
3 23 5 6 6
18 25 27 16 6
3 4 4 14 1
18 4 22 2 23
12 7 3 22 16
25 15 24 6 13
12 27 16 10 14
18 27 6 14 18
15 16 13 16 1
23 12 2 1 13
4 1 13 14 2
3 21 16 20 16
25 17 24 12 7
23 12 1 16 14
5 10 10 18 8
22 19 5 18 1
17 10 7 7 13
6 19 1 13 14
24 2 9 27 12
20 23 21 12 21
15 7 11 24 22
2 9 20 14 17
7 16 22 8 1
1 20 18 3 26
17 8 7 18 2
16 14 7 12 15
3 3 1 27 4
25 26 25 17 22
8 25 7 18 1
7 12 23 4 24
27 25 25 11 2
25 9 13 4 22
4 21 24 16 3
9 10 8 11 20
10 17 21 7 24
19 10 7 17 2
18 9 16 3 23
9 19 5 24 20
25 12 3 22 4
16 26 22 10 25
27 27 20 10 8
4 16 1 8 9
17 18 5 7 9
25 12 7 7 2
16 18 23 21 15
3 11 22 26 25
6 1 9 16 8
16 15 9 21 17
6 4 9 14 7
7 12 26 3 16
21 4 12 14 5
25 4 17 11 23
22 10 17 27 3