27
1373
3384
2146
1526
1900
2999
1065
2690
2603
1077
3140
2111
631
1239
754
966
552
526
1382
3407
892
2763
1060
2400
1596
2086
604
346
5
11 4 6 24 11
11 13 21 14 9
8 13 27 22 23
18 26 10 12 26
17 5 3 1 21
6 13 27 27 3
19 20 22 1 8
24 12 9 4 13
6 1 2 5 3
22 12 10 18 11
15 4 12 11 2
1 14 10 3 4
2 25 27 18 15
15 22 27 5 17
25 14 25 18 7
6 23 3 5 27
14 18 2 9 24
21 3 10 24 18
14 18 25 16 18
21 3 17 9 20
12 15 21 18 23
15 13 4 18 2
27 26 18 18 22
24 9 24 3 6
23 18 14 19 24
3 15 23 5 20
1 6 7 4 26
22 5 21 12 6
8 5 9 20 10
6 27 20 18 25
16 24 5 17 12
8 17 23 13 2
11 27 7 13 15
2 22 27 8 25
12 16 26 23 5
26 12 17 20 26
16 22 25 14 6
23 15 27 7 27
23 4 11 7 20
18 23 13 5 15
25 27 16 27 23
17 7 20 17 26
27 4 5 7 12
11 6 14 8 2
9 14 22 6 27
18 26 7 12 11
20 23 4 4 27
13 16 19 5 5
13 10 17 22 15
10 16 22 24 26
18 9 11 26 5
22 6 1 12 23
26 12 3 24 15
19 4 2 7 22
21 17 6 12 25
25 21 27 10 5
10 14 27 26 11
16 1 22 27 7
2 11 22 13 22
6 21 24 2 20
13 5 10 18 20
6 2 13 27 12
25 7 8 23 6
8 6 22 23 22
13 13 17 11 9
22 19 18 15 11
18 9 20 19 5
20 12 11 7 13
15 24 21 11 15
26 11 20 23 25
20 22 4 6 15
3 20 5 7 12
12 6 12 5 9
5 10 23 17 21
18 8 8 24 10
27 7 26 25 2
6 8 25 5 17
23 7 22 27 25
21 8 23 4 21
5 23 8 8 23
7 1 6 22 22
5 27 9 23 26
22 1 1 8 11
2 4 15 23 19
18 14 12 17 16
10 12 3 9 22
23 15 1 6 2
24 12 8 3 15
26 16 1 26 20
21 3 17 16 24
24 27 11 17 14
19 19 24 10 13
22 7 12 9 13
7 8 27 15 6
8 10 12 2 14
10 3 11 20 27
9 1 9 13 11
23 9 4 7 13
7 21 15 17 2
16 1 9 4 7
3 26 27 4 1
5 3 27 13 25
20 27 3 22 18
11 25 1 15 1
25 11 6 10 23
2 4 16 18 9
8 13 27 11 21
17 23 18 4 9
14 1 14 22 9
14 21 15 16 6
17 3 27 24 22
2 17 27 11 11
18 9 22 20 8
17 23 27 6 13
27 6 2 9 23
24 4 25 18 23
23 7 22 11 22
27 26 4 5 6
20 8 21 20 6
25 24 7 10 4
16 9 11 12 19
2 11 11 8 4
21 16 23 3 25
10 13 13 20 12
12 17 14 17 22
12 5 5 19 2
15 8 24 13 14
24 2 2 9 25
21 27 5 2 6
17 8 7 22 19
20 9 3 20 21
22 20 20 18 20
17 16 21 15 27
16 17 19 4 10
23 20 20 9 20
19 14 5 8 24
25 25 22 25 24
13 2 16 21 13
26 24 1 9 15
1 9 4 13 4
19 9 21 4 11
27 19 26 4 5
9 13 10 23 2
27 22 4 5 25
11 14 27 25 20
19 16 8 20 25
12 17 13 13 20
26 5 21 27 5
16 2 1 3 11
12 17 7 12 26
5 3 15 1 10
4 26 22 8 23
27 7 14 18 14
17 14 9 13 26
13 18 27 2 16
3 22 17 24 2
2 12 25 26 21
18 22 8 2 8
13 17 12 9 7
4 14 15 16 19
4 7 18 11 20
15 13 15 11 7
4 21 15 5 10
3 4 4 18 22
13 12 11 13 19
14 22 1 12 7
7 13 11 19 21
26 23 3 4 7
21 24 11 16 21
10 15 16 18 3
1 27 15 11 22
7 9 11 6 9
20 5 7 8 1
16 2 2 4 15
6 22 17 14 12
16 3 19 23 17
7 26 21 11 8
15 5 1 19 18
26 9 26 13 7
10 24 22 10 4
16 13 23 12 4
11 24 5 11 1
1 4 27 25 11
26 22 25 14 6
23 5 7 25 24
26 13 24 25 1
8 17 3 1 7
26 21 26 1 11
14 4 11 20 14
2 4 25 21 16
23 12 9 14 1
5 12 6 19 20
2 4 4 19 23
3 17 25 27 24
12 3 10 1 6
10 13 1 26 10
1 7 8 15 27
5 21 12 16 12
14 21 15 24 19
9 18 3 17 19
26 19 4 25 4
25 21 13 11 1
10 7 13 7 1
13 23 9 25 2
9 19 27 4 19
17 17 27 7 11
15 15 12 13 14
12 26 15 13 10
22 1 22 5 17
24 16 20 26 18
20 16 5 27 9
13 23 26 1 26
12 18 15 23 11
2 3 5 4 20
21 2 12 26 19
9 24 1 24 17
23 4 17 5 20
12 27 10 21 25
10 10 24 9 3
22 5 9 17 16
4 2 19 27 20
27 25 9 12 23
12 21 25 16 20
4 5 27 7 26
20 14 4 17 15
25 12 23 20 27
15 24 2 7 2
10 11 27 18 2
18 26 22 7 8
9 11 12 21 22
10 8 1 20 10
6 1 6 4 7
8 11 14 1 12
15 19 12 17 4
22 16 5 27 25
13 13 9 21 1
3 4 19 2 3
23 17 17 22 8
15 20 3 6 27
6 9 3 18 5
8 19 16 17 9
7 27 24 20 6
15 8 4 17 20
8 12 16 26 20
16 15 10 1 15
2 25 7 3 3
4 20 19 7 18
20 22 15 13 23
1 19 20 9 17
5 8 21 5 7
18 23 20 4 19
15 2 26 20 8
9 6 24 13 27
18 19 6 7 27
15 5 12 15 24
24 1 9 9 14
6 25 21 11 6
23 1 2 19 17
19 7 14 26 4
5 19 23 22 18
12 25 11 24 14
26 23 22 8 5
1 19 23 13 24
9 15 14 6 22
8 12 26 22 18
13 12 3 24 14
6 4 23 2 5
16 27 6 7 27
14 21 22 19 22
27 13 12 3 10
1 4 4 3 17
16 25 11 7 16
2 4 27 21 15
27 8 9 9 10
15 6 25 23 6
14 15 15 1 23
9 6 19 18 14
7 20 16 24 18
7 26 10 14 6
25 9 14 22 26
17 4 19 18 13
15 21 11 24 4
10 10 4 3 2
9 26 24 27 21
26 16 25 23 10
9 7 4 14 24
15 8 3 17 23
19 5 5 5 9
5 23 6 17 11
27 5 4 9 22
7 3 20 20 12
3 9 23 5 26
20 13 18 12 5
24 21 26 26 8
7 8 24 7 16
19 25 7 15 25
7 15 23 14 24
5 24 16 4 2
13 11 13 5 19
7 11 11 15 26
27 25 1 11 24
22 15 24 18 11
3 7 14 23 1
10 11 1 1 6
27 27 24 27 4
18 10 23 26 22
16 8 14 19 1
20 10 20 17 7
1 21 19 11 7
18 9 15 14 3
6 23 17 18 24
12 21 26 2 23
9 23 7 14 22
18 5 5 9 18
6 25 8 21 20
3 14 10 12 16
3 13 27 7 1
22 25 13 7 21
20 20 19 8 26
18 15 12 3 27
4 9 4 27 9
2 16 4 10 22
4 12 26 9 17
15 1 27 11 14
4 19 17 3 19
10 16 1 22 17
15 12 19 1 11
19 7 20 6 23
16 17 17 10 27
12 20 24 9 18
14 18 4 12 11
23 10 8 12 17
22 4 9 10 24
13 18 27 20 12
6 10 27 18 20
18 20 13 7 7
13 22 7 10 1
10 22 11 12 10
12 25 10 18 7
25 5 23 18 2
7 13 3 12 10
15 22 24 16 15
10 12 16 10 19
12 23 6 23 12
3 17 18 11 10
20 14 14 4 16