27
1294
2925
3459
1804
608
2775
3445
2806
640
1142
581
999
602
3461
1642
671
2424
2656
1639
1345
1584
2517
2632
940
662
1389
1675
304
5
25 2 14 12 7
19 24 14 24 6
3 20 13 21 8
22 21 6 22 6
6 25 5 25 11
3 24 2 6 12
19 1 26 21 8
7 4 16 4 12
24 1 8 3 17
7 18 27 22 4
1 16 17 24 15
12 13 9 10 5
11 18 14 27 11
3 20 11 15 22
2 17 16 9 12
6 15 20 3 13
19 18 10 24 6
25 12 9 12 26
21 12 4 16 10
22 25 11 20 22
12 19 25 1 21
13 16 20 25 12
11 7 8 27 27
25 16 5 1 14
16 5 27 17 14
12 27 26 22 1
10 21 6 16 5
4 10 13 19 8
18 24 23 24 10
17 14 13 7 16
2 21 10 9 11
19 20 22 16 16
26 8 16 21 16
2 10 15 6 18
12 15 23 18 24
10 2 10 1 7
23 27 7 27 12
3 17 13 3 15
16 8 1 1 23
24 1 7 10 21
17 1 2 5 17
13 8 3 2 10
19 6 18 19 27
1 5 4 3 15
14 20 20 8 8
4 9 23 8 6
27 21 8 2 2
8 22 15 20 14
3 9 23 18 10
12 2 15 12 26
5 18 7 17 15
22 8 24 14 11
4 22 23 12 19
21 20 6 23 8
6 12 17 18 2
15 12 24 14 16
14 18 3 12 6
18 3 27 11 19
12 3 1 18 24
5 9 13 1 9
8 4 21 4 10
2 5 17 25 27
25 15 4 25 2
11 21 10 3 1
7 5 8 9 20
14 20 18 24 8
10 1 12 24 16
4 8 21 19 4
25 13 13 19 15
22 6 21 17 4
23 6 1 19 17
17 25 7 27 18
15 9 8 20 7
16 7 15 1 21
11 5 11 1 27
1 18 22 2 16
24 3 12 18 16
22 24 8 3 5
3 3 9 24 20
24 12 21 20 23
9 20 15 26 19
21 5 20 4 21
23 25 26 13 25
8 12 26 8 14
23 18 26 24 4
12 23 21 7 12
4 3 7 23 16
3 9 26 17 4
6 27 16 10 7
9 9 24 23 1
24 18 11 11 14
3 13 10 8 6
16 25 1 4 24
2 14 27 26 3
7 3 16 13 23
10 6 26 12 23
9 4 9 9 15
3 21 11 10 13
24 2 9 13 5
14 19 20 18 19
12 9 12 12 6
27 27 17 6 17
4 5 23 19 1
9 26 24 8 5
3 27 21 2 11
8 3 13 25 2
26 25 2 20 20
16 18 21 9 13
8 4 19 14 2
11 23 5 3 4
26 15 17 14 5
3 23 21 10 18
5 14 2 14 11
3 17 14 13 6
8 12 3 11 21
6 24 7 14 10
20 5 3 21 3
4 27 26 6 22
12 19 5 9 8
22 19 11 9 4
21 27 12 4 16
20 26 17 12 16
12 3 20 1 21
2 23 24 10 17
4 12 22 10 18
3 3 24 20 1
25 11 25 24 14
17 10 21 13 16
15 18 22 17 12
7 25 8 13 15
11 10 11 20 23
6 9 4 19 18
2 20 2 16 24
13 13 7 21 7
17 3 21 22 6
8 3 9 1 27
18 26 20 7 10
7 2 18 2 26
21 24 24 23 24
4 14 7 7 21
5 12 3 6 11
19 9 9 15 16
16 8 27 2 20
8 11 21 1 20
9 23 19 24 26
25 25 22 26 5
16 1 6 22 4
10 16 22 7 10
1 21 3 16 13
13 20 5 17 16
4 7 8 25 13
12 13 24 12 19
16 15 1 14 8
11 7 18 18 9
4 10 4 15 21
26 2 14 9 3
7 14 21 1 2
7 23 26 4 6
8 16 3 26 3
26 19 13 27 26
5 7 18 3 22
5 22 5 18 13
19 8 5 15 27
25 25 12 5 26
7 25 8 8 10
2 4 11 14 25
25 9 27 17 4
14 25 16 1 3
20 2 16 17 10
2 23 16 27 2
6 15 20 14 1
16 5 4 27 24
12 12 3 21 27
17 2 13 25 3
25 2 22 9 15
20 9 2 19 19
26 17 24 18 11
12 23 1 9 22
13 1 21 22 21
22 8 19 16 1
19 5 27 3 25
19 6 1 11 20
27 23 23 3 17
10 14 9 10 5
26 20 11 11 16
10 8 12 14 27
5 25 2 9 10
16 13 11 26 22
23 6 8 5 26
9 2 7 6 4
5 15 24 5 14
22 14 12 11 19
20 27 20 4 17
20 13 5 2 7
12 20 5 6 14
3 7 27 7 12
17 24 22 8 7
6 15 27 4 15
27 18 18 18 3
24 19 4 20 1
12 3 1 11 3
2 18 22 19 16
17 19 19 4 14
20 4 10 6 15
11 26 4 10 8
15 19 22 2 12
6 12 10 11 25
11 21 2 15 24
4 7 6 19 7
16 14 8 22 21
4 7 8 25 13
22 4 20 9 4
11 25 14 4 7
21 15 19 18 16
25 26 5 12 6
26 12 27 13 24
24 6 5 2 23
2 8 7 21 13
23 20 2 22 13
8 14 21 16 27
9 10 11 6 17
14 23 25 19 19
8 16 13 9 25
8 1 2 9 18
24 9 11 8 16
14 1 18 14 2
1 1 15 14 22
5 27 4 1 18
15 3 7 13 10
16 5 27 21 5
12 5 10 26 21
23 12 6 14 20
1 19 1 23 13
21 8 22 23 11
11 6 11 15 24
14 20 25 8 22
8 14 21 4 24
22 21 12 11 10
16 21 20 18 1
13 16 15 26 20
4 11 11 26 23
3 9 23 23 20
11 20 25 5 1
7 21 27 24 22
10 22 22 13 9
1 1 24 7 16
12 17 3 10 25
4 7 27 1 2
9 3 14 6 25
5 4 4 11 21
15 7 1 1 24
22 2 14 8 20
2 25 27 22 9
1 2 4 18 21
12 21 25 16 25
26 20 20 27 6
21 2 7 20 16
12 17 2 21 26
25 19 18 6 10
10 22 26 25 17
4 25 12 10 18
20 15 25 11 26
4 15 18 6 20
7 15 14 20 17
17 5 5 23 23
25 13 8 1 1
27 11 4 27 8
5 25 6 9 25
3 15 9 18 12
2 26 10 14 15
20 17 2 20 27
8 20 27 25 5
6 27 23 2 11
12 3 24 13 6
8 10 22 23 17
20 27 14 13 14
13 14 18 3 26
12 20 5 5 4
27 25 25 9 15
11 6 9 18 27
3 14 4 25 13
20 12 2 3 9
13 23 9 15 4
13 4 11 8 26
14 3 26 21 6
2 1 4 24 23
25 9 9 27 14
11 1 26 8 25
13 24 18 13 1
22 11 6 22 11
11 8 13 19 1
9 7 20 24 10
4 26 6 6 16
16 19 21 11 3
19 5 23 19 18
6 19 7 15 14
7 17 1 18 4
2 7 18 25 26
26 19 7 12 22
27 24 11 16 2
10 16 16 6 7
23 7 6 16 18
13 7 12 10 16
6 26 8 19 11