27
1759
991
1275
3377
2904
431
1565
2890
3447
514
1733
2398
3300
1034
3156
1536
1860
1666
2131
2787
2412
1513
846
480
1812
1480
3112
310
4
13 20 21 11
17 16 14 12
18 1 19 5
21 21 10 7
8 23 13 27
14 9 6 21
9 10 16 4
16 24 15 19
25 2 20 11
10 9 14 25
19 13 23 1
24 9 2 27
12 21 8 23
4 17 16 17
26 11 22 12
11 20 19 27
24 1 23 26
17 5 20 17
13 2 17 5
14 2 5 11
4 22 24 17
15 10 16 6
26 18 15 2
5 7 17 8
21 10 25 4
18 5 17 6
22 17 23 7
17 27 9 26
17 13 2 23
15 5 11 4
8 15 15 17
12 6 6 15
12 1 12 5
20 11 21 2
11 13 2 26
27 9 25 23
15 26 3 6
22 18 23 15
16 24 1 3
26 5 1 12
20 14 9 23
21 8 11 1
5 27 6 6
2 22 12 10
24 17 18 10
22 26 26 8
11 1 8 2
22 13 18 24
12 24 17 11
15 1 8 25
1 15 7 14
26 19 3 6
2 14 4 6
1 1 9 13
2 13 3 19
4 11 27 5
17 19 2 25
1 6 23 21
24 21 10 13
15 12 7 12
22 18 7 4
17 10 2 2
25 6 1 12
13 13 4 26
27 23 4 2
12 8 19 18
2 15 21 1
15 14 17 10
17 26 17 2
25 11 19 11
6 22 22 27
25 11 1 9
20 5 13 7
11 24 4 25
16 3 22 22
15 25 5 14
25 16 4 4
18 26 15 2
22 6 25 22
16 16 1 19
15 11 21 1
9 18 18 16
17 23 18 26
17 2 12 2
11 15 2 25
15 26 4 5
26 12 6 5
24 1 2 8
23 20 12 2
4 19 25 22
20 11 19 7
14 19 14 11
4 18 21 27
13 4 23 14
13 10 4 19
24 7 15 14
12 3 9 1
23 3 6 9
10 10 4 6
14 1 9 20
1 17 8 18
13 18 11 16
11 22 16 20
23 15 8 2
23 6 9 8
1 17 23 27
10 12 3 1
14 21 4 5
27 20 7 2
18 1 5 21
10 1 11 11
22 6 7 15
3 9 6 6
24 19 27 1
12 20 20 7
2 17 17 1
26 20 3 23
10 3 16 12
8 18 26 21
7 12 14 5
12 3 25 5
17 18 9 21
15 12 12 16
19 23 22 2
4 20 10 19
24 18 25 2
5 23 11 16
8 13 16 23
18 19 9 10
8 5 6 4
19 17 26 6
22 6 12 4
24 27 22 21
1 8 23 15
20 14 6 23
11 14 26 5
19 26 13 21
21 15 13 1
14 15 10 19
23 4 4 21
19 26 17 17
10 3 4 15
17 18 15 10
7 15 22 20
12 14 18 11
11 21 14 17
11 18 23 7
21 23 22 13
5 1 5 9
7 22 27 4
5 10 2 3
26 27 6 6
9 11 12 26
17 15 25 3
6 13 4 1
24 18 26 1
4 22 25 9
6 11 21 24
2 1 21 11
18 3 27 27
18 12 16 8
4 22 26 9
13 25 13 20
15 6 21 20
12 15 25 25
24 26 25 21
26 21 5 10
18 26 25 27
4 15 18 15
18 5 20 7
5 17 20 1
24 22 25 6
3 23 16 7
7 5 16 8
1 24 3 23
13 15 16 15
4 4 10 6
13 1 9 27
2 11 12 24
21 12 18 1
17 2 14 23
3 14 15 18
6 4 9 7
16 10 21 23
25 8 20 24
23 20 24 19
6 26 4 18
23 16 27 13
22 21 18 1
1 19 18 7
1 11 16 26
1 15 14 4
5 25 13 19
10 27 13 4
17 2 27 8
26 3 3 5
6 20 22 14
15 1 4 13
4 1 6 5
5 23 17 21
22 9 6 11
18 14 27 17
17 18 23 17
4 6 9 20
13 17 9 27
20 18 23 19
21 7 22 20
20 21 16 20
15 18 20 4
7 18 18 27
15 5 21 17
24 3 20 14
27 19 9 3
7 17 17 3
15 21 24 5
13 20 8 17
2 24 9 14
18 3 14 2
11 27 3 19
20 17 8 17
24 26 8 15
4 17 11 9
13 24 15 3
7 26 19 24
17 5 13 2
16 3 16 20
13 13 9 3
7 21 12 23
8 27 8 7
8 19 21 16
21 25 18 2
6 18 12 25
3 12 20 3
5 16 2 1
15 19 22 2
24 18 17 19
8 15 2 25
11 27 23 15
9 16 7 24
26 1 21 12
1 9 8 12
22 2 24 14
27 24 2 23
4 23 2 8
11 10 7 25
26 16 6 9
10 27 15 11
8 16 26 2
11 20 20 11
13 15 5 19
1 24 13 25
7 13 24 1
23 15 25 26
13 19 17 3
4 25 12 20
25 10 12 2
26 8 21 11
1 15 13 14
19 25 21 12
2 6 27 7
19 20 7 26
27 1 26 26
18 26 7 4
4 25 5 17
16 20 21 25
10 23 27 6
10 6 10 27
21 18 7 20
6 2 5 4
8 23 20 1
27 23 3 4
19 6 15 19
18 20 23 24
26 24 14 25
25 16 21 13
9 9 5 2
12 20 24 27
8 5 6 2
1 20 14 15
8 7 17 4
17 14 4 20
27 15 20 24
10 18 18 19
14 17 10 20
19 9 11 15
22 5 12 15
12 10 24 27
5 22 18 9
1 11 9 17
24 25 27 13
8 13 20 19
18 6 17 14
18 22 25 22
19 2 8 25
19 23 12 24
6 24 6 15
27 11 24 19
21 9 24 4
11 11 26 8
20 25 12 10
22 12 27 20
12 16 23 12
18 5 4 6
15 27 8 14
18 15 5 12
9 21 20 24
21 8 25 10
4 18 10 3
23 26 9 11
16 22 8 23