27
792
680
504
462
660
3363
3336
2206
750
3106
1143
1233
2449
1233
1618
2650
1295
644
2034
2086
1930
2031
2929
1802
1634
1444
2038
388
4
27 19 2 12
15 17 13 6
25 24 13 6
11 16 25 27
23 19 15 15
12 15 8 21
17 15 24 5
25 3 19 25
14 16 16 2
22 25 9 9
6 4 5 14
26 4 2 14
9 11 14 17
5 4 27 6
21 19 25 15
20 25 3 10
8 2 3 25
15 1 5 6
27 27 3 12
20 7 1 12
2 21 23 11
10 18 20 24
1 3 22 27
24 5 9 2
11 4 16 8
3 13 17 19
5 7 6 4
17 2 13 13
15 11 8 22
12 4 4 6
3 17 15 26
26 4 12 20
18 19 8 22
13 23 25 22
6 25 2 14
19 20 27 27
12 26 4 14
24 11 1 20
22 18 2 11
7 14 7 17
14 4 1 13
10 3 14 2
26 12 17 18
16 4 25 14
18 23 17 1
5 27 20 4
26 5 23 20
14 12 14 22
10 23 27 6
17 2 21 16
18 9 4 27
6 17 3 8
25 17 26 11
7 12 3 20
24 4 25 4
10 8 6 4
8 19 20 3
20 23 24 16
9 14 9 4
23 24 9 9
4 26 14 24
11 22 20 16
4 15 8 23
14 13 17 25
2 2 17 7
25 20 19 7
8 20 3 19
25 22 7 11
14 24 3 10
20 25 13 2
8 18 20 20
4 1 1 6
18 1 15 22
6 6 26 22
8 25 9 24
11 26 11 11
5 22 25 5
20 3 9 21
19 10 15 3
19 5 17 2
23 26 21 12
17 2 14 6
21 10 11 12
12 6 13 18
25 18 12 3
22 27 6 7
26 3 26 16
20 16 8 19
23 23 2 1
14 24 15 26
7 16 24 9
1 24 8 10
3 27 12 25
25 16 27 16
11 3 21 27
24 25 2 18
18 5 21 11
21 2 19 10
21 15 21 17
17 22 24 21
22 26 6 18
16 13 15 10
26 10 4 13
19 24 17 7
16 27 15 27
21 18 23 14
27 26 23 19
10 21 22 11
1 7 3 15
2 2 9 7
6 10 3 26
15 11 23 15
7 26 5 4
21 7 21 1
10 19 20 15
1 7 11 20
18 23 14 2
15 26 3 3
11 13 13 8
4 9 26 1
9 16 9 17
9 13 9 10
12 21 26 16
17 15 17 18
14 19 26 1
16 16 9 21
19 2 15 19
1 19 24 1
13 17 23 22
1 21 9 10
27 24 5 21
18 24 5 15
25 10 22 4
1 14 20 7
26 15 1 5
16 12 2 16
8 1 9 26
19 9 21 21
2 13 6 8
21 9 9 10
14 27 16 19
8 24 4 10
26 3 25 18
27 19 22 16
9 17 25 18
3 11 10 21
2 22 2 20
18 10 8 7
5 2 6 17
26 3 7 16
15 3 8 5
10 20 1 7
18 19 6 19
3 15 21 20
19 16 7 4
4 14 23 11
27 8 22 17
7 18 9 15
23 5 5 12
5 9 19 20
18 13 6 8
22 12 16 4
7 7 14 18
3 4 8 9
27 22 8 13
5 16 6 6
19 1 17 23
23 8 3 19
25 15 23 15
21 20 25 18
27 22 3 7
20 7 2 21
20 1 20 22
23 16 14 24
4 19 8 24
23 12 22 1
11 24 3 12
3 14 27 14
6 14 4 4
18 9 15 22
20 18 24 16
20 20 22 15
17 24 19 11
21 12 26 27
23 5 10 12
24 2 21 23
18 4 26 22
20 4 26 24
13 19 20 18
22 8 21 1
27 26 7 14
11 12 26 9
23 9 17 25
4 16 14 26
4 1 21 18
4 9 15 13
6 13 2 21
9 16 19 17
22 20 9 23
9 19 14 13
24 14 27 20
6 27 6 4
24 21 25 8
20 24 7 14
5 12 4 3
5 24 13 26
6 24 18 13
10 1 8 16
18 8 4 19
16 1 20 18
23 9 9 11
11 20 7 9
7 22 6 13
26 2 2 4
2 14 25 1
9 19 16 1
7 14 7 15
27 13 25 17
10 21 8 27
4 4 18 6
23 26 4 19
1 22 13 5
3 22 1 22
23 18 12 13
18 2 27 27
21 23 24 24
5 21 3 10
20 24 27 6
3 18 7 22
5 1 22 11
4 27 22 19
19 22 27 24
17 13 24 16
9 6 7 21
26 19 18 11
6 25 1 9
25 23 25 16
16 18 20 15
21 9 3 20
3 21 11 12
1 7 9 9
25 8 24 14
20 25 24 23
10 2 9 1
1 12 24 16
10 20 11 27
16 21 8 5
22 16 5 9
15 19 11 8
21 18 14 4
4 8 2 5
6 7 4 27
27 9 2 14
11 26 17 6
20 11 23 11
22 20 7 16
3 13 5 22
22 22 11 1
8 24 15 5
14 8 23 13
6 17 8 19
25 23 4 6
23 3 23 8
10 10 18 4
13 9 20 20
12 22 25 16
10 16 19 20
19 2 3 12
21 10 7 11
27 21 12 1
2 4 17 7
20 23 18 20
8 5 9 8
22 26 21 10
14 11 21 25
20 2 9 21
21 12 21 8
19 1 18 22
20 11 5 3
6 6 25 4
19 10 2 2
21 4 10 2
6 5 8 1
2 5 9 16
13 19 13 8
8 3 3 3
24 18 25 20
9 24 3 26
14 16 19 20
14 5 14 25
25 26 5 8
2 27 13 16
17 21 5 19
17 2 9 5
7 25 27 18
26 13 18 19
1 1 16 9
10 20 9 18
25 27 25 21
14 19 17 16
27 12 2 23
6 17 16 21
24 14 16 9
27 13 16 8
18 19 25 16
21 3 3 27
1 3 23 24
7 24 5 7
13 4 6 9
19 20 23 15
19 17 24 6
25 9 16 17
15 22 4 20
4 24 7 16
13 6 1 26
6 7 9 6
20 13 4 12
22 4 10 14
18 3 17 2
23 20 11 24
14 21 7 8
26 18 7 23
16 21 4 8
20 18 26 15
12 27 24 16
2 13 2 20
26 7 2 21
25 26 10 5
6 17 14 25
22 4 2 11
12 16 26 13
4 13 13 25
7 15 19 22
26 4 8 8
16 17 26 20
7 8 23 3
19 22 11 6
3 8 24 15
26 22 25 7
24 4 1 24
16 5 1 6
16 27 21 13
20 23 3 8
15 27 23 7
14 10 21 14
14 13 22 15
5 21 18 12
7 12 17 15
26 19 12 19
19 2 22 4
12 14 17 12
17 24 2 14
25 7 23 16
9 9 19 5
4 19 23 2
2 12 15 21
10 26 19 12
16 19 1 5
27 22 2 25
25 2 19 6
1 25 14 25
25 24 16 27
17 1 11 19
7 27 5 14
22 16 7 19
7 24 9 27
19 12 11 1
22 7 12 8
24 7 6 26
19 6 5 18
9 21 12 5
23 26 10 20
22 2 2 26
2 22 18 25
12 26 18 19
17 2 27 20
19 2 11 7
8 21 20 6
27 15 14 19
21 12 23 18
19 17 15 9
23 8 15 13
14 2 6 18
25 10 11 27
25 16 5 1
23 14 14 18
14 25 19 6
17 15 10 7