27
1373
3384
2146
1526
1900
2999
1065
2690
2603
1077
3140
2111
631
1239
754
966
552
526
1382
3407
892
2763
1060
2400
1596
2086
604
346
4
3 7 8 2
18 3 22 1
14 26 8 7
18 2 16 4
24 13 10 21
23 14 6 6
9 2 20 24
11 5 14 5
7 23 2 18
20 3 15 7
14 5 13 8
19 14 14 4
2 26 9 15
4 12 17 15
26 27 20 2
10 13 7 26
11 5 4 17
21 16 22 9
14 14 2 1
10 13 8 22
19 5 8 11
3 12 13 20
23 26 27 21
26 20 8 3
13 5 25 9
1 20 6 15
5 16 8 16
2 14 21 7
14 20 19 20
25 22 15 25
17 1 13 10
16 9 10 7
2 4 1 16
6 16 19 18
23 12 21 13
20 10 23 18
24 8 9 19
5 3 14 25
15 16 25 7
5 27 19 14
16 3 11 11
17 23 14 5
26 19 23 3
3 25 14 7
14 20 23 22
15 14 11 18
9 21 10 10
6 27 23 4
22 10 26 10
5 12 5 27
25 27 20 15
8 16 24 11
1 16 1 13
25 27 22 12
10 3 21 17
16 25 1 18
13 15 7 9
4 27 12 26
26 16 23 18
8 20 18 2
16 24 15 14
18 20 17 27
24 22 8 1
19 2 27 15
16 12 3 8
24 17 19 3
1 6 8 19
12 1 18 11
24 21 17 11
17 25 18 25
25 3 3 16
17 27 23 12
14 20 6 8
13 10 1 22
14 27 8 2
19 1 16 1
15 5 25 10
7 26 17 25
3 6 5 23
8 14 2 13
5 1 27 18
27 8 12 13
1 4 23 7
7 15 5 19
22 10 3 22
25 17 26 15
13 10 21 17
20 2 12 15
22 27 26 5
25 24 18 26
14 7 13 23
20 16 14 18
27 12 5 20
17 25 6 27
9 8 10 14
18 18 15 15
10 14 22 16
19 20 4 17
27 25 3 21
4 22 8 18
13 2 23 11
9 18 1 4
15 18 6 10
2 8 13 23
12 18 25 20
20 23 9 27
17 11 24 21
27 12 15 18
21 18 25 9
22 6 7 14
13 2 23 2
4 9 10 14
8 8 12 3
3 15 13 14
20 20 11 7
22 11 20 10
26 22 3 18
12 4 18 11
26 6 26 13
6 12 4 16
2 16 8 19
8 14 8 20
8 9 19 10
19 26 9 8
20 1 17 18
9 7 14 18
2 23 27 13
9 11 3 27
7 23 4 25
15 22 18 13
3 27 20 17
21 1 1 24
8 25 4 18
2 26 18 11
19 2 8 22
20 7 13 25
24 1 2 1
13 18 8 26
20 9 8 27
9 26 3 11
21 16 16 23
12 25 26 25
16 14 17 17
10 17 3 23
18 3 2 14
17 22 10 16
24 26 25 26
4 19 15 3
13 18 11 10
4 18 2 16
17 15 2 6
26 7 20 3
1 23 26 5
27 6 9 1
17 8 23 7
5 3 11 18
10 18 10 7
12 21 10 23
4 13 5 21
21 21 9 18
23 15 25 10
17 22 6 6
16 19 16 17
23 19 11 11
13 5 23 23
16 22 24 9
25 24 13 15
3 26 14 24
2 9 10 16
10 24 10 13
15 7 15 10
24 7 18 6
21 15 27 21
10 14 2 27
7 27 11 21
9 19 27 22
19 22 12 3
14 13 12 6
11 21 20 19
3 16 16 12
24 15 7 4
23 14 4 21
21 8 26 19
7 5 18 27
5 20 6 24
7 27 2 6
2 25 17 27
17 19 27 4
12 1 10 20
15 19 27 10
4 4 16 19
19 23 23 16
11 9 17 25
25 8 18 22
23 7 13 23
17 5 20 17
18 25 24 14
7 6 11 10
7 13 19 23
13 19 27 27
19 6 26 16
11 18 5 6
4 14 15 13
3 16 2 14
11 18 4 10
12 9 26 24
23 19 21 25
24 13 8 25
8 26 8 25
8 27 17 17
21 10 23 22
11 10 9 14
3 12 26 2
14 18 4 23
5 10 5 17
22 8 3 20
5 1 18 26
16 8 5 25
21 14 2 27
9 23 14 5
27 21 26 9
5 23 19 19
19 13 18 18
11 27 21 12
17 23 19 19
27 27 3 14
20 26 15 23
4 7 17 24
21 4 7 22
24 14 23 11
14 13 11 14
8 12 19 8
21 9 21 23
17 14 5 7
10 17 23 17
19 26 15 19
22 2 11 17
8 1 15 25
11 5 22 17
23 23 3 7
2 4 26 7
1 6 16 24
7 12 16 26
10 17 11 19
26 9 1 20
22 15 25 15
7 16 6 5
15 26 12 20
6 9 1 20
7 26 25 19
17 8 5 22
20 15 4 7
18 27 17 23
1 15 9 9
1 27 1 20
10 11 24 24
6 12 23 7
10 24 4 8
23 6 20 14
11 24 14 21
14 19 20 26
11 25 16 11
2 27 13 22
23 6 8 3
23 10 25 23
5 27 19 15
21 10 10 10
22 25 7 5
3 13 19 20
10 11 6 3
1 16 13 8
8 4 24 13
11 3 3 10
23 11 8 21
15 6 24 27
1 27 24 23
7 15 21 14
7 1 22 15
10 26 10 15
13 12 16 5
26 11 22 7
3 5 12 2
26 17 4 16
9 5 24 11
1 17 18 10
5 22 1 18
3 19 17 9
27 8 21 24
3 23 24 3
8 19 6 9
10 15 12 23
9 4 12 5
9 17 13 14
21 1 11 18
18 22 22 13
7 24 23 9
7 9 24 12
6 4 17 20
14 26 21 16
1 21 14 27
17 12 22 3
2 2 27 11
3 6 21 4
20 14 24 7
12 12 24 3
7 25 1 20
2 18 27 12
12 7 18 3
1 14 5 5
14 20 10 2
5 3 4 15
22 4 24 12
15 9 25 21
17 10 9 4
19 1 2 12
12 5 13 18
13 18 15 13
12 13 18 13
11 26 3 22
19 1 6 13
2 26 13 15
4 26 14 6
4 12 12 14
7 27 24 22
12 20 1 22
17 19 7 2
10 22 19 15
19 16 24 19
23 12 24 13
19 26 17 12
8 22 12 8
14 18 22 16
13 13 15 26
16 23 19 24
25 2 26 6
19 2 19 16
15 10 8 16
13 7 23 1
8 19 8 15
8 9 17 24
10 12 11 19
1 7 24 16
19 21 2 20
21 20 17 5
1 14 3 25
24 11 12 26