27
2994
3283
836
3063
690
2842
2501
574
3077
864
3370
2618
2381
892
874
1061
2073
1943
2687
1033
2834
459
2133
1469
881
474
464
300
4
4 22 8 12
3 21 23 22
3 23 26 19
18 6 7 5
19 13 11 20
19 7 5 23
9 13 22 14
5 14 18 16
9 19 27 13
9 19 5 17
17 20 3 9
14 10 4 22
17 17 5 9
24 8 25 21
24 6 2 11
21 17 3 17
20 8 1 11
16 10 8 3
9 12 10 4
8 25 14 15
2 10 15 18
13 24 22 5
22 4 9 9
20 10 21 8
18 4 9 14
4 17 17 21
11 18 5 1
3 5 10 13
25 17 19 13
9 22 25 21
4 11 12 1
23 18 6 11
18 5 1 3
6 27 2 26
1 4 1 18
19 20 3 17
2 4 23 5
21 20 7 27
1 4 3 7
17 14 27 19
19 18 6 4
18 18 7 3
9 24 7 11
8 20 27 18
20 16 11 7
9 7 22 13
5 18 4 11
11 16 26 26
15 16 27 14
4 2 26 5
1 23 11 9
11 23 13 17
17 25 25 12
3 11 24 12
25 19 14 8
27 23 11 27
9 8 16 25
23 18 27 18
20 9 1 12
6 25 17 16
22 22 19 19
7 27 2 16
11 27 26 1
1 12 27 24
4 8 14 25
27 2 10 11
6 13 17 11
6 22 20 20
18 12 11 11
8 22 10 9
21 6 13 24
20 10 3 4
8 21 13 26
19 18 26 20
24 24 9 2
3 11 3 8
21 11 22 2
24 22 21 7
12 15 20 26
3 1 5 1
11 24 17 12
8 1 24 21
27 3 10 23
4 24 10 14
1 21 9 17
10 19 25 14
13 18 16 9
10 17 27 23
5 15 18 8
1 22 10 21
6 27 1 24
14 1 9 15
3 22 23 25
26 3 20 10
13 1 24 13
4 19 6 11
14 14 2 9
10 1 17 9
20 11 4 3
15 3 15 21
25 23 10 27
22 7 27 14
3 6 12 15
11 15 18 27
27 18 11 22
23 26 22 2
8 25 3 2
12 1 25 23
23 10 14 12
4 21 26 26
24 10 12 22
13 1 4 24
6 7 5 22
6 25 16 7
14 21 11 24
7 12 9 19
14 5 20 6
26 10 24 25
8 16 12 20
12 18 16 4
26 23 14 13
23 6 9 20
12 14 14 8
27 19 14 10
25 15 22 23
6 17 18 21
25 26 5 22
11 14 20 2
24 24 14 16
11 12 22 9
3 21 17 7
20 17 12 5
24 16 18 15
11 17 8 25
6 3 15 13
21 9 3 4
20 5 19 10
6 25 24 17
26 23 3 23
12 14 21 18
23 13 23 15
4 25 7 12
13 5 22 25
17 26 11 15
24 6 24 19
2 3 14 9
26 2 13 10
8 9 13 21
12 6 10 10
19 12 4 3
25 6 6 19
21 6 7 5
19 22 3 18
27 12 15 3
26 3 11 5
19 24 12 23
20 16 14 15
25 22 19 17
22 13 15 15
22 1 10 6
15 1 13 9
4 9 27 1
25 20 3 6
3 24 13 7
6 6 16 4
4 20 1 18
27 5 17 19
15 25 11 3
1 6 25 4
16 3 7 8
5 2 15 11
19 7 6 26
14 2 15 17
19 8 4 26
2 25 14 13
13 19 17 19
11 26 26 27
16 6 26 13
4 8 10 19
7 22 25 8
17 11 15 21
18 1 20 25
11 4 1 17
19 1 15 10
3 18 3 3
2 4 14 11
24 14 5 16
11 2 2 15
24 5 20 15
3 18 4 16
9 9 14 2
26 5 1 23
12 26 15 20
8 11 21 20
15 21 12 9
22 26 25 24
7 12 12 15
19 14 27 17
15 18 22 22
3 8 20 27
6 26 24 11
25 21 24 8
25 5 12 20
19 20 12 14
13 3 14 5
3 1 19 21
5 5 25 5
27 11 13 1
18 20 7 4
2 21 5 26
1 16 12 23
4 13 11 23
21 21 3 23
24 16 21 15
17 15 22 5
22 21 4 14
12 18 18 27
10 12 2 21
12 24 22 8
5 3 19 25
26 5 13 27
1 22 17 22
25 21 15 26
12 17 12 12
27 20 21 17
12 12 23 17
14 5 22 21
23 23 15 7
16 1 22 4
7 15 19 10
24 11 16 20
19 1 12 17
5 24 20 5
24 8 12 17
26 14 10 4
7 8 1 9
3 27 26 22
17 14 22 26
25 14 27 8
7 25 13 4
11 7 27 5
12 17 19 1
11 12 13 12
7 11 20 21
23 4 2 27
5 24 18 19
22 3 18 6
25 19 3 13
22 23 10 13
18 7 20 23
15 12 23 17
19 5 5 3
8 16 16 18
11 3 17 13
24 17 20 18
6 13 2 5
12 19 11 24
12 19 9 13
13 11 21 17
9 8 6 5
12 5 2 1
19 27 3 13
25 7 6 1
19 27 20 8
2 9 19 11
15 8 6 16
20 27 25 1
2 4 12 17
12 2 1 3
27 25 25 4
10 9 18 10
10 9 18 7
1 19 5 7
3 17 22 17
4 18 7 11
15 5 10 15
10 19 24 15
21 2 20 12
10 25 15 24
11 12 9 17
14 26 12 10
12 13 8 4
8 20 9 19
10 26 22 16
20 12 22 2
11 16 5 6
8 26 19 14
9 24 26 16
2 18 18 13
21 5 13 1
26 15 27 9
12 27 24 26
9 27 23 6
4 22 19 15
22 23 20 23
24 1 9 11
19 26 7 17
13 27 26 21
17 22 1 27
19 19 16 26