27
1294
2925
3459
1804
608
2775
3445
2806
640
1142
581
999
602
3461
1642
671
2424
2656
1639
1345
1584
2517
2632
940
662
1389
1675
304
4
26 9 23 3
22 8 10 15
19 12 3 9
14 26 19 4
22 21 26 4
16 9 13 2
23 23 11 26
15 16 8 8
25 15 4 24
21 19 27 6
1 16 19 17
4 24 15 8
15 23 2 14
24 1 1 17
12 20 21 5
17 21 3 25
16 17 8 3
13 25 8 23
22 27 18 8
13 16 16 23
17 25 12 15
16 11 8 7
1 8 16 22
22 15 26 1
1 7 4 26
20 21 1 21
27 22 5 19
13 9 12 25
23 3 2 17
21 25 9 11
1 12 4 17
20 3 9 13
7 25 19 15
5 6 18 15
9 25 19 7
6 4 27 26
2 9 15 20
1 6 6 12
26 24 14 16
7 25 5 20
5 24 9 24
13 9 22 6
8 15 21 19
14 22 20 16
10 18 16 1
20 26 20 8
15 14 7 27
23 18 4 27
20 8 16 1
11 1 4 10
13 26 23 26
21 3 14 2
12 22 8 25
3 12 25 16
13 9 25 1
12 5 9 24
13 1 27 2
11 7 7 27
1 10 2 7
7 20 23 20
8 22 14 5
18 12 9 24
7 8 17 3
9 20 17 1
14 23 3 19
11 18 4 22
24 3 11 1
15 5 21 1
15 13 20 7
10 10 24 1
14 13 17 1
3 18 23 2
15 27 5 21
1 24 6 2
20 27 12 16
2 24 12 17
7 7 17 13
24 11 23 2
25 2 27 25
23 5 10 15
1 17 10 5
11 1 10 6
13 14 18 9
19 9 8 24
2 22 2 17
10 6 3 9
18 3 6 8
18 9 24 12
5 2 2 26
23 11 3 23
18 17 14 4
23 6 14 14
1 12 15 11
11 9 21 10
16 11 27 22
2 22 25 15
27 8 27 10
25 17 24 15
18 25 24 3
6 4 17 19
12 12 17 8
4 8 1 24
24 22 2 4
20 20 23 9
9 27 1 5
25 18 18 11
5 14 10 27
19 24 25 2
14 7 17 26
24 24 23 4
3 6 21 7
20 3 17 9
4 6 27 13
12 12 15 13
19 9 8 20
13 8 1 18
7 26 19 26
10 18 1 16
20 17 7 3
2 2 6 19
14 27 16 27
18 25 15 22
16 1 8 20
16 23 6 26
3 20 1 13
9 27 9 15
25 10 10 3
27 24 10 21
18 18 13 3
18 1 16 8
12 25 22 17
14 7 13 27
9 6 3 14
25 11 22 4
24 24 14 15
12 9 17 7
19 5 26 27
1 17 26 25
15 13 8 18
23 16 23 22
12 1 25 13
17 2 12 17
6 12 4 23
12 19 2 22
13 6 25 22
19 19 18 20
9 21 8 24
9 21 21 6
16 10 21 4
9 8 4 22
15 3 8 17
12 13 24 5
25 19 7 20
24 11 21 21
3 19 11 8
9 2 4 16
1 17 5 6
18 27 22 4
11 10 17 10
4 15 17 24
21 22 2 19
18 10 27 20
8 19 7 27
23 25 13 5
2 15 15 1
16 19 21 26
3 25 25 25
5 9 14 23
23 17 25 7
12 3 6 13
25 7 20 10
8 17 15 6
20 20 1 12
6 5 6 27
17 5 26 6
27 3 26 18
9 15 21 15
20 9 21 1
22 3 12 4
20 2 27 2
20 25 27 17
7 1 10 16
1 12 23 7
27 2 14 21
20 14 18 25
19 22 9 15
20 16 18 26
4 3 16 12
20 6 18 6
13 7 27 24
5 1 8 22
13 17 10 27
3 18 5 7
12 2 10 25
1 24 20 8
21 21 17 12
6 11 19 2
12 10 22 21
1 20 2 18
3 14 13 18
4 17 9 21
10 5 9 20
21 12 4 5
5 23 13 22
13 1 8 11
27 23 17 16
2 25 5 11
21 11 18 11
4 4 12 9
21 20 16 7
27 11 14 17
21 15 12 13
21 10 24 3
22 7 22 15
18 27 3 19
8 3 5 10
7 6 11 3
4 15 16 5
15 21 9 2
18 15 6 23
16 25 25 2
19 16 25 25
26 26 13 25
27 24 27 13
22 8 3 20
20 19 10 15
15 13 18 8
3 15 20 14
5 8 21 13
7 12 6 24
7 10 8 17
17 4 3 27
1 12 10 15
18 12 27 11
18 14 3 15
7 4 12 26
22 17 3 12
9 11 27 11
23 7 5 6
23 27 2 16
16 9 14 10
3 5 7 22
18 24 11 19
3 25 10 18
19 24 20 20
20 18 2 8
12 6 13 12
2 3 21 9
6 11 20 12
5 26 15 10
12 19 12 16
5 8 3 21
18 9 17 10
18 2 12 17
7 14 21 19
14 16 17 27
12 12 4 17
3 12 20 18
20 14 14 17
8 10 24 24
11 15 20 16
3 8 1 5
23 14 27 15
25 7 26 5
1 8 3 11
6 21 20 17
6 17 23 25
9 5 27 16
9 22 21 27
27 18 16 2
16 10 18 15
27 3 22 10
20 5 18 27
14 11 21 27
27 16 21 20
12 24 18 17
23 11 21 16
7 27 25 24
18 12 14 8
10 1 13 16
3 25 2 25
13 1 15 14
20 27 21 13
6 10 1 13
20 18 20 23
19 2 7 6
17 9 4 21
27 2 11 4
19 10 15 11
25 24 27 18
9 1 18 7
7 20 6 14
1 12 12 23
21 20 15 7
18 3 26 1
15 7 22 9
11 11 25 23
7 12 8 23
5 24 4 5
26 11 7 17
16 8 20 16
25 20 23 20
9 20 13 16
25 19 26 27