27
611
820
584
3053
2848
1963
2689
3496
2533
1527
2037
1959
1569
420
1322
3353
1097
1256
855
2026
2072
3001
2087
3098
1419
1651
571
345
4
13 2 18 10
22 23 20 26
13 18 23 15
19 6 5 17
22 18 11 25
9 26 3 18
15 6 7 27
15 26 1 2
3 7 14 6
8 10 3 17
17 4 15 18
1 15 7 17
17 24 7 23
2 6 25 11
18 20 7 16
24 17 23 16
18 3 23 3
23 26 19 19
10 6 8 1
5 7 19 6
4 15 25 6
13 23 19 20
15 27 20 6
11 27 17 11
23 5 8 18
21 12 3 20
26 24 15 23
8 23 18 9
20 6 24 16
11 8 9 24
9 23 20 20
8 7 7 19
27 21 25 13
2 4 27 13
16 16 20 12
1 8 9 13
26 27 17 27
7 4 6 25
11 5 2 6
3 9 23 12
13 21 24 15
16 23 25 6
2 27 21 18
7 9 6 17
14 8 10 11
17 14 11 25
16 7 16 23
3 6 19 21
15 25 23 27
1 27 12 15
7 2 1 26
8 2 8 15
22 2 5 12
4 24 7 5
21 24 24 22
7 12 19 27
4 26 22 19
25 3 13 4
9 26 7 14
26 16 4 7
12 12 20 10
13 22 17 10
12 20 20 21
14 25 13 15
5 10 5 15
20 7 4 6
16 25 27 14
12 18 27 20
10 16 19 9
9 17 18 13
10 5 8 16
23 12 11 10
26 16 16 11
5 23 4 6
17 25 10 11
11 5 4 10
27 16 16 25
14 13 21 15
25 4 7 5
3 1 5 2
10 25 17 2
7 21 9 23
10 18 9 20
16 23 19 2
11 24 26 8
26 1 2 13
8 24 5 19
8 21 10 13
12 10 24 14
11 21 14 12
21 13 11 10
8 26 6 14
11 12 4 27
23 23 25 5
7 14 17 14
11 15 22 4
20 12 9 2
11 1 26 12
26 22 26 19
27 11 4 21
9 5 3 8
6 14 7 27
15 17 19 11
16 7 19 18
27 6 3 1
6 5 22 13
20 23 3 23
18 1 5 11
15 13 19 1
26 21 19 19
23 13 2 14
11 19 14 20
10 6 27 21
5 22 21 24
1 11 20 3
19 26 23 5
12 25 9 22
21 7 7 12
16 10 7 10
4 7 24 6
16 18 10 11
25 27 4 17
1 12 5 10
14 24 4 27
14 17 11 4
16 20 5 22
5 26 26 3
17 6 9 4
12 11 11 21
2 8 10 15
26 13 1 21
4 10 2 25
15 13 14 13
25 25 21 19
19 22 8 22
5 26 21 21
23 3 7 1
23 11 27 11
5 9 4 10
18 2 15 27
19 7 24 18
1 8 12 16
20 16 24 15
17 26 27 9
26 25 6 27
17 8 8 25
22 10 6 9
1 25 14 11
4 22 27 7
22 10 27 9
20 16 21 15
8 23 21 9
2 7 2 6
24 12 4 23
16 25 11 23
15 19 9 23
3 24 5 12
19 4 8 19
25 20 7 19
2 25 17 18
9 7 6 8
7 7 22 26
10 7 23 2
8 24 21 19
1 11 9 12
10 9 22 14
17 7 15 11
14 22 1 27
27 10 3 5
15 1 8 10
5 9 4 12
3 19 12 12
8 17 19 21
20 2 20 8
11 2 6 11
2 3 20 9
27 23 14 14
23 11 27 12
5 27 13 7
23 15 23 8
3 20 4 21
1 5 1 5
18 10 14 8
27 12 22 7
13 5 24 5
7 3 2 18
14 10 4 11
5 21 16 7
4 6 22 22
11 2 9 27
8 22 11 20
4 25 15 18
13 6 25 16
23 14 23 20
19 23 15 14
24 23 9 15
21 19 23 8
7 6 21 20
25 5 2 1
18 10 24 2
17 2 18 4
16 15 12 6
24 16 21 26
26 8 8 14
18 27 16 3
12 2 4 18
14 27 9 10
19 16 3 18
14 25 12 1
7 24 9 8
10 9 10 8
19 17 10 27
9 25 21 8
14 14 25 12
18 11 25 11
16 23 15 14
15 24 2 6
11 10 2 18
17 18 24 18
26 25 10 18
5 19 5 13
23 8 1 17
27 26 26 22
27 16 14 10
13 27 12 8
4 16 16 16
12 13 24 21
23 24 24 11
19 7 5 20
2 1 3 12
11 25 3 25
23 7 27 9
22 16 9 17
10 7 12 22
24 12 20 17
10 24 27 24
6 27 22 1
14 7 10 17
17 26 25 20
6 19 25 19
10 27 21 18
4 27 25 16
12 27 11 25
20 8 10 2
14 14 21 13
11 8 8 14
3 20 25 12
23 13 23 26
10 8 18 25
10 2 24 13
7 16 25 8
10 16 9 22
1 20 20 5
2 3 11 9
8 11 12 17
13 25 24 4
22 3 14 16
23 10 10 6
25 2 16 24
4 2 12 8
16 20 26 19
4 23 17 9
27 8 18 13
22 14 16 10
20 19 6 5
13 21 3 22
3 23 25 10
7 9 2 1
4 20 26 22
23 3 3 24
23 27 14 12
4 8 10 8
21 8 4 19
16 7 14 7
5 10 20 4
25 3 7 10
16 15 20 16
14 17 13 26
5 1 4 9
12 14 21 18
2 2 18 3
15 5 23 14
9 10 23 8
20 19 27 14
23 9 16 6
19 1 9 18
2 11 11 27
23 3 12 26
4 22 23 4
4 8 27 10
5 8 8 6
15 6 8 4
3 7 9 27
6 15 13 16
22 8 11 24
12 3 8 9
26 12 14 9
22 20 6 26
8 26 24 16
26 17 14 7
27 14 22 14
27 1 23 6
21 4 10 15
18 24 5 20
16 6 26 5
11 6 19 24
13 26 4 26
18 24 27 27
18 25 21 9
25 23 13 5
6 7 8 25
6 5 23 21
15 8 10 6
24 10 15 27
18 4 8 22
15 2 19 15
21 5 26 12
23 22 22 18
1 2 2 15
7 21 16 6
22 20 10 12
16 14 2 27
1 17 9 23
25 4 10 15
22 23 27 6
11 18 10 16
27 27 2 20
16 11 5 24
17 13 26 9
8 14 23 23
2 2 21 16
24 15 20 23
4 17 9 9
12 13 2 21
17 23 27 14
21 13 5 16
12 19 7 21
19 9 3 8
27 2 15 18
25 26 21 6
11 7 4 20
11 10 14 13
24 26 1 23
12 21 10 18
18 19 16 1