27
1554
1430
1344
781
2344
579
1205
2226
1524
2438
1026
3081
1764
555
1985
2482
3205
2264
1900
419
781
1358
1040
1875
1083
2114
2107
320
4
5 21 8 16
6 20 2 6
6 27 6 15
4 20 25 15
1 7 4 25
9 24 1 10
6 17 5 11
8 8 16 10
10 13 14 10
27 10 20 8
20 15 18 3
12 3 22 7
1 12 5 22
17 25 10 14
10 13 6 27
14 15 10 26
26 2 15 18
6 2 22 27
22 8 1 14
5 16 25 3
21 18 18 2
6 4 12 14
11 3 3 25
13 26 4 3
9 4 15 24
4 3 13 27
6 18 18 26
20 12 21 12
13 17 26 2
23 4 24 10
1 25 19 24
15 1 11 9
7 17 17 14
17 13 12 17
8 13 26 19
15 7 8 11
24 8 3 18
19 27 5 3
7 5 8 1
12 6 22 11
3 2 25 9
14 3 9 17
18 3 21 10
18 13 23 5
15 8 17 27
2 7 17 2
14 22 6 11
11 19 18 13
13 22 8 27
18 23 27 6
26 10 21 20
23 15 14 18
25 4 15 16
2 27 24 12
3 26 15 18
7 12 4 27
8 26 18 6
15 18 17 6
9 19 23 22
1 6 9 24
25 14 17 24
1 3 17 11
3 11 9 15
17 26 5 18
11 16 13 15
25 7 8 21
10 2 21 15
25 24 6 2
4 5 5 25
17 12 17 6
10 24 15 2
12 13 18 20
20 6 20 27
24 23 14 19
10 10 22 9
27 4 26 25
3 20 19 26
22 11 15 2
24 16 14 23
12 27 15 21
12 3 23 18
4 26 20 23
3 25 25 3
10 14 9 1
4 16 7 10
5 4 1 5
20 1 21 26
11 9 14 16
23 8 14 2
9 23 1 17
18 2 1 9
3 23 12 6
22 4 2 19
24 12 9 24
6 15 22 10
1 23 12 2
15 24 26 17
7 27 13 12
8 4 13 13
21 8 7 21
13 18 12 13
19 10 13 24
14 14 2 4
21 21 19 22
9 2 17 9
4 17 12 24
10 25 20 5
5 16 20 16
11 1 26 9
19 14 8 4
1 18 14 3
4 21 5 4
2 12 3 13
11 24 9 21
20 11 14 23
2 6 3 18
21 16 16 13
24 4 7 22
13 10 5 4
25 8 10 23
24 18 17 17
7 4 4 22
9 3 9 3
18 2 6 20
20 23 10 24
13 6 8 4
21 2 20 1
3 3 18 23
20 26 13 11
17 1 7 13
11 25 18 12
24 25 19 22
3 18 4 22
2 22 7 7
2 26 7 21
4 16 4 7
22 18 27 13
22 15 1 5
19 20 19 11
9 3 13 20
11 22 13 25
13 11 5 2
15 15 21 25
13 11 14 22
19 19 8 20
10 21 16 21
9 11 14 8
13 24 26 26
22 14 22 26
23 13 15 21
17 4 11 9
21 23 24 24
24 25 27 17
23 8 14 26
10 16 14 20
18 27 11 1
24 7 2 20
20 19 5 25
21 6 4 16
11 5 16 14
20 3 27 21
2 14 27 16
1 9 12 7
26 15 7 10
3 27 11 14
3 10 14 21
9 21 13 9
5 6 14 19
21 27 3 21
22 10 26 12
18 20 4 23
27 10 7 11
2 5 1 18
25 21 13 26
11 23 11 20
11 25 1 27
8 25 22 24
24 24 3 23
6 22 23 25
7 14 2 20
6 12 5 4
12 12 21 27
10 4 26 7
25 21 11 15
7 23 27 3
15 17 12 3
6 27 5 24
14 18 27 1
12 14 25 13
8 4 1 14
25 27 23 19
11 15 7 16
27 16 12 9
2 1 14 22
2 11 5 23
9 26 1 2
22 15 15 9
27 3 22 14
9 20 26 14
9 18 15 13
8 13 4 19
25 7 22 1
11 4 9 17
18 25 16 10
2 15 5 6
26 7 10 5
24 23 3 19
12 4 19 16
24 4 25 27
17 27 17 22
16 8 15 18
4 20 8 20
7 23 2 27
27 10 24 16
19 25 19 18
14 13 22 13
8 2 13 9
16 23 4 12
22 17 8 19
20 1 4 9
20 18 16 2
6 14 17 10
14 17 27 25
26 15 26 3
21 17 8 17
14 26 15 26
10 26 3 6
17 2 16 7
19 10 6 23
17 14 7 5
24 18 21 8
9 22 14 18
10 18 10 12
12 25 19 6
1 12 2 25
23 9 25 10
2 13 13 3
17 7 23 2
25 4 27 22
18 1 2 27
16 11 21 19
3 10 8 9
25 26 15 20
1 21 9 19
20 12 18 12
22 6 4 3
3 7 10 12
8 10 11 9
15 20 21 24
9 16 6 24
20 13 22 19
16 7 21 3
23 20 8 15
22 22 9 22
18 26 13 15
1 14 23 16
24 19 13 21
14 26 4 26
23 27 8 14
23 9 12 16
1 21 14 11
5 12 11 9
9 11 1 14
27 7 23 14
8 26 2 4
13 3 17 24
25 19 21 5
2 16 20 1
9 5 19 7
16 1 17 2
9 12 15 6
18 25 9 2
1 16 20 6
21 20 22 16
8 12 13 25
11 22 7 17
5 26 9 12
3 6 15 23
6 26 9 19
16 1 21 5
17 22 13 11
14 25 12 1
22 23 19 4
24 5 12 27
8 23 18 8
11 25 18 14
22 7 14 2
3 1 18 14
16 3 3 24
3 11 9 16
11 10 21 25
27 4 7 7
22 2 25 23
3 1 6 6
25 22 14 12
4 2 8 19
1 6 26 14
7 23 11 5
4 21 27 1
19 18 22 1
18 12 13 22
7 11 23 22
9 8 22 4
10 2 15 13
21 18 16 3
17 26 26 27
13 2 24 21
18 22 19 21
25 12 27 17
19 26 15 13
7 5 13 6
9 24 24 26
26 3 21 16
8 5 10 7
5 1 16 27
25 17 2 1
18 2 21 10
12 22 19 11
17 14 23 1
10 21 8 10