27
3188
3446
1660
2759
3012
1219
2316
1799
1992
1466
3003
1771
1451
2595
3012
2438
1391
2834
3248
1800
561
3495
716
2490
3466
1845
2206
359
4
11 7 25 1
10 26 4 19
14 25 27 12
12 19 24 18
2 23 11 12
13 23 18 19
23 13 3 1
25 22 16 20
1 27 14 4
22 20 6 16
20 17 23 22
15 15 5 1
2 2 10 2
16 3 23 22
17 26 3 11
5 19 27 12
21 25 8 6
18 15 10 14
1 9 19 8
8 21 27 11
18 20 9 26
18 19 4 24
11 21 18 7
3 15 10 13
20 13 10 1
16 5 24 13
13 24 15 5
27 19 3 23
7 10 2 23
14 9 5 4
19 16 13 4
7 7 12 14
3 11 25 2
13 12 25 27
22 3 25 4
1 24 25 25
3 4 12 23
7 5 27 1
6 2 25 23
13 6 15 14
5 8 21 16
16 2 23 21
15 13 17 16
27 27 12 7
5 19 5 2
24 14 22 26
4 24 26 27
22 18 2 15
5 27 25 23
23 15 23 11
25 8 27 23
4 26 24 14
19 4 8 11
23 6 19 9
9 8 27 20
27 25 5 12
2 7 5 26
20 4 7 1
8 14 22 25
1 18 11 19
21 14 10 19
3 10 16 2
20 14 8 15
7 12 20 25
12 11 9 7
23 26 6 3
5 18 26 27
15 2 1 22
9 7 14 11
26 16 27 12
16 18 9 20
21 26 9 18
16 6 23 17
11 4 21 18
3 5 26 23
11 19 12 13
19 9 15 7
5 19 10 11
18 1 27 25
7 4 4 25
27 4 16 16
2 10 23 24
24 6 17 2
16 12 12 23
24 21 8 16
10 26 24 23
21 5 13 20
22 10 17 26
5 12 19 6
3 1 10 3
7 9 17 15
2 23 24 5
21 27 14 26
19 10 16 14
25 25 18 26
14 20 25 27
26 11 13 24
10 5 16 18
27 12 10 5
12 21 10 24
6 19 1 24
25 9 14 4
27 8 23 11
3 7 18 15
22 15 23 3
15 13 12 18
26 24 22 7
15 13 9 21
14 11 17 25
14 1 3 21
7 19 9 19
13 11 2 27
1 2 8 19
22 6 12 7
16 3 17 13
9 14 10 22
17 8 27 18
27 27 14 21
5 27 22 14
17 3 6 25
17 11 17 23
7 26 18 27
2 24 20 26
11 12 23 1
7 10 15 2
14 24 12 26
13 23 2 8
10 3 8 12
11 10 9 19
19 25 10 23
27 26 16 26
8 26 21 3
25 6 21 8
18 17 23 6
7 10 16 15
10 1 2 26
19 9 1 5
9 2 17 8
20 5 13 24
13 17 12 18
13 25 11 21
11 7 10 10
17 11 6 22
9 16 22 21
7 3 9 14
23 5 21 9
18 5 16 25
2 3 20 22
4 14 17 26
5 20 3 2
20 23 17 14
24 1 13 15
14 4 3 9
19 2 18 27
21 27 8 17
13 10 16 26
16 8 21 13
21 3 24 21
3 1 10 16
2 6 26 13
5 11 26 26
6 10 23 24
6 18 4 3
25 9 14 16
23 3 9 2
7 11 26 17
25 1 12 15
14 10 16 9
27 16 20 6
25 4 24 26
20 23 16 17
19 2 20 25
24 6 13 1
23 1 1 1
24 16 7 22
16 14 24 8
21 1 13 27
12 12 18 15
5 22 24 20
22 24 21 8
23 6 12 8
9 2 12 27
16 15 3 26
2 14 10 4
2 25 16 17
15 25 5 15
12 17 21 20
13 16 5 8
10 26 22 20
7 9 3 20
25 7 19 11
5 9 15 15
4 18 17 5
24 11 15 6
10 17 6 3
27 2 7 7
19 3 27 5
2 4 24 23
27 7 5 9
17 14 26 23
3 25 15 24
1 4 20 13
27 16 26 18
11 17 25 9
9 21 18 21
13 18 22 12
6 1 22 15
20 21 27 17
11 4 26 6
17 6 3 23
11 23 23 24
22 18 17 6
24 8 8 13
4 3 11 18
26 8 11 25
4 3 21 20
23 15 11 18
21 22 18 18
17 16 2 18
4 22 14 1
22 20 17 3
12 10 18 6
23 7 13 10
25 2 22 25
18 27 18 18
23 7 16 11
1 2 20 3
2 20 16 4
8 11 14 25
25 25 21 6
9 22 8 14
24 6 1 18
5 17 10 14
17 7 15 14
14 27 7 17
24 19 26 5
12 17 25 8
6 20 1 9
15 13 12 19
18 21 12 10
13 13 13 6
19 9 14 23
9 12 10 12
21 22 17 3
27 1 20 10
5 6 27 17
4 10 10 20
6 24 4 4
25 3 26 9
16 5 22 4
9 7 3 13
3 6 22 16
25 18 4 13
3 21 13 26
20 22 7 25
21 20 1 7
6 24 17 8
1 22 20 27
15 25 18 8
5 17 2 3
15 8 4 8
11 9 7 12
10 12 8 5
24 22 19 13
23 23 14 8
18 2 10 20
23 2 7 7
22 10 24 8
7 23 13 9
11 4 7 15
27 26 19 18
10 14 3 23
18 15 22 18
13 26 2 20
13 13 2 16
27 17 12 2
15 18 23 21
8 15 3 18
19 7 27 26
6 24 18 26
20 6 18 22
20 23 11 27
1 6 3 22
5 26 5 25
11 13 25 25
9 26 25 27
14 5 20 11
10 4 15 17
24 11 25 10
7 21 8 5
12 27 25 20
2 4 24 26
8 13 19 17
5 3 10 2
4 25 17 12
19 27 13 3
27 27 17 16
6 7 9 6
3 2 20 13
14 26 21 6
7 11 4 3
19 21 15 11
5 20 4 13
2 25 9 2
10 10 6 8
22 5 15 8
25 9 10 23
12 3 26 5
13 18 13 7
12 23 23 3
9 23 11 25
1 21 16 19
25 17 2 21
25 7 23 21
20 17 27 15
1 17 11 26
13 1 2 17
23 3 3 5
17 11 11 18
18 9 6 5
22 5 25 5
8 27 6 27
7 2 13 19
2 8 20 10
22 9 11 25
14 21 14 19
19 1 3 13
24 9 9 9
10 11 13 21
26 22 25 21
23 24 7 7
18 12 24 5
7 4 21 8
2 8 13 15
5 21 12 10
10 14 26 16
5 14 25 7
15 13 7 26
1 1 17 11
3 4 2 21
1 6 25 5
21 15 25 5
10 8 3 22
5 1 24 26
5 12 6 14
13 22 3 27
21 1 18 18
7 7 19 2
18 23 3 25
11 12 17 17
8 7 4 15
27 20 26 4
18 26 17 2
17 14 19 14
4 7 5 11
6 23 14 10
3 26 23 20
22 16 12 7
8 1 9 21