27
1186
2119
2934
3251
533
2657
1415
1714
1308
1285
1959
3107
2424
601
3026
1940
816
1862
2786
1210
1514
3031
1543
1075
3021
1134
966
339
4
15 18 4 7
16 6 10 21
24 4 4 8
2 4 19 19
14 10 2 15
11 22 11 2
3 27 1 4
26 14 23 13
21 10 21 17
8 13 26 23
16 3 3 15
3 9 5 7
27 5 14 26
14 9 15 27
11 7 23 21
3 3 5 9
16 2 14 19
7 12 19 12
2 8 16 7
3 19 15 22
21 27 18 5
16 9 12 16
5 11 14 1
20 27 21 20
25 12 23 5
15 16 13 1
27 19 15 12
11 27 20 13
18 15 10 27
2 19 2 7
27 6 13 8
15 2 2 9
25 9 20 5
5 10 7 11
17 12 13 23
6 15 19 16
4 8 13 21
19 21 11 6
7 1 15 20
12 20 26 26
2 18 10 1
11 17 12 3
9 24 26 15
27 12 27 9
23 24 8 19
22 26 20 8
12 9 11 11
5 22 1 3
5 13 6 6
13 2 3 16
27 7 24 11
15 14 17 7
18 14 19 2
25 16 19 2
27 13 24 14
20 5 21 15
2 18 4 22
14 26 20 4
10 10 5 25
19 11 14 2
3 16 8 11
26 13 8 24
11 12 5 26
14 11 14 16
15 27 1 1
18 5 7 16
16 15 27 3
18 4 4 27
2 13 26 4
27 27 6 18
4 4 12 2
6 2 11 9
19 13 15 4
11 1 27 16
10 20 12 16
24 7 7 14
19 11 13 18
23 11 25 6
13 12 6 10
8 1 16 25
14 27 18 17
3 3 16 26
21 4 11 14
6 9 25 13
5 19 25 4
13 18 20 9
9 5 12 21
26 4 6 12
23 20 8 16
25 11 20 17
20 19 6 22
2 10 27 26
18 4 23 27
4 25 11 9
27 4 27 26
14 20 5 16
4 16 13 22
6 1 21 2
10 3 13 27
26 8 4 22
16 5 17 2
25 15 21 2
1 25 15 25
15 12 16 18
5 24 21 11
4 16 21 26
2 1 27 19
8 10 22 7
4 22 14 26
4 17 24 15
10 27 15 4
12 12 10 5
2 27 9 6
11 15 6 3
4 5 10 11
4 13 6 23
22 18 18 11
6 10 16 3
23 16 23 21
26 26 18 9
5 2 13 5
23 14 22 23
21 1 24 3
23 21 4 10
9 15 14 25
26 26 18 9
6 14 13 19
19 26 16 6
20 21 10 20
12 22 26 11
26 9 8 20
7 13 14 11
22 23 4 27
10 8 4 7
4 5 10 27
20 24 19 10
10 21 23 23
2 5 23 9
27 7 4 8
9 1 21 9
12 1 23 10
11 20 17 3
25 27 3 17
18 12 10 19
5 11 20 14
6 2 14 19
15 19 26 22
15 4 15 19
7 17 17 24
11 20 10 11
15 26 8 10
16 11 15 16
4 8 2 25
1 20 12 15
21 4 7 18
10 4 10 7
15 8 12 12
7 5 20 20
12 13 15 24
20 21 7 25
21 6 8 7
12 15 2 26
19 5 9 21
27 13 26 13
4 18 9 13
4 12 17 16
2 11 18 24
20 13 10 10
9 22 10 27
20 10 13 15
14 15 4 6
6 19 1 3
11 21 10 9
12 8 14 11
7 2 27 7
14 17 26 1
11 23 3 6
17 7 10 23
9 18 19 1
2 23 10 6
19 5 17 18
20 12 14 7
16 5 25 5
25 14 18 15
14 8 22 23
21 12 16 13
8 24 20 7
17 26 5 2
9 17 15 2
15 13 20 6
16 13 21 1
1 11 12 12
22 15 8 1
24 12 12 9
4 7 23 17
3 27 13 8
10 18 20 22
2 5 2 19
25 3 27 24
4 27 24 12
21 11 6 9
12 14 17 27
6 2 18 14
19 7 11 8
7 10 10 18
1 5 3 20
2 26 3 18
26 23 27 8
25 15 6 13
21 11 8 15
1 20 11 26
26 14 2 18
16 6 22 14
11 23 12 24
10 15 17 27
12 6 7 10
20 27 3 1
11 15 25 18
19 14 17 17
20 15 10 4
16 27 20 18
6 8 14 7
3 8 12 26
27 19 24 7
12 26 1 13
3 6 10 3
15 25 18 1
25 8 11 16
7 24 12 22
26 17 22 2
6 12 26 11
9 10 20 9
5 23 10 2
13 22 21 9
27 16 2 22
27 16 4 11
7 2 25 5
1 11 20 16
27 8 2 22
8 12 5 9
22 9 25 5
17 9 14 8
26 8 12 14
23 4 26 4
19 25 19 10
17 11 6 3
25 12 15 21
9 1 27 7
16 8 8 21
11 2 20 7
26 4 22 8
16 8 26 3
11 8 15 12
13 15 8 7
24 9 1 3
27 1 13 7
12 4 21 1
24 19 21 5
2 13 6 8
7 2 25 14
18 23 22 14
7 9 21 27
20 27 2 27
24 27 2 6
10 17 16 21
15 11 11 10
6 5 19 7
25 6 10 12
4 18 16 20
8 10 18 11
24 12 25 3
19 15 18 14
7 16 15 11
4 19 11 25
10 15 16 3
11 12 9 5
12 9 24 16
12 19 21 7
22 2 23 15
21 9 24 27
11 13 25 17
13 15 16 23
13 6 21 8
25 19 19 16
11 6 10 19
26 25 19 27
16 13 21 10
10 14 15 22
11 4 5 16
18 19 16 13
4 13 24 18
20 6 24 21
11 24 19 24
14 16 19 9
9 10 17 19
14 22 8 11
12 3 2 10
21 19 12 25
8 21 22 12
14 27 10 15
10 24 20 27
9 7 2 8
26 23 8 27
13 18 10 24
3 6 14 27
3 7 23 23
7 10 6 2
8 12 2 8
4 22 26 19
13 23 4 23
15 14 13 3
25 15 8 20
5 25 18 3
27 18 26 2
15 18 18 7
1 1 5 26
14 12 20 27
23 25 25 19
17 26 10 8
3 27 3 2
13 11 17 14
6 3 5 6
13 8 9 26
14 13 21 11
7 22 12 16
9 13 22 23
18 16 12 7
5 8 8 19
7 14 26 16
27 11 6 16
13 26 24 1
15 20 6 26
19 15 11 21
2 24 8 27
23 18 24 13
8 9 5 4
15 15 8 26
15 7 23 18
20 22 14 19