27
1467
2981
3246
2009
817
987
3528
1302
594
2014
2882
3236
2863
416
2336
2081
2151
2501
1953
3044
1611
580
1680
456
2282
887
3422
338
4
17 11 8 26
5 9 2 25
2 24 13 23
4 12 20 25
5 10 4 25
8 26 22 18
18 19 13 19
8 8 15 6
11 9 23 11
26 19 9 7
7 22 27 27
23 7 20 6
21 26 20 11
25 24 27 21
22 6 3 17
10 8 14 13
9 17 23 15
25 9 3 9
7 7 21 16
9 11 3 8
8 20 5 9
2 27 19 7
7 24 1 7
5 4 15 19
22 24 3 27
12 8 15 12
16 10 24 27
5 13 12 10
14 14 11 18
1 22 20 25
16 6 17 20
7 3 3 7
7 5 9 22
16 4 17 1
6 4 25 27
7 13 4 17
10 11 12 14
27 27 5 16
15 16 16 16
10 10 16 14
9 4 9 26
19 22 25 25
27 4 25 4
10 5 18 1
12 1 23 26
9 17 17 17
13 13 1 1
25 26 17 10
3 6 15 9
7 17 13 10
15 21 2 7
8 15 7 26
8 16 22 23
9 25 7 4
27 17 18 25
9 14 4 11
15 3 13 7
24 1 19 9
19 11 15 14
22 7 12 5
16 21 25 15
25 9 18 23
24 23 9 26
19 23 22 20
15 21 10 5
2 9 10 6
10 3 23 7
21 1 2 25
18 20 20 7
25 19 21 9
14 21 3 25
25 13 10 18
27 15 23 4
11 10 8 27
7 19 22 2
8 24 3 12
26 26 24 23
24 8 8 11
2 8 20 26
15 16 9 6
26 26 19 15
3 1 8 1
2 10 15 17
9 9 22 10
20 11 8 7
7 4 18 20
8 15 11 14
6 9 11 9
17 3 23 3
27 25 16 9
22 27 12 22
7 27 10 6
7 25 11 2
27 20 21 19
24 1 22 18
1 17 8 23
7 27 23 17
26 1 7 19
21 5 4 8
21 19 17 19
20 6 11 25
8 19 16 4
4 11 14 16
24 10 9 4
26 11 26 27
12 9 9 12
16 14 7 10
24 19 15 17
13 13 17 17
15 14 14 23
4 21 7 17
25 1 16 3
14 19 27 20
4 16 25 6
3 12 1 16
25 26 25 12
8 24 24 17
5 26 1 18
13 17 3 13
5 26 27 11
5 3 15 8
21 21 15 27
26 8 5 21
17 15 1 10
9 14 4 15
17 1 6 2
10 18 17 16
23 27 17 19
15 9 21 8
27 4 23 20
22 23 21 20
13 16 16 15
13 25 26 6
25 7 21 26
19 16 9 9
19 19 8 3
7 1 26 23
19 20 6 7
13 7 27 12
2 6 7 18
23 17 17 15
13 5 13 24
23 6 2 3
25 26 6 19
6 7 8 6
13 13 19 23
5 13 9 13
10 26 21 7
22 21 6 13
1 15 1 12
9 27 27 26
22 5 10 5
12 5 15 25
14 17 5 8
26 20 15 1
6 4 27 17
10 6 8 23
3 1 5 1
6 20 4 27
2 10 14 18
16 18 13 5
17 1 11 13
4 27 21 16
3 4 12 21
16 26 6 20
4 15 21 9
26 3 15 12
12 9 26 23
19 10 15 19
4 12 22 14
1 27 13 19
5 12 23 16
20 6 23 25
7 27 13 13
15 4 22 4
27 19 13 2
13 17 18 20
26 3 16 9
26 7 10 23
19 20 16 12
22 15 1 24
6 13 10 15
3 3 5 27
20 24 12 12
8 27 10 27
15 23 11 6
24 8 26 27
24 13 1 25
2 22 10 19
16 12 18 26
2 5 17 5
10 12 13 20
20 22 3 5
8 19 6 27
2 14 6 20
10 15 11 17
15 1 10 21
7 19 1 7
11 2 9 8
24 8 4 14
15 7 26 12
5 10 21 17
25 23 2 18
24 25 14 7
20 22 1 5
19 8 5 11
11 26 1 26
27 21 7 22
12 12 6 9
18 23 6 23
27 27 8 8
25 5 16 25
7 10 1 26
9 24 27 24
17 8 2 4
21 11 18 25
11 19 23 3
3 9 4 13
23 19 5 5
7 18 10 8
3 6 3 10
22 13 14 13
18 8 21 11
4 24 17 6
5 10 16 6
11 5 15 10
2 25 18 13
6 24 26 24
21 21 19 7
12 1 8 22
3 25 21 27
23 26 24 16
1 16 3 14
17 25 23 22
19 17 18 16
1 19 15 1
7 19 13 10
21 24 20 12
27 11 4 11
8 26 8 10
27 5 14 14
5 21 14 2
19 27 20 16
17 16 2 1
14 24 12 17
15 13 13 12
27 14 17 22
19 13 6 11
17 8 17 27
21 25 27 19
22 17 22 10
15 18 6 27
26 24 17 23
17 1 1 20
27 2 20 8
11 7 1 10
5 10 15 6
1 27 12 11
23 5 5 10
9 25 27 3
6 9 17 16
6 11 12 9
16 24 27 16
18 9 1 20
6 22 16 13
4 24 10 13
21 19 17 19
7 6 10 1
17 12 8 24
8 6 26 20
1 1 11 7
19 22 12 5
9 18 5 12
16 13 16 10
24 16 4 6
21 11 10 6
19 15 17 23
27 21 23 23
11 8 6 24
11 23 13 11
4 7 5 21
11 13 12 6
17 9 1 15
18 20 13 23
15 15 8 6
18 7 23 25
8 6 11 21
23 11 4 8
16 11 22 12
13 3 12 6
21 4 27 22
26 8 14 14
5 10 20 11
1 18 19 9
19 23 13 23
12 1 26 2
9 13 11 4
10 22 21 4
8 23 7 8
27 27 12 19
5 6 12 26
6 3 12 21
27 5 15 26
15 3 17 19
27 7 23 21
3 22 12 16
11 7 6 5
17 17 8 16
25 7 23 10
26 5 16 2
21 9 13 20
22 13 3 26
5 3 22 16
23 25 16 8
19 6 13 19
20 25 1 21
18 2 2 11
14 27 7 7
19 1 6 4
8 5 26 1
10 9 15 13
13 4 22 12
17 4 25 19
22 5 18 16
7 11 9 10
12 12 20 25
27 13 24 13
10 17 20 27
22 6 15 14
20 10 25 15
7 13 1 6
10 6 6 19
14 3 3 16
13 1 7 1
11 6 17 13
12 19 18 8
17 7 27 3
3 17 25 16