27
2182
2621
2335
1868
3349
940
2529
3380
2550
3459
2292
1132
2389
757
1893
671
1795
1184
2829
2912
1707
817
3152
1385
1894
2768
3483
314
4
3 2 13 1
26 12 18 2
27 1 26 25
27 9 13 3
13 8 8 13
13 10 3 14
23 8 10 18
14 11 23 6
19 25 3 19
4 19 23 25
20 26 1 15
1 8 1 8
8 17 10 6
5 6 15 3
14 10 7 16
3 21 7 25
2 22 26 7
21 15 20 7
2 18 14 4
1 19 9 26
21 21 17 5
9 13 13 21
19 10 4 2
11 20 24 2
27 17 8 3
11 12 17 23
10 27 23 16
24 9 26 12
23 21 14 25
25 21 2 10
5 7 8 8
6 19 23 13
27 23 2 15
14 2 21 17
12 2 24 25
12 26 13 13
6 12 26 10
14 1 27 2
10 3 24 17
7 7 9 4
19 26 1 1
2 11 12 11
25 8 5 23
25 27 4 21
27 23 11 15
20 5 4 18
16 27 4 8
5 24 9 27
11 27 27 1
14 14 18 18
14 3 7 8
18 15 12 14
17 17 21 12
26 19 18 17
13 4 3 27
2 11 23 18
26 3 14 26
2 3 4 15
9 15 21 11
4 27 18 6
19 25 5 8
15 16 2 13
20 27 15 26
16 2 25 3
27 23 22 22
2 11 26 27
13 3 8 9
10 22 4 27
20 23 1 10
23 14 5 23
8 22 16 11
18 9 20 23
2 21 9 5
10 21 7 20
7 13 15 22
19 19 4 12
20 2 1 27
13 20 9 14
17 25 10 24
26 16 8 1
11 7 6 5
11 17 1 26
4 9 3 17
21 27 2 13
9 12 2 17
12 4 12 5
19 11 26 13
5 27 15 27
15 5 26 20
7 13 8 5
15 27 6 1
14 23 8 14
5 9 16 21
13 27 6 20
1 21 6 24
4 15 1 11
3 9 7 10
14 17 25 5
7 20 6 3
16 22 21 24
15 20 6 24
12 6 26 13
10 20 8 3
18 14 25 21
3 4 26 4
7 16 20 5
27 4 3 18
22 20 22 2
4 5 16 21
20 17 1 22
25 25 9 24
12 14 24 27
3 2 12 15
2 26 23 16
20 10 16 12
6 10 20 14
3 7 11 20
26 21 8 21
9 26 22 12
18 18 1 24
12 3 24 13
24 10 25 10
19 1 27 26
26 2 7 3
1 10 26 12
5 21 6 3
5 7 2 1
11 2 10 13
24 25 18 6
17 3 18 9
7 3 7 17
9 22 9 13
1 21 27 7
3 18 18 6
9 11 8 12
3 1 9 2
17 19 11 18
10 5 17 8
25 15 17 6
8 9 21 18
2 24 7 8
21 25 24 3
23 24 25 26
21 26 14 7
14 12 19 11
3 7 9 11
8 25 20 1
23 1 7 1
11 26 12 16
6 20 6 16
4 7 10 20
3 18 7 19
1 27 5 25
3 27 16 27
5 8 25 5
10 5 12 22
17 19 7 14
19 15 2 23
17 7 21 23
24 27 2 6
19 21 2 13
2 9 23 20
23 23 4 3
8 15 24 11
7 13 19 23
6 9 11 17
13 22 6 7
16 8 7 24
9 26 23 9
15 25 20 25
23 13 1 27
22 21 27 27
5 3 24 1
21 16 24 16
3 18 22 12
12 4 26 27
20 16 25 2
16 12 16 22
9 19 19 19
14 12 26 22
24 9 19 15
9 17 1 1
1 1 15 26
12 19 22 12
25 13 16 12
24 2 24 8
19 27 1 18
25 4 22 20
13 19 26 10
4 25 18 23
21 16 10 10
9 26 11 17
23 5 7 22
19 3 7 5
19 27 13 16
14 9 21 5
16 4 2 17
8 7 16 8
6 15 16 9
18 2 24 15
8 14 10 11
1 20 20 27
21 20 5 19
13 3 2 5
26 15 20 20
5 15 20 17
17 6 20 15
24 13 15 3
15 2 6 13
14 24 5 12
6 9 4 16
13 11 23 2
15 1 6 8
5 22 17 6
13 16 17 24
21 24 7 9
4 23 21 7
9 13 8 2
22 26 2 20
3 22 19 12
19 9 23 10
19 19 27 5
19 21 5 12
12 2 14 16
14 25 12 11
22 4 18 20
21 8 7 23
15 6 19 21
1 26 22 13
23 22 2 6
13 23 11 24
3 22 9 9
25 10 1 11
2 26 18 2
15 4 12 2
8 15 11 18
20 24 9 16
22 16 7 21
26 6 25 7
18 16 6 12
27 17 9 16
21 8 19 6
26 4 22 27
14 19 6 23
16 9 4 15
22 19 1 6
2 13 13 22
13 10 17 21
22 19 15 26
16 15 13 18
16 13 16 6
27 11 20 17
27 3 25 27
23 5 22 19
24 4 16 13
12 20 5 18
5 27 7 20
16 6 7 27
26 13 8 19
1 2 25 26
5 22 12 5
8 12 19 14
21 6 10 12
6 5 21 26
6 15 21 17
15 7 4 22
12 24 23 3
7 19 7 6
26 11 7 19
8 13 10 7
8 20 2 9
5 11 2 25
23 25 22 20
21 5 10 25
26 5 3 9
24 11 7 27
6 22 8 9
20 26 12 16
11 16 11 17
27 2 4 2
23 23 26 13
15 9 18 26
10 10 25 27
19 27 14 26
27 2 15 7
5 24 17 20
2 14 19 14
7 18 21 7
26 11 8 27
15 24 20 7
2 21 21 2
23 19 17 17
9 3 12 25
3 15 10 16
14 12 27 8
7 1 18 6
9 19 18 25
6 11 3 23
1 14 17 8
9 23 14 4
10 5 4 18
20 23 17 3
14 8 4 19
20 10 22 24
16 21 27 8
22 2 1 14
17 24 22 7
13 6 4 22
5 7 12 21
4 16 1 3
27 11 8 1
25 2 6 23
6 25 14 12
6 1 1 18