27
504
1741
3504
2835
1272
1699
800
1311
3470
3335
1827
1808
2406
3042
532
2686
2663
2387
1840
1092
2147
1851
2974
2296
1479
2375
2545
368
4
6 27 5 19
12 1 13 1
4 4 26 15
13 5 7 12
9 12 12 10
21 5 20 22
11 27 5 4
22 9 27 15
3 14 12 13
23 25 2 23
17 24 22 2
25 4 8 2
26 4 8 11
4 3 1 13
19 3 25 26
1 5 24 6
14 24 21 13
13 10 19 14
20 21 2 14
5 26 11 20
17 12 10 4
27 25 4 3
22 1 25 4
11 13 21 2
3 19 1 26
20 21 13 14
27 2 3 2
26 17 8 21
12 24 27 24
9 5 20 21
1 7 9 19
2 26 26 13
5 2 18 21
16 15 21 1
9 19 1 27
18 19 2 27
9 9 25 22
25 7 5 11
4 20 22 20
20 23 1 25
13 12 17 16
9 15 15 26
27 7 12 16
20 11 7 5
25 5 21 17
1 9 18 5
20 13 20 25
2 21 6 27
25 2 25 9
9 9 22 15
1 15 18 14
19 3 1 19
10 14 12 11
13 7 11 26
9 5 6 14
18 21 5 6
12 25 23 17
8 4 5 21
23 19 21 20
19 23 15 19
16 11 26 14
23 9 24 8
1 16 17 3
20 4 20 27
25 3 2 13
11 9 6 8
27 5 13 16
26 15 2 2
4 10 18 26
9 13 17 12
8 11 2 19
24 22 13 20
24 4 9 22
16 18 25 9
21 18 8 12
12 25 22 25
13 2 6 12
13 25 6 4
7 24 20 18
19 27 9 16
22 20 25 20
21 11 24 10
27 22 20 25
20 4 19 22
7 15 14 26
23 25 20 21
11 12 10 5
7 11 22 14
9 17 11 24
4 16 11 26
15 26 22 15
20 16 18 1
4 10 13 6
18 14 22 1
3 5 13 3
9 26 6 15
22 2 16 11
17 26 13 27
22 18 13 27
16 3 17 11
15 26 24 1
15 26 9 25
21 9 2 19
8 6 27 12
14 22 21 7
2 22 11 7
16 9 20 2
19 18 17 21
7 27 14 15
3 9 2 8
27 8 22 3
5 20 6 23
7 20 5 26
1 10 13 8
12 4 3 23
2 1 18 3
3 22 18 2
24 15 5 9
26 9 8 15
8 17 19 10
6 5 6 12
14 14 1 14
26 2 8 27
22 17 12 21
25 11 26 3
10 4 19 7
23 4 14 13
1 1 11 22
16 16 7 13
26 25 10 25
21 21 22 25
19 6 20 12
3 9 11 22
26 6 12 22
5 11 5 27
7 27 2 20
1 13 21 1
23 11 19 7
12 4 12 23
14 3 7 16
24 6 26 16
24 2 16 9
27 5 14 26
2 21 4 16
5 26 4 21
15 10 17 12
18 22 8 25
18 6 27 1
16 19 21 17
19 9 7 13
13 17 4 11
15 8 10 2
3 11 8 23
25 9 22 4
17 10 8 5
10 6 10 27
20 17 5 6
2 23 27 24
24 3 16 1
12 4 16 23
9 15 10 1
11 5 25 3
21 21 7 10
27 7 11 23
8 23 1 16
3 26 11 19
24 20 10 17
23 6 20 2
4 24 25 1
25 19 23 14
10 12 13 17
8 20 25 14
18 15 15 19
16 2 3 12
3 7 27 12
17 15 11 19
18 6 2 13
9 3 27 16
4 17 2 1
8 11 17 22
7 13 6 4
8 17 9 24
26 6 26 20
6 11 13 12
18 12 20 8
9 18 25 3
8 12 26 2
23 7 22 2
24 12 19 15
8 6 27 5
4 16 9 27
13 24 24 4
27 22 25 3
1 10 21 2
6 22 11 24
3 19 15 14
26 11 14 10
18 21 26 4
6 21 6 20
7 13 24 26
25 24 7 17
25 27 2 6
5 12 7 3
15 23 21 11
14 15 19 7
9 23 5 17
14 16 21 22
17 25 14 23
24 23 20 27
25 7 18 7
18 3 2 10
6 17 7 21
11 4 10 7
1 7 9 23
18 9 5 23
22 13 4 20
21 13 24 23
27 17 26 26
3 14 12 17
18 16 5 14
18 27 9 1
19 18 9 12
10 6 17 6
21 10 1 5
15 20 12 18
14 3 18 12
21 3 5 16
27 8 22 7
3 25 2 1
1 17 4 11
6 25 13 20
15 19 20 13
2 7 24 10
20 4 4 14
14 14 9 14
11 2 14 1
7 1 18 21
26 2 22 16
6 17 15 7
23 16 20 3
19 15 5 6
9 22 21 10
5 16 23 19
5 24 27 10
10 20 24 8
26 10 26 23
10 17 7 3
21 14 2 12
10 14 27 21
13 10 21 8
4 13 17 4
7 16 8 1
8 10 25 4
23 18 10 21
26 26 11 24
15 24 11 21
6 6 14 17
10 19 1 12
12 9 27 15
25 4 16 11
17 7 9 11
6 12 15 4
7 18 1 27
4 17 17 14
1 22 27 20
24 26 23 10
17 16 2 15
11 9 19 1
1 21 8 5
15 25 22 10
1 25 17 13
7 9 18 23
3 4 4 6
14 7 9 12
18 1 23 12
1 26 10 1
8 21 20 7
21 10 7 4
20 15 18 22
22 14 23 2
4 1 24 10
7 22 12 16
11 7 3 26
27 1 17 13
3 15 5 14
9 1 2 15
3 4 13 15
11 14 9 10
22 21 4 5
7 8 3 18
17 27 1 23
2 17 22 27
2 9 20 1
2 26 15 10
14 10 12 21
22 23 20 14
11 7 23 21
16 22 13 12
1 11 15 14
24 26 3 8
23 17 2 17
24 25 17 26
15 19 19 27
9 4 2 23
8 18 25 12
15 20 4 14
12 18 5 21
7 22 22 14
26 27 10 5
14 1 16 10
5 4 10 20
9 26 14 26
24 22 17 26
15 4 19 13
14 6 4 20
27 13 10 26
4 18 21 15
17 8 27 5
1 18 25 12
1 19 5 22
8 15 23 18
11 16 22 21
20 19 14 17
20 15 8 4
25 20 14 20
14 14 12 20
22 25 3 25
8 17 12 20
27 7 16 6
25 13 24 6
14 12 24 9
27 15 22 1
19 23 26 24
22 17 22 10
18 16 27 2
27 4 27 23
15 8 9 9
7 25 21 27
19 13 15 19
26 18 14 18
7 4 18 13
2 23 23 27
12 27 18 16
11 4 6 3
5 20 13 24
11 24 4 23
9 23 25 3
10 21 22 12
20 3 21 6
23 20 27 25
4 19 10 19
11 4 7 9
13 17 9 13
1 9 22 5
15 14 22 13
26 17 19 5
2 19 9 11
13 22 17 1
13 20 11 11
5 6 1 6
26 5 24 17
19 8 13 10
26 14 15 25
17 14 14 6
24 12 7 10
14 11 8 22
2 2 4 1
13 7 16 4