27
3341
1622
1133
3197
2222
1416
2082
1684
1185
1891
3226
1270
3002
2984
2547
1676
1360
1572
794
1917
929
2013
3398
1307
1276
2943
3502
357
4
1 1 9 21
19 14 13 1
11 3 3 9
15 25 19 22
11 2 17 10
16 3 11 13
4 17 6 18
2 26 21 23
13 27 12 11
20 9 24 24
12 27 25 14
24 7 9 7
11 18 21 12
16 1 12 23
1 7 1 23
18 27 5 15
12 27 21 3
16 1 24 11
10 25 21 11
18 21 20 27
19 27 9 19
23 21 24 17
3 17 11 8
23 6 17 12
16 23 5 16
5 22 25 26
3 23 22 1
5 24 15 16
26 6 14 2
18 13 5 24
23 6 14 22
23 20 18 26
4 16 17 1
25 26 1 25
15 14 15 17
11 7 25 19
21 21 15 25
26 24 23 15
8 18 13 1
27 24 16 20
6 26 8 16
23 9 18 14
19 6 1 3
24 19 9 12
20 18 3 27
5 2 12 10
19 7 4 17
1 10 16 6
24 26 4 5
4 4 23 24
24 10 23 24
5 10 12 20
9 17 11 24
21 10 26 22
9 3 24 24
11 1 12 19
21 26 27 2
21 3 15 10
6 25 8 1
25 11 16 8
3 7 5 16
2 6 19 5
5 1 26 7
15 25 27 24
23 22 3 18
19 16 1 22
18 15 26 8
15 11 8 8
17 2 27 8
22 27 26 15
3 18 25 21
11 11 24 21
26 4 22 16
3 26 23 16
13 2 23 5
21 19 12 5
23 21 6 6
17 20 1 12
18 11 13 26
1 12 1 3
12 22 14 19
7 14 25 15
27 25 17 4
21 4 2 11
16 23 8 9
12 5 27 19
16 15 25 26
14 4 23 1
13 9 12 27
6 8 4 22
15 11 3 17
11 14 5 6
5 4 27 15
2 18 7 10
5 22 17 13
20 26 20 1
2 19 25 9
22 22 3 16
26 1 17 16
7 10 3 6
10 24 19 16
19 11 10 17
27 26 8 20
3 12 19 18
19 2 25 5
15 15 20 18
6 21 24 23
26 23 4 13
10 5 25 20
23 3 10 2
18 20 22 3
18 7 13 13
25 1 2 7
15 17 14 20
6 6 2 16
3 9 16 19
25 18 26 22
4 13 5 12
5 10 17 27
22 18 6 6
26 8 8 5
8 25 16 19
17 6 16 2
18 4 15 26
2 2 5 3
20 19 12 10
2 11 6 1
19 2 1 12
18 9 11 27
11 25 8 7
18 18 9 2
6 8 1 10
7 11 12 3
24 23 4 2
27 4 25 8
9 16 20 27
22 18 19 12
27 19 4 13
15 7 11 13
8 17 3 22
20 20 13 25
17 8 1 17
16 6 6 27
23 1 1 11
17 11 2 14
3 23 9 12
4 26 16 5
24 16 13 13
1 10 6 4
26 8 23 22
7 19 22 2
21 7 25 14
4 8 6 8
21 22 8 22
18 2 4 20
9 27 11 19
4 4 15 22
16 12 5 9
15 21 15 15
11 16 11 1
12 6 24 17
4 19 5 7
20 11 9 26
16 16 11 19
21 27 8 24
9 14 19 4
6 23 20 6
10 2 26 1
9 22 16 6
17 5 2 26
14 7 16 1
4 16 7 6
9 9 21 1
26 11 25 11
21 3 18 1
24 4 17 23
9 27 5 7
11 1 1 17
12 9 6 10
4 26 6 13
19 24 25 23
22 4 19 16
25 12 5 13
27 13 7 7
23 10 12 12
7 17 1 3
17 16 13 9
4 13 6 4
14 9 6 22
24 21 9 2
17 21 27 15
21 24 19 16
3 23 12 15
6 12 7 4
26 13 6 9
10 16 8 23
14 11 23 17
19 10 12 2
6 22 6 18
21 9 7 23
20 25 17 21
7 18 4 19
11 26 21 9
20 17 4 17
6 22 2 5
7 27 16 19
5 11 7 23
12 20 15 14
4 25 20 23
14 23 26 27
27 5 27 22
17 5 2 14
15 16 7 3
8 4 23 25
14 8 13 23
10 22 8 1
1 21 3 23
9 18 21 6
3 13 11 22
20 20 7 1
10 20 17 12
3 2 1 20
24 17 14 20
27 15 16 8
4 8 18 26
1 21 11 12
4 23 17 15
23 17 21 6
14 19 8 20
9 3 4 11
14 6 10 15
19 12 24 3
5 8 11 16
9 1 21 22
23 7 12 6
19 20 24 3
14 9 17 3
26 25 17 27
1 16 27 17
19 25 16 10
11 18 1 4
17 4 10 6
20 5 23 20
23 4 27 25
1 26 26 24
13 7 15 19
22 20 4 3
24 20 14 27
15 22 11 2
15 21 19 4
25 23 17 4
12 12 24 2
17 5 4 13
13 11 26 15
13 2 23 22
9 20 21 6
25 10 27 9
3 21 7 2
9 21 12 20
4 13 5 19
26 4 23 9
20 6 23 27
22 8 10 26
27 5 10 3
8 13 25 12
13 13 12 9
10 14 13 27
23 23 10 24
6 22 12 19
11 17 3 14
1 20 14 16
13 3 7 12
9 13 12 6
8 14 11 2
20 20 8 26
9 25 2 8
18 15 9 4
13 1 4 9
13 12 4 2
5 2 26 14
12 11 11 27
25 16 9 22
19 19 3 3
20 21 4 22
9 1 15 27
21 8 26 21
21 16 10 25
23 11 23 15
23 1 21 2
14 16 11 18
8 13 20 12
13 5 24 13
24 15 12 5
26 6 6 4
17 9 25 22
18 8 11 2
1 4 27 2
2 11 7 19
15 3 25 7
14 17 23 6
15 13 23 25
22 4 22 21
13 11 16 9
16 17 13 18
26 9 9 18
2 23 5 9
23 4 4 20
9 5 14 5
14 4 23 15
20 13 19 5
5 24 5 21
9 18 10 13
16 23 13 10
8 24 24 2
18 25 16 15
14 8 14 4
8 2 17 13
4 9 3 12
10 3 22 15
2 22 8 26
26 17 12 16
27 7 17 14
16 14 18 3
18 1 1 10
8 12 8 27
23 11 14 15
13 27 20 14
4 12 20 19
9 20 11 7
23 11 24 22
21 7 9 13
15 13 2 23
6 7 15 17
9 10 23 15
10 24 16 18
14 2 10 10
16 14 25 1
12 16 25 11
27 26 7 7
19 22 17 13
7 14 5 13
24 6 10 13
25 10 16 22
23 20 21 14
23 18 18 13
23 7 14 7
16 25 10 5
8 14 1 19
23 1 24 22
20 27 14 8
3 24 6 23
4 6 19 3
17 24 19 18
14 15 3 8
21 8 2 20
1 2 13 2
3 22 13 12