27
1164
1774
2765
1337
2786
417
2917
2906
1152
1539
2412
516
1434
878
926
453
811
1582
2460
2460
966
3069
1036
1650
3525
2008
1773
354
4
20 8 25 17
18 21 6 18
2 25 13 9
24 10 27 5
26 6 27 15
1 17 26 21
4 2 17 26
7 24 2 14
11 16 25 1
7 14 1 6
2 5 7 4
20 12 23 1
14 27 11 21
18 16 12 2
14 18 2 20
20 10 24 19
24 26 11 27
14 20 25 4
1 22 12 20
24 14 1 15
19 24 10 24
6 7 15 1
13 19 20 12
12 8 22 3
23 1 24 8
4 21 16 18
10 19 7 2
19 23 23 20
25 9 23 4
15 10 6 4
8 3 11 21
23 19 6 15
17 6 6 23
18 23 18 25
25 18 18 25
19 16 8 6
10 6 1 17
6 9 16 4
9 6 6 23
23 2 4 1
3 8 12 11
11 17 14 9
13 18 25 7
20 14 9 7
12 10 1 15
8 18 27 11
26 5 24 22
23 12 25 13
6 15 18 25
24 24 13 9
3 11 26 26
26 15 4 27
15 12 18 17
21 4 1 23
25 1 11 7
21 11 4 4
23 16 23 22
25 20 4 13
18 8 3 2
5 1 12 18
24 11 13 5
10 21 22 24
7 18 4 12
2 4 7 1
1 14 6 26
21 3 20 10
1 16 18 3
3 7 24 10
23 14 26 4
24 27 10 10
19 12 19 20
11 7 14 21
23 11 19 8
12 19 7 24
23 20 13 13
19 22 16 9
11 2 26 16
19 16 4 15
27 14 15 17
11 23 20 15
16 20 18 26
8 17 18 15
11 6 13 21
3 11 5 6
24 24 26 6
27 19 23 8
11 15 12 23
5 21 5 13
26 7 9 16
8 6 19 26
22 9 18 16
17 4 17 23
23 26 26 7
15 21 24 4
3 24 23 17
2 20 3 18
7 12 3 12
27 20 7 8
13 16 11 24
16 4 23 23
27 2 25 8
18 24 10 10
2 14 16 23
9 17 24 19
15 26 24 5
24 6 16 15
7 4 24 21
8 27 19 15
24 24 16 15
26 10 15 9
12 3 9 12
27 22 23 24
23 21 1 24
17 15 7 8
14 11 26 20
2 8 23 12
15 20 3 21
18 22 22 12
21 1 2 14
27 20 12 27
2 11 1 22
17 4 7 21
12 22 13 8
27 22 21 14
16 12 27 26
17 17 3 23
10 20 10 2
26 10 14 1
14 9 17 23
8 27 7 22
13 10 2 22
15 21 25 16
26 5 9 26
10 3 8 25
14 2 12 21
23 13 15 25
16 23 9 9
14 15 27 19
24 6 3 5
10 21 5 3
14 16 2 19
26 13 10 3
26 12 12 3
25 21 5 24
4 12 19 6
22 17 24 13
13 1 15 18
16 6 11 4
20 26 26 24
26 20 26 7
19 7 16 26
11 1 18 25
24 10 25 10
13 20 24 1
9 18 23 27
13 12 21 8
11 9 26 10
22 4 4 16
18 25 8 1
19 5 14 4
3 18 16 11
26 25 2 10
1 25 5 27
10 5 17 11
24 11 19 21
10 2 27 26
7 2 25 23
20 3 13 27
2 3 1 7
13 4 8 26
2 15 13 27
13 15 20 14
18 3 3 12
21 5 4 9
11 9 21 14
1 25 24 6
13 3 9 19
26 25 27 18
22 15 10 12
22 26 1 25
4 14 11 15
3 21 25 15
26 11 20 6
24 15 16 17
18 10 19 17
24 26 27 27
17 12 22 26
7 3 18 6
10 6 20 23
22 7 22 26
15 12 23 23
11 12 15 13
4 17 8 13
22 15 6 21
14 19 16 12
6 6 23 20
26 24 19 4
15 13 18 14
2 1 27 26
20 17 1 5
5 24 7 6
9 15 5 27
15 20 13 26
18 3 20 1
13 25 11 6
27 8 13 16
13 4 17 23
20 14 7 25
20 14 10 16
25 9 6 26
17 7 15 23
26 11 13 12
11 27 24 16
4 5 18 25
11 16 14 9
24 22 9 12
14 20 8 6
18 18 16 8
1 5 20 9
8 22 15 14
2 7 14 14
16 7 10 15
2 17 14 3
22 14 14 6
6 3 2 7
13 15 15 26
17 12 23 1
21 8 24 4
26 21 6 23
4 6 25 4
21 3 24 27
4 20 1 14
12 21 4 12
4 1 8 6
6 8 15 1
4 8 11 7
21 26 18 6
17 18 11 23
18 8 7 7
13 26 14 10
11 15 18 14
2 17 17 9
6 4 8 20
17 3 14 15
9 8 2 19
12 27 15 21
6 16 11 24
24 15 3 20
4 24 27 4
1 2 11 5
8 5 4 23
14 27 13 3
24 1 20 1
25 15 11 17
14 9 25 22
16 20 12 7
12 23 1 15
5 15 6 3
3 13 14 21
15 16 12 27
20 27 25 13
16 26 18 5
22 27 12 22
14 20 20 11
27 14 24 21
3 10 12 8
18 20 9 8
6 26 1 9
20 5 18 20
27 20 19 8
20 4 7 26
5 8 7 5
14 6 19 1
22 20 22 26
8 9 19 24
20 21 8 12
22 4 27 13
2 21 7 16
14 18 16 19
3 2 17 17
18 22 22 26
15 23 1 9
24 9 22 26
10 17 22 7
9 19 8 3
21 4 17 2
2 4 24 9
14 12 26 10
14 16 25 27
19 18 24 21
13 14 1 15
26 23 10 1
18 24 13 6
2 8 7 27
18 9 20 18
7 20 12 2
8 8 5 13
23 15 25 16
14 20 24 1
20 10 9 10
14 21 23 14
11 18 10 15
17 10 20 1
11 8 7 19
4 22 21 5
24 6 8 6
14 25 18 25
6 19 17 1
17 8 3 11
21 10 9 25
5 4 5 15
7 26 19 21
21 15 26 10
14 22 8 4
8 17 8 20
22 7 14 5
23 4 7 4
25 25 1 27
1 23 24 4
11 1 9 7
7 2 4 24
13 16 26 11
22 3 2 22
14 19 27 8
18 23 3 21
1 21 16 22
14 16 20 22
21 14 4 17
19 19 3 7
24 21 4 9
20 19 8 26
2 15 10 13
9 27 8 15
22 6 1 6
9 3 4 23
6 2 17 16
18 18 6 21
12 25 8 11
7 24 24 11
23 22 19 25
9 6 21 6
2 22 16 2
2 20 15 18
24 17 20 27
4 19 11 12
24 22 20 3
18 13 21 17
19 12 7 6
16 11 25 20
10 8 13 15
10 2 23 2
26 14 10 6
6 2 15 6
22 4 20 24