27
634
1898
3468
513
2828
2440
1366
1926
2862
2087
1248
1075
1325
1220
572
1516
1724
1666
2893
2698
664
2600
1655
540
567
1739
2641
355
4
11 23 25 1
13 14 13 19
17 13 9 3
24 21 16 17
18 21 27 25
22 27 6 7
14 17 1 13
1 10 22 21
1 27 20 10
26 25 27 4
14 8 3 23
2 15 21 14
4 3 23 9
24 3 24 17
18 16 23 20
10 15 18 18
25 21 21 17
19 23 4 14
9 23 14 4
2 13 3 15
27 3 22 14
20 11 3 20
9 5 12 13
23 17 1 11
19 24 22 19
23 2 20 11
7 1 10 10
13 15 16 26
14 9 23 25
23 1 10 27
8 13 25 14
4 24 27 25
4 17 10 6
8 7 26 20
23 11 21 16
22 3 14 2
23 4 22 15
11 6 24 6
3 4 10 18
14 27 7 3
16 1 10 18
22 19 10 22
8 20 4 6
9 5 8 14
14 15 24 23
8 27 5 3
21 26 21 3
9 3 13 4
2 15 3 16
26 15 16 26
27 19 3 10
21 4 11 3
13 18 14 2
26 13 11 5
24 26 5 23
10 1 22 6
14 15 14 23
15 17 14 3
1 26 12 11
2 7 23 19
5 20 14 19
3 10 11 9
18 16 15 7
2 13 24 10
18 15 6 21
17 24 9 16
5 3 3 15
5 10 16 7
23 19 25 23
14 16 3 24
26 9 6 25
6 5 18 20
4 14 6 15
22 3 7 5
25 15 1 11
9 4 26 1
15 15 9 18
19 15 19 19
16 21 10 9
27 7 27 5
10 27 1 22
23 12 2 9
17 27 23 24
23 23 9 25
12 6 25 10
13 17 9 2
11 9 15 11
6 6 26 25
19 27 21 17
25 25 23 8
18 23 14 16
18 18 15 15
13 3 12 5
24 27 11 27
11 27 24 10
14 12 2 1
5 18 10 25
21 25 20 7
20 21 27 27
11 20 26 11
23 17 14 16
12 3 26 7
11 24 7 14
14 17 7 7
19 27 18 12
6 9 22 26
22 26 19 16
21 16 5 27
24 6 6 17
1 9 27 27
26 21 20 6
8 13 19 22
11 7 17 9
22 26 6 14
14 8 9 17
15 13 5 22
9 16 1 2
21 23 7 25
3 23 5 12
18 2 1 26
14 24 14 1
17 26 23 18
25 11 22 17
15 23 9 24
8 7 14 15
25 27 20 18
25 5 6 3
8 16 15 19
21 11 20 9
18 8 21 13
26 8 9 2
8 27 3 12
12 18 21 17
19 9 4 5
10 22 10 13
27 26 19 7
10 2 15 14
16 3 2 8
21 25 14 22
7 19 19 5
10 9 5 1
25 11 9 13
18 21 23 11
24 26 16 6
10 10 9 20
4 2 20 1
11 12 2 25
15 5 27 14
15 5 6 14
18 1 3 26
11 7 14 4
22 26 22 27
4 19 26 1
3 17 13 11
3 16 22 11
23 25 22 24
17 7 27 26
12 19 5 9
22 8 18 12
20 2 11 12
25 19 24 12
15 14 15 15
2 20 11 17
23 25 22 7
5 8 27 5
12 13 11 1
7 9 13 17
3 10 9 10
4 8 16 27
19 18 2 14
8 13 10 2
4 24 5 21
12 18 22 20
3 16 26 20
8 7 7 1
20 13 11 11
25 16 11 27
23 27 25 11
14 27 12 27
16 9 5 20
10 14 7 14
16 5 24 16
27 5 14 6
17 17 6 17
22 2 11 27
10 3 11 15
24 24 9 2
13 21 18 14
23 6 11 8
14 22 16 18
4 17 9 17
2 24 22 27
10 17 15 11
5 1 15 8
8 16 17 10
3 25 15 9
11 20 16 2
2 1 16 5
2 15 5 16
1 6 13 19
18 3 9 25
1 5 25 27
21 21 11 10
27 21 15 22
11 13 4 6
14 4 13 12
1 10 19 27
6 15 16 24
4 18 3 25
27 14 19 1
9 15 24 12
27 11 17 13
11 14 15 12
26 25 24 17
3 27 27 15
21 25 26 4
8 9 9 27
8 1 12 14
8 12 26 9
8 25 8 13
3 7 13 10
23 26 13 1
26 2 10 2
15 4 10 15
1 9 4 3
24 9 26 21
14 14 5 15
9 14 25 8
1 10 10 12
4 1 21 15
12 26 15 24
22 19 8 5
27 27 25 19
22 5 10 1
13 4 2 16
22 4 15 4
15 11 23 19
18 9 14 12
9 20 19 19
24 23 13 14
25 18 22 11
20 17 18 16
5 14 7 20
1 18 21 19
22 13 23 19
8 7 27 15
14 14 24 4
25 6 19 15
12 14 6 23
17 22 11 27
1 15 13 22
19 22 27 19
3 12 3 6
11 12 11 5
6 27 24 26
3 22 27 22
5 9 14 8
14 4 2 19
24 3 6 5
10 11 5 18
7 2 26 1
17 12 27 9
1 21 8 8
4 15 26 1
20 10 27 27
13 4 19 13
26 10 14 16
6 7 24 12
15 27 27 7
7 26 11 2
11 6 21 21
8 25 12 8
11 3 4 15
3 21 18 5
9 20 12 11
21 13 16 27
26 27 3 5
26 21 19 12
26 20 14 3
19 11 17 1
26 27 12 25
11 1 24 2
20 27 12 21
14 23 14 19
9 22 4 17
11 6 8 18
5 3 16 23
20 4 27 18
21 19 24 19
27 2 7 4
27 9 25 7
25 19 3 14
1 13 17 27
10 10 7 10
23 3 17 12
22 21 24 1
14 15 8 7
13 15 20 14
11 13 21 20
13 6 23 27
18 1 24 2
23 7 11 7
4 8 2 13
21 3 9 1
4 20 5 12
18 11 8 6
8 5 5 21
13 3 20 10
23 2 21 4
27 11 19 26
3 4 15 20
9 24 8 2
24 1 16 20
23 1 15 5
20 12 10 17
12 20 14 4
3 25 6 9
17 25 21 14
8 15 11 25
18 11 14 15
23 23 17 27
17 9 12 10
24 26 21 5
7 23 4 5
4 17 6 26
25 6 21 17
12 19 11 23
19 15 1 7
1 1 12 25
8 13 24 20
25 4 18 12
21 8 19 17
9 7 14 7
6 17 26 21
16 1 26 27
13 27 9 25
20 10 4 5
6 15 21 10
12 5 12 2
17 2 20 21
3 10 22 19
11 12 24 21
4 21 16 6
19 1 14 17
24 20 16 18
2 21 21 24
3 22 22 17
3 24 19 23
22 21 7 7
14 15 19 8
23 14 9 27
13 25 20 18
4 10 22 26
1 6 19 8
23 8 4 21