27
412
2198
3493
1690
1344
685
1393
2723
2777
1381
1582
2475
1977
1223
502
3087
2367
1886
2247
619
1361
2410
2647
1368
1735
3129
3319
367
4
27 25 6 16
27 3 21 1
25 11 18 27
21 4 8 10
17 10 25 4
21 21 7 12
19 26 20 19
22 24 7 13
8 17 6 4
15 18 19 18
9 23 6 15
6 24 7 9
27 17 4 10
12 17 25 14
25 12 22 7
15 22 7 24
21 4 8 10
25 18 6 2
1 13 7 9
27 25 5 3
16 2 19 13
5 14 5 16
11 27 4 13
5 14 24 15
18 3 8 12
1 9 14 16
2 3 23 2
18 9 6 7
20 20 12 18
13 1 6 14
13 5 19 4
13 20 3 12
7 26 19 5
24 18 15 9
2 22 11 23
7 8 13 4
14 9 16 26
9 5 26 11
2 3 5 25
8 9 27 26
27 5 25 15
14 20 20 8
7 23 5 2
15 25 9 22
16 16 21 1
26 13 18 8
15 27 14 6
17 9 2 11
11 16 20 8
6 5 14 7
27 12 27 19
13 14 23 7
9 8 3 14
17 14 20 13
23 17 15 14
26 11 7 3
4 10 8 12
3 13 1 5
11 11 20 26
26 11 19 24
22 20 13 8
25 24 7 8
7 6 11 24
3 3 22 9
3 13 8 26
5 24 23 25
7 7 5 9
19 24 3 11
18 2 9 24
22 26 9 19
26 22 7 21
15 1 22 7
19 2 12 4
2 19 24 4
1 22 4 18
2 14 16 3
10 20 9 24
15 1 11 20
13 21 11 4
23 2 18 6
12 16 17 21
15 15 7 3
5 7 2 1
1 17 16 27
4 4 16 4
6 2 12 27
14 3 15 8
4 10 16 5
21 3 26 7
20 1 6 26
10 4 12 18
19 18 6 2
7 9 4 13
2 7 24 16
2 16 24 8
23 13 19 17
11 5 20 11
17 10 27 10
24 1 26 27
25 9 2 6
8 27 5 5
27 7 17 7
9 11 11 1
10 1 16 21
9 21 3 16
21 26 1 27
4 12 13 4
9 13 19 24
7 19 10 16
1 9 22 19
9 4 19 26
25 26 26 27
26 9 15 25
1 22 22 1
5 19 7 26
24 10 21 18
11 27 14 5
18 5 11 20
27 27 26 6
3 2 26 20
19 13 3 22
7 17 10 1
17 4 17 22
5 19 8 14
12 17 2 2
27 21 18 4
16 12 11 22
9 13 7 7
25 10 27 13
1 11 3 16
24 8 21 4
24 10 16 11
12 24 19 27
22 2 26 26
15 3 19 10
27 4 5 1
20 23 4 11
24 15 1 18
1 5 11 6
8 24 18 13
5 14 21 12
8 27 3 20
13 3 4 23
2 13 22 11
22 16 8 1
12 12 24 9
23 17 15 20
3 3 26 9
22 24 16 27
11 25 4 17
16 6 4 12
4 1 7 17
20 4 8 20
21 26 21 10
4 25 25 27
12 10 16 25
18 4 5 25
22 13 24 11
14 25 18 24
13 12 27 1
1 9 10 13
16 2 12 14
10 9 4 6
7 22 21 6
27 9 21 23
14 25 25 6
16 21 9 14
25 21 6 25
8 14 22 20
26 8 15 27
10 5 5 6
1 15 12 17
19 14 8 14
1 2 11 14
21 9 1 23
4 1 2 2
12 25 13 12
24 14 15 14
12 12 12 1
8 20 14 8
11 5 20 13
10 9 13 9
25 2 18 25
16 25 14 6
3 9 17 11
19 19 26 8
1 11 22 3
14 17 18 13
8 25 24 21
18 20 10 2
14 15 22 5
12 27 18 23
7 11 14 8
3 22 13 6
6 20 6 22
5 12 12 13
17 13 12 11
10 21 22 5
7 8 24 23
6 12 8 27
13 18 24 12
26 21 4 1
6 10 5 22
23 13 15 16
5 27 24 2
6 12 23 15
19 5 12 22
27 25 24 7
16 23 8 14
14 20 26 10
23 13 17 10
20 7 17 1
10 12 20 11
21 11 20 22
27 3 14 24
12 17 13 22
25 10 21 27
5 14 6 11
23 19 8 5
27 20 7 15
10 24 22 6
15 26 7 24
17 9 5 14
8 24 12 21
25 5 1 19
23 19 9 7
4 6 1 12
14 6 19 3
18 26 16 25
14 17 12 24
19 25 17 8
18 18 14 19
19 3 5 3
17 13 4 2
13 12 19 27
19 25 23 9
15 17 13 9
22 12 11 20
27 7 19 16
7 21 17 25
18 26 5 3
14 22 9 17
6 10 20 26
2 10 16 25
16 1 4 16
6 22 20 19
8 21 25 6
26 8 21 13
27 15 5 8
8 2 24 11
14 10 9 17
11 10 16 17
26 24 1 2
18 25 19 17
4 21 3 15
10 20 21 15
9 27 24 14
4 9 23 25
13 19 2 25
5 8 1 18
18 22 3 23
17 12 17 10
5 19 17 3
13 13 17 16
18 8 19 2
16 26 24 11
9 27 27 5
20 8 17 26
7 2 16 3
20 21 11 23
12 2 27 16
1 4 15 19
12 2 4 12
3 9 27 20
1 1 6 19
12 1 16 2
7 23 12 7
6 2 19 4
23 18 20 21
7 15 2 10
5 7 6 13
15 25 17 20
26 16 9 4
11 15 12 17
7 6 18 10
17 3 12 22
13 15 8 20
10 16 10 10
14 24 9 12
24 14 19 13
23 19 19 22
26 18 21 1
24 1 23 15
24 4 26 2
24 16 27 26
7 24 22 4
10 18 4 2
16 2 2 16
4 16 5 2
27 14 27 16
18 12 4 6
25 12 10 24
8 24 15 11
9 26 9 11
7 17 22 7
19 7 16 20
21 9 7 11
24 3 10 21
18 4 10 5
19 21 6 18
19 23 2 23
22 20 10 9
21 20 23 2
14 17 15 19
16 24 12 9
15 3 20 13
26 21 7 15
22 15 14 22
24 6 23 11
5 22 21 23
21 1 13 22
5 21 8 1
6 4 2 4
5 17 2 17
8 3 9 23
7 23 12 26
1 18 11 2
21 5 21 20
11 23 2 21
17 8 7 8
11 25 13 4
2 23 23 19
20 20 3 20
20 25 14 15
17 13 20 13
21 13 5 19
22 11 24 23
27 18 19 9
9 4 22 25
17 23 1 20
2 6 19 15
21 3 8 2
8 4 7 5
8 21 26 17
7 18 14 1
10 22 21 24
4 9 13 26
6 3 2 13
2 6 10 7
27 5 23 27
7 23 23 4
13 15 12 21
1 15 15 20
24 16 25 17
22 13 27 25
2 4 5 9
9 12 12 24
10 18 26 26
5 22 3 22
11 17 15 5
2 15 5 20
1 24 21 23
9 15 26 9
14 25 14 8
10 9 25 27
27 6 4 6
5 21 2 23