27
1915
1721
3282
1156
3192
1484
2349
2165
1825
965
504
477
1893
3362
3171
1452
1890
770
1725
1220
647
1763
1241
2833
1338
711
965
345
4
26 3 1 16
7 5 12 7
10 9 7 3
15 22 12 7
20 25 14 12
3 22 17 24
2 25 22 23
20 2 1 17
9 2 18 4
11 21 11 25
4 10 19 22
20 19 20 5
18 19 7 4
25 20 5 10
16 20 8 16
27 9 24 27
21 26 24 23
23 23 10 25
21 18 4 10
2 3 10 26
5 21 21 5
24 6 17 15
18 22 1 21
9 25 19 2
23 26 6 22
26 16 25 26
8 26 18 21
20 10 26 8
16 11 12 12
18 11 21 13
7 18 14 26
7 24 22 27
2 11 17 4
15 22 16 12
13 12 8 9
22 9 15 4
19 17 22 2
17 4 26 26
12 5 15 26
6 5 2 13
13 16 23 5
23 5 18 8
21 19 19 4
10 5 15 19
20 24 26 14
14 13 6 18
10 2 23 3
20 16 7 6
2 6 7 14
6 10 2 5
4 18 17 2
21 17 8 27
22 12 26 8
13 4 17 7
24 24 25 16
24 4 25 24
18 16 8 1
7 8 9 7
22 9 23 16
27 20 21 25
23 27 23 25
16 8 21 23
22 2 12 13
18 10 25 2
6 12 24 11
25 4 8 7
24 21 5 8
2 14 25 3
1 11 4 8
9 4 19 1
23 13 16 17
15 22 12 10
27 16 11 12
12 15 11 11
18 12 10 25
8 17 27 11
11 9 8 11
10 16 5 14
15 26 8 19
13 22 26 27
2 15 2 3
13 3 2 20
19 13 11 13
16 5 18 5
18 3 23 24
6 26 23 27
6 21 17 22
6 3 12 17
1 13 16 19
2 17 10 19
15 21 22 25
10 11 13 18
3 14 8 21
24 20 1 18
16 19 11 4
5 9 27 17
22 25 8 17
4 16 21 9
22 19 16 17
14 8 14 26
18 2 22 11
27 18 2 6
11 19 14 14
7 21 11 1
1 12 1 20
23 7 19 26
24 23 26 23
23 22 9 17
22 26 10 22
4 11 17 6
15 7 15 3
11 25 21 16
16 8 2 13
13 1 15 24
22 11 22 14
27 7 15 15
5 3 13 12
10 9 17 11
15 8 15 8
27 15 15 2
22 12 10 5
16 5 14 23
4 23 13 8
11 13 16 27
3 2 24 16
21 19 25 9
12 5 13 23
14 10 11 8
14 4 5 5
12 1 9 2
8 19 20 5
13 14 27 16
4 16 5 26
13 17 16 14
7 24 18 21
9 23 16 6
13 21 23 22
21 21 16 24
25 25 27 12
11 3 23 15
10 5 2 6
23 23 7 15
12 5 8 24
21 23 8 25
23 20 15 15
1 1 4 9
23 6 15 4
22 1 8 14
24 20 14 5
26 8 15 14
27 25 10 17
1 23 22 2
25 3 17 15
3 18 10 24
19 5 8 2
25 16 15 17
25 1 23 8
4 4 11 1
13 10 9 17
9 17 20 22
27 12 10 24
24 15 6 23
1 17 4 3
7 4 2 16
6 24 12 18
17 17 26 4
2 21 24 17
5 4 9 6
15 6 24 13
21 7 13 22
18 23 4 2
11 2 7 6
10 13 23 13
22 3 1 11
22 10 13 18
5 17 24 26
18 3 18 7
22 15 25 21
18 11 18 9
21 12 13 6
1 24 19 7
22 3 15 16
11 10 26 7
6 15 25 25
27 21 10 10
26 25 8 1
17 10 27 27
17 15 13 4
25 17 13 11
12 24 6 8
20 2 8 21
7 16 7 3
4 7 10 14
8 9 15 8
24 15 14 24
7 2 2 20
20 10 4 24
17 11 14 15
25 17 2 13
27 2 11 23
6 22 20 19
25 7 15 22
8 16 11 19
24 17 7 22
24 3 13 25
9 14 24 3
20 21 1 10
16 19 22 12
3 22 9 1
13 18 11 15
22 24 16 21
6 9 11 22
10 12 10 12
11 25 5 2
17 25 8 24
18 20 25 27
12 16 21 17
17 4 25 10
2 4 25 11
18 12 26 14
12 15 25 16
18 19 18 17
22 20 5 24
5 8 26 11
3 4 19 9
25 18 10 2
1 3 19 25
2 12 9 25
11 24 12 1
23 5 17 20
23 14 15 24
22 13 10 7
17 16 5 19
13 27 13 3
11 21 19 21
22 9 22 8
15 21 17 26
27 5 14 18
20 20 16 19
5 15 18 3
17 18 12 13
26 7 22 21
9 18 11 20
21 15 8 1
26 23 2 13
16 9 3 16
6 8 18 22
27 21 1 17
21 22 3 7
1 21 15 16
11 18 15 18
24 19 8 13
27 7 13 15
17 13 15 6
11 18 4 8
8 6 14 17
8 3 12 8
5 4 4 24
7 14 3 2
4 14 4 25
17 15 19 13
8 24 1 19
12 8 14 16
14 26 25 15
27 23 20 10
8 11 18 16
27 10 16 11
18 27 21 14
17 24 16 16
5 24 8 22
13 3 20 7
20 27 5 9
15 1 18 19
14 2 8 25
15 16 27 15
23 26 9 7
17 12 8 4
18 6 25 27
2 1 27 13
11 26 6 18
12 12 12 25
25 2 24 26
20 17 13 6
8 13 8 23
16 6 25 1
21 15 23 20
2 9 12 6
21 5 25 6
5 7 23 25
17 25 27 6
15 23 13 3
9 10 27 4
7 20 8 1
12 21 13 14
25 6 18 21
3 1 15 2
12 22 25 22
3 11 23 23
15 5 21 17
17 19 12 22
19 15 14 12
8 15 12 18
13 1 26 18
16 6 2 16
6 27 3 4
20 23 18 4
7 11 4 9
17 13 25 1
4 9 18 23
15 24 8 26
9 23 24 21
22 27 3 21
3 17 8 9
15 11 26 26
8 11 4 6
8 22 10 20
21 8 1 2
4 8 2 23
16 25 22 21
23 17 3 14
17 26 12 6
9 7 19 16
26 25 3 7
22 14 5 25
1 17 5 17
25 14 21 17
6 14 13 17
13 2 14 5
24 12 12 20
23 8 24 1
13 19 5 22
7 4 5 27
18 23 23 25
20 12 5 11
19 1 22 4
25 10 11 13
14 25 24 15
26 10 15 4
7 1 20 9
22 4 25 1
15 16 18 5
21 14 11 14
26 5 23 21
16 14 11 8
23 18 23 23