27
1694
3220
1352
2871
2342
3439
540
2772
2274
3018
1731
2222
3125
1711
1656
558
3509
2816
1323
1095
3223
1225
2374
1944
1406
1947
3404
374
4
4 27 9 19
6 2 15 14
2 15 13 2
5 11 26 13
15 20 18 24
10 16 21 9
11 14 16 3
20 27 9 1
12 9 5 16
15 18 25 4
20 9 13 2
23 9 20 25
17 18 15 17
8 21 26 24
16 13 27 17
21 10 26 21
4 5 18 9
22 16 17 25
14 15 21 3
4 7 20 5
3 1 9 14
15 10 17 12
15 24 17 10
5 7 27 11
2 11 27 5
3 15 21 1
15 8 4 19
2 16 26 7
18 6 1 5
10 7 13 25
12 25 11 16
5 4 19 11
10 7 21 16
5 13 19 14
7 10 26 6
7 13 13 4
5 11 16 13
24 4 7 19
4 25 25 19
17 16 13 17
22 24 14 13
23 27 20 12
11 26 3 11
25 1 22 4
21 15 12 22
9 25 20 27
4 17 26 7
20 12 11 8
22 23 3 9
22 22 19 27
21 2 1 6
11 6 17 22
18 15 19 12
7 16 13 12
27 15 6 16
10 7 16 27
12 22 1 27
26 22 18 15
23 25 3 18
9 25 15 7
3 20 9 20
23 1 9 27
8 23 20 25
9 7 13 14
5 14 25 11
3 6 5 25
2 9 7 14
8 5 13 21
27 27 17 19
24 11 5 2
1 13 20 2
4 14 23 1
3 3 27 16
21 13 27 27
1 16 1 9
17 18 10 3
3 15 3 26
2 18 22 27
19 2 25 5
20 26 1 22
26 7 11 21
24 7 8 3
5 23 14 11
14 3 17 25
11 12 5 13
21 20 20 1
17 1 6 1
12 2 14 25
4 24 14 16
8 6 5 16
2 1 25 21
27 26 19 8
9 5 23 3
11 4 12 8
20 20 20 10
14 13 12 14
27 20 12 17
23 24 1 8
2 3 4 26
27 25 22 11
23 10 8 11
11 2 15 11
26 4 10 7
25 5 3 2
24 6 12 11
26 24 7 20
26 17 18 26
8 2 6 2
21 23 6 1
8 16 27 24
1 15 16 25
22 18 15 19
1 20 16 11
11 27 6 14
24 13 26 23
6 12 10 17
24 10 17 15
26 3 14 9
25 25 6 18
26 14 1 22
20 4 26 15
5 8 27 22
15 20 15 24
17 7 15 19
5 25 25 5
13 27 5 7
16 16 22 22
14 3 22 18
9 16 13 10
9 26 6 24
27 8 3 24
20 5 26 14
25 4 5 17
5 6 7 8
21 3 24 2
1 6 7 13
2 4 13 19
22 26 9 25
1 23 11 19
6 10 21 6
21 3 15 27
24 16 6 3
20 11 7 25
5 17 27 17
12 16 25 9
20 7 13 25
22 21 25 13
22 22 1 4
15 23 19 1
19 22 4 3
12 10 26 7
24 15 19 24
10 12 7 18
6 21 6 2
22 17 8 19
25 12 2 27
17 16 19 1
1 17 14 17
12 17 18 20
26 27 10 21
16 24 17 11
8 22 12 4
6 13 7 18
5 23 5 11
26 23 14 17
17 3 22 6
23 7 22 6
7 17 27 20
24 6 21 23
3 12 12 14
16 21 22 11
22 13 22 20
17 19 21 3
1 10 14 20
10 19 9 6
1 16 13 22
20 14 5 9
18 21 6 2
9 17 20 25
20 23 18 18
10 8 10 24
9 4 12 9
7 14 11 7
15 8 7 12
7 5 7 11
20 25 20 4
21 15 22 16
16 5 2 14
18 22 6 4
9 7 14 20
4 6 7 12
26 6 4 21
20 15 26 27
23 16 17 2
20 3 14 8
26 24 3 8
10 23 22 7
25 21 14 17
12 25 8 24
12 25 14 23
17 7 9 13
8 5 9 6
20 15 15 17
19 21 14 25
23 7 26 6
14 24 14 10
22 21 10 3
24 25 22 3
11 1 14 5
14 1 8 26
26 23 22 1
23 18 17 11
27 5 5 14
19 23 14 14
10 19 12 7
4 1 9 17
12 21 19 14
15 19 5 25
10 11 11 26
27 8 27 14
21 8 1 19
4 27 27 26
26 12 21 6
10 17 18 10
27 19 27 15
15 26 17 8
2 6 21 25
25 10 16 10
13 22 2 20
27 4 13 3
7 26 6 6
11 14 16 26
7 19 15 17
23 19 13 5
12 4 5 24
10 10 18 4
18 7 9 26
7 12 24 18
19 11 15 2
26 1 7 1
16 13 5 3
8 12 25 21
20 13 9 11
10 5 25 11
17 8 24 3
7 1 22 27
26 22 6 20
21 18 12 21
23 25 7 22
13 24 1 3
24 14 10 21
3 19 21 22
16 11 12 14
26 2 16 4
14 9 5 10
15 16 20 10
15 6 7 13
24 15 15 10
5 14 25 16
9 11 16 24
20 17 7 19
8 3 14 15
25 1 15 12
3 26 17 18
15 11 20 4
21 8 15 4
5 11 8 25
9 5 25 4
11 1 1 14
12 21 6 15
7 10 24 21
13 6 13 21
5 4 17 26
27 7 26 13
25 24 7 24
24 19 22 19
10 20 5 21
13 1 15 20
13 15 8 13
18 17 21 15
9 25 16 9
23 10 24 14
7 1 27 19
6 16 5 15
26 9 17 5
3 3 14 8
7 15 21 20
20 13 27 20
1 18 5 2
26 27 13 22
27 19 6 12
22 19 25 18
12 6 9 26
4 14 26 15
3 19 20 9
6 17 17 17
24 18 18 5
19 5 13 2
3 13 12 15
6 4 12 21
18 12 24 24
26 3 25 25
19 15 26 23
18 13 5 9
23 21 22 3
7 3 6 21
14 10 8 8
19 1 19 3
20 24 8 27
7 15 11 24
21 16 17 10
4 1 20 19
20 19 25 15
7 19 5 6
8 6 13 24
15 5 20 12
5 23 16 2
16 20 18 22
9 16 8 8
13 2 1 6
17 3 15 11
1 2 22 16
19 10 7 3
4 18 8 21
14 12 2 19
26 19 3 18
22 11 21 6
25 18 13 22
18 22 15 1
10 8 5 4
8 14 17 26
17 9 15 4
3 11 5 6
15 26 16 12
26 24 22 26
17 26 20 4
4 26 8 24
24 17 11 24
22 11 17 13
13 12 14 16
19 1 13 13
4 3 15 9
8 10 8 22
2 2 4 22
25 12 12 20
5 8 16 23
14 13 1 15
23 7 27 1
4 25 12 3
11 17 19 1
13 7 13 23
23 20 2 9
5 8 25 15
12 17 17 23
23 17 25 8
13 9 26 26
12 20 11 22
15 26 6 26
25 19 20 6
23 24 16 7
22 8 3 18
1 27 9 18
8 18 9 4
6 14 25 2
26 8 6 1
12 11 11 25
17 23 7 8
12 15 4 19
11 6 16 13
15 3 27 24
1 3 25 2
7 3 13 15
9 21 9 4
15 11 9 17