27
3115
2807
3439
1042
704
2850
2331
2767
3395
2846
1540
410
2688
1686
3000
1791
3380
2427
2891
2943
1714
1747
916
1190
1693
2500
1267
320
4
13 4 5 24
12 9 19 16
12 20 23 22
7 18 23 24
3 22 6 1
2 20 23 15
7 5 10 3
3 12 8 1
22 8 19 4
12 5 14 25
3 10 20 23
4 7 25 9
24 1 6 17
26 13 5 2
26 1 22 11
10 10 26 27
4 25 20 19
11 8 24 26
19 18 6 10
8 20 4 11
18 22 17 16
22 5 4 3
24 22 10 19
14 27 12 14
16 26 26 17
27 24 24 2
25 13 13 20
9 16 14 20
9 8 8 18
7 19 6 6
7 22 1 22
21 10 25 8
1 15 4 14
15 21 13 11
2 3 25 7
18 17 1 6
1 25 5 20
20 27 3 20
27 14 14 11
4 9 16 13
12 18 16 21
5 5 15 9
25 19 18 17
24 10 13 21
27 11 1 20
6 19 7 12
17 3 23 25
22 19 3 18
3 9 10 17
19 4 22 13
26 16 26 11
5 3 10 19
26 12 23 15
4 16 3 1
27 12 20 11
16 1 25 18
3 21 7 11
24 26 19 18
18 16 27 4
4 3 8 16
8 21 14 27
13 10 17 26
26 25 16 2
25 3 21 23
20 19 1 17
26 21 1 14
16 17 20 26
13 16 27 20
2 19 10 15
3 26 27 8
19 15 8 27
12 3 23 1
8 21 2 8
24 13 22 9
17 1 2 19
1 3 9 11
3 3 23 17
9 23 6 3
7 12 15 15
27 20 18 19
3 3 20 14
22 5 23 19
19 11 12 1
12 10 2 5
6 15 12 9
13 2 4 14
8 22 18 11
10 5 15 24
12 14 18 14
20 18 23 9
19 18 26 7
14 16 8 25
24 11 8 11
14 21 10 17
6 12 22 25
13 24 21 18
12 2 1 19
21 20 7 5
12 11 24 5
22 7 4 2
27 7 16 16
6 6 14 9
8 1 13 21
10 1 11 14
14 4 21 13
3 10 4 15
22 13 15 22
23 10 5 13
18 21 10 2
13 9 14 1
11 21 13 14
20 12 16 4
15 21 9 26
11 23 26 6
8 2 27 18
7 26 9 18
23 9 14 25
5 10 8 23
7 17 7 26
16 22 17 5
24 11 26 25
26 17 7 8
14 23 10 27
25 10 6 11
26 21 19 18
13 27 11 27
25 16 1 18
20 5 4 21
25 5 19 2
24 15 1 21
4 26 25 22
19 5 16 9
22 15 14 6
5 17 12 18
11 24 13 12
1 6 7 25
23 19 5 11
5 8 12 21
25 1 2 26
18 5 24 5
15 11 18 19
27 24 2 26
5 25 20 22
21 2 14 23
8 25 10 5
4 26 23 5
17 18 25 12
9 9 14 15
18 10 22 3
20 6 26 6
19 6 6 4
18 15 8 8
20 1 21 22
15 26 6 10
7 25 18 2
26 13 19 9
24 9 6 24
7 13 26 17
8 11 24 11
22 7 22 5
13 5 8 17
14 15 7 1
5 9 12 26
16 7 4 17
9 6 14 12
9 6 1 5
1 25 7 5
13 1 23 15
17 19 26 6
10 4 21 19
20 23 26 4
22 19 24 14
4 15 12 24
8 1 21 18
7 18 17 10
25 9 22 17
17 6 26 27
22 9 12 26
8 3 24 10
16 11 15 26
10 26 3 21
15 15 13 23
21 22 21 15
9 9 7 15
12 16 27 18
14 13 7 8
21 23 10 27
18 19 27 7
18 13 11 26
19 27 11 2
12 27 24 25
13 26 16 11
21 10 8 19
16 19 26 27
21 20 18 2
11 23 8 5
27 1 10 15
14 10 14 5
5 23 15 10
2 18 1 9
11 4 20 17
20 23 23 22
18 27 8 17
17 7 12 15
7 19 5 17
9 27 1 18
2 17 11 2
15 13 27 16
3 1 1 19
1 5 20 5
19 27 12 6
11 1 2 14
25 1 22 3
3 10 25 12
17 12 17 21
14 8 20 4
1 2 17 6
3 5 23 8
8 26 18 25
13 17 25 10
13 16 9 17
19 20 20 15
27 23 2 6
21 20 5 27
21 18 11 11
6 25 21 11
12 10 13 27
19 26 8 26
13 12 18 14
14 24 5 20
15 8 1 5
5 19 13 3
4 21 10 25
11 17 27 14
13 2 20 13
5 24 6 3
18 8 3 14
26 25 16 18
9 5 1 23
22 25 2 18
12 24 18 5
2 4 11 16
17 24 24 20
9 16 25 6
2 18 20 17
1 21 5 25
14 27 20 25
11 14 23 20
10 21 14 4
5 20 24 9
1 7 27 26
12 8 27 1
8 26 22 22
2 8 12 22
21 17 10 20
27 15 6 7
4 13 18 16
14 17 3 27
6 22 15 20
4 18 11 1
10 14 14 25
6 16 7 10
15 18 24 24
2 25 4 16
3 25 11 3
16 23 23 14
4 7 23 9
14 12 5 9
17 2 20 16
2 2 8 7
11 13 27 4
2 12 24 6
21 19 24 5
2 26 7 6
7 24 9 13
14 2 26 20
20 22 25 11
17 1 1 8
11 6 4 6
23 19 6 23
16 4 9 11
4 4 1 12
13 13 12 25
17 13 23 16
7 14 4 3
20 21 2 11
18 24 14 13
26 15 18 25
21 5 13 5
5 11 20 17
21 4 16 12
24 10 22 22
24 23 13 18
3 19 6 5
18 12 5 4
25 26 19 2
9 9 2 1
17 22 2 15
19 3 19 4
26 20 20 7
11 26 9 21
26 12 7 24
12 4 13 16
24 24 22 7
9 12 23 24
11 24 22 11
9 8 8 27
13 23 27 20
12 9 13 16
6 20 25 22
14 26 21 25
9 14 1 26
9 9 24 24
10 4 6 20
4 21 9 23
18 19 13 21
16 10 5 25
12 10 12 13
4 6 20 13
5 23 21 8