27
2571
2682
807
1429
1871
1625
3473
1667
3003
2434
2149
2559
1708
2590
1707
1172
1049
2121
957
710
1051
1617
1287
2926
1003
3500
833
299
4
25 4 27 4
2 5 8 26
14 1 24 8
9 9 14 6
8 22 14 2
11 18 5 11
14 24 12 15
26 15 20 8
7 4 12 11
16 3 21 1
2 9 18 24
3 24 11 14
20 6 13 18
13 22 25 20
10 5 7 15
13 3 25 15
12 14 17 7
9 7 17 14
10 16 21 14
1 25 18 25
2 17 6 25
21 1 16 2
14 17 5 27
7 17 3 19
19 9 27 26
18 16 8 9
18 5 1 3
5 2 2 5
4 13 10 23
20 27 19 12
4 23 4 18
9 21 6 27
11 18 5 4
15 10 27 19
1 8 26 3
21 7 25 4
7 16 26 19
9 26 5 10
21 26 15 4
15 2 18 5
9 1 2 5
6 2 6 12
17 11 9 7
16 19 5 24
17 14 2 1
7 12 4 21
2 13 27 8
18 2 16 17
8 9 10 16
11 22 8 3
16 7 2 22
25 6 11 12
6 16 3 18
12 7 2 27
13 15 9 2
23 11 11 9
15 13 17 18
18 22 23 12
1 11 9 21
15 10 26 9
6 10 23 2
10 6 10 2
7 17 18 27
9 10 13 19
11 7 7 4
27 8 16 23
23 8 25 9
19 27 5 10
19 6 15 21
19 6 16 18
6 2 16 8
9 24 4 16
26 7 16 25
7 14 7 8
4 19 23 15
21 3 2 21
20 26 2 18
20 2 20 13
25 11 5 21
26 12 22 18
16 19 23 15
16 13 12 1
15 23 7 8
17 9 16 14
1 1 5 6
24 15 19 27
8 4 11 1
21 10 21 13
22 23 13 8
21 18 24 22
8 18 18 7
19 21 23 6
11 10 8 11
26 11 24 26
24 9 11 9
18 19 15 3
18 16 16 7
4 3 13 4
10 20 12 11
24 1 6 23
16 4 6 20
2 25 9 14
21 1 13 1
21 17 21 2
1 21 11 19
5 12 16 8
24 25 3 23
3 14 3 20
27 13 1 24
12 18 25 13
1 19 25 18
7 13 27 16
13 11 1 17
25 22 25 17
1 12 7 23
18 25 14 18
1 19 19 27
25 5 16 1
14 18 6 2
3 19 6 1
27 16 27 2
12 21 19 26
13 26 10 14
19 22 12 13
26 20 21 17
9 3 25 3
3 26 24 7
11 21 7 8
13 8 27 6
12 22 22 23
14 24 14 15
13 9 19 14
20 6 27 26
16 24 26 23
24 2 16 6
14 10 24 16
3 25 8 26
14 14 9 2
9 25 22 24
5 9 3 5
5 22 26 13
27 21 2 23
21 25 12 1
1 11 11 15
9 3 17 14
12 17 20 13
1 20 12 23
26 15 7 12
14 13 24 23
20 8 2 11
9 23 5 6
9 10 9 23
6 7 7 9
1 23 1 13
18 9 17 27
17 27 5 15
7 2 18 27
9 23 27 14
16 9 2 26
27 4 14 15
12 5 10 1
7 19 6 1
23 27 25 12
13 19 12 23
24 14 6 23
16 10 19 5
7 5 12 17
27 5 3 9
10 25 10 10
4 7 27 20
20 20 4 27
22 26 21 20
9 20 27 26
5 18 11 14
7 23 22 14
11 11 25 11
9 20 26 14
6 2 5 2
21 27 15 17
16 21 27 2
4 16 8 2
15 3 12 5
8 24 7 13
14 10 12 6
4 3 25 5
10 21 9 6
16 26 8 21
26 11 24 1
12 21 19 11
5 16 23 13
19 11 13 8
12 16 17 5
7 25 24 20
16 1 22 9
10 6 19 11
19 17 9 10
12 24 20 2
7 24 24 3
8 14 6 18
9 2 20 17
20 14 1 19
17 9 18 20
13 1 17 6
26 17 10 14
2 22 27 16
15 2 2 16
5 20 7 6
18 18 14 10
7 21 26 2
8 4 18 10
5 22 14 17
6 9 23 14
24 1 16 17
15 15 12 14
8 11 22 19
14 4 26 6
6 16 24 20
13 14 7 22
22 10 19 18
20 3 27 15
25 27 7 8
5 9 7 27
19 6 3 17
15 17 22 8
17 24 19 12
16 26 16 25
5 15 27 14
20 17 3 13
14 25 14 27
20 7 14 19
19 19 25 23
15 21 20 24
10 1 2 6
11 22 25 15
20 3 11 18
11 26 16 6
3 21 3 4
27 21 5 11
10 9 26 20
17 10 7 21
12 9 15 16
18 2 13 6
2 2 7 15
23 27 3 5
23 17 1 6
7 3 22 11
18 9 1 26
17 27 1 14
7 12 24 19
21 16 13 15
5 18 13 21
27 4 8 16
26 26 15 21
1 3 7 27
20 10 5 11
4 5 14 11
25 26 18 3
18 10 10 4
4 24 8 25
10 14 14 14
23 24 15 7
9 24 8 27
18 6 8 17
3 6 8 4
14 6 1 12
10 21 16 18
27 10 2 15
7 17 8 7
1 17 13 8
7 19 5 8
25 10 22 19
6 8 1 9
12 2 26 14
19 15 4 12
14 26 3 1
21 18 18 6
6 16 26 5
24 16 1 15
7 25 9 1
25 5 15 10
15 17 15 17
17 6 2 27
23 18 1 25
6 26 26 16
27 8 22 1
14 16 27 17
17 3 26 16
10 15 11 24
12 24 22 14
2 5 8 9
6 18 8 14
4 10 3 23
4 4 6 21
21 26 7 20
4 22 8 22
11 27 12 3
20 13 21 8
5 4 17 16
18 18 5 13