27
3286
1267
1386
578
3315
1582
1417
3192
952
3495
549
2470
1592
2001
2612
1638
1262
524
2599
3255
2752
2734
2560
2196
2968
2438
2621
379
4
17 8 3 21
25 11 24 23
13 5 1 27
13 15 13 5
1 10 11 26
24 18 4 6
10 4 17 20
24 5 20 3
11 18 17 1
24 1 7 3
12 3 7 3
7 24 19 1
21 4 6 19
8 22 18 7
23 5 22 24
16 19 8 10
27 16 12 13
19 21 25 25
21 8 22 20
16 12 16 11
19 25 26 7
20 3 9 3
9 4 11 24
11 14 16 21
19 4 21 22
7 5 1 25
21 10 27 9
9 27 8 24
24 26 26 13
24 11 14 11
13 15 25 3
22 16 25 8
23 15 18 17
21 12 13 2
12 18 18 14
27 11 10 19
11 27 23 21
5 24 19 17
20 6 1 11
21 12 13 3
2 11 13 1
13 12 17 27
7 10 12 16
15 1 23 16
7 11 17 12
27 27 7 10
12 13 7 4
13 7 2 16
4 8 26 1
17 9 20 19
27 17 10 26
14 17 10 26
17 6 8 13
10 9 4 25
6 8 6 13
16 27 25 13
12 24 14 27
8 10 18 6
17 24 11 5
11 16 2 24
10 14 15 21
15 22 11 7
8 26 23 23
12 7 17 24
1 13 1 18
15 17 12 23
8 6 10 4
13 8 10 26
23 8 7 11
13 5 17 19
25 9 1 4
25 27 7 16
14 13 25 18
4 14 27 27
10 23 6 25
13 2 2 14
14 6 23 7
3 14 11 3
21 9 12 1
1 16 7 11
25 26 19 11
7 22 3 14
13 3 18 15
18 10 13 5
13 11 20 4
20 27 17 18
2 18 24 5
25 15 27 20
5 12 12 13
17 14 20 23
11 23 3 25
5 25 12 23
24 14 6 7
10 27 2 20
7 7 7 8
23 3 18 22
26 9 25 9
16 9 17 12
27 7 6 16
3 14 19 6
24 4 23 21
24 16 19 24
18 23 12 16
26 23 4 8
21 25 22 22
12 16 25 17
12 13 26 22
2 3 19 16
7 18 15 9
12 27 12 2
9 5 18 21
26 20 9 19
8 3 18 4
9 21 24 4
25 18 25 22
8 23 11 14
2 17 6 16
16 24 22 24
11 4 13 27
12 19 6 21
14 21 4 23
18 17 17 24
9 2 14 17
11 20 21 16
24 27 19 20
3 6 14 26
21 10 3 2
16 9 18 25
11 20 9 10
10 6 14 23
14 8 18 15
12 22 21 22
7 1 20 5
5 22 24 2
23 12 25 27
3 20 19 23
8 18 17 25
7 5 22 17
23 12 11 14
26 25 21 27
24 17 14 27
14 8 11 8
23 6 11 1
18 4 18 27
20 21 5 4
25 2 26 17
1 6 1 25
20 15 10 26
19 4 18 25
22 22 15 6
25 11 7 16
20 12 3 26
3 17 2 26
23 21 13 24
12 1 25 18
26 25 27 9
21 2 25 2
15 18 21 23
23 10 23 15
12 16 22 8
9 8 25 3
18 5 4 3
9 4 22 7
2 7 12 10
3 1 5 25
23 17 6 9
21 23 14 5
20 5 26 19
14 2 14 12
1 24 25 20
21 20 12 26
21 17 21 23
26 27 6 11
26 10 7 16
15 16 14 18
3 24 26 9
11 17 2 6
26 3 2 17
5 13 21 20
10 21 1 23
7 18 23 6
1 18 26 1
24 2 5 15
18 11 25 12
14 16 13 9
8 24 15 10
27 14 3 16
21 20 6 2
16 11 5 26
5 8 22 8
19 14 19 2
18 21 24 24
14 25 19 20
5 15 1 9
16 15 19 23
25 22 19 11
8 5 26 1
17 2 7 27
24 18 18 22
21 27 4 10
16 5 9 7
10 8 9 3
3 26 7 11
16 18 25 19
10 24 11 4
8 16 12 14
15 1 11 4
1 7 8 14
5 14 25 5
22 3 22 10
20 13 12 27
10 12 14 27
16 15 18 12
3 3 21 3
26 21 17 27
6 4 10 8
12 13 16 26
10 21 20 18
25 2 20 8
20 12 22 14
25 23 2 18
20 18 21 17
2 26 16 4
10 27 26 18
6 12 8 13
26 7 14 6
19 1 25 1
14 26 12 1
21 21 5 2
4 15 8 8
14 5 20 9
21 4 22 1
3 23 1 12
4 22 22 17
27 25 17 27
20 4 25 22
22 20 16 5
18 13 2 10
6 8 17 15
2 3 19 9
23 26 17 12
24 24 17 26
14 14 21 9
7 11 2 24
26 15 23 22
20 24 25 25
26 15 19 16
5 21 12 11
15 10 22 25
19 14 18 25
20 8 16 4
10 23 6 14
8 24 21 8
13 13 19 10
11 20 7 7
24 12 6 25
22 23 24 10
19 14 27 11
26 1 9 24
13 15 8 13
11 3 13 19
11 18 13 12
5 16 3 14
9 8 25 25
8 27 23 11
9 9 26 15
16 15 22 23
21 18 12 12
25 7 12 12
21 19 16 22
20 18 26 27
25 4 7 5
15 15 19 26
3 22 10 14
13 8 25 7
13 6 12 7
22 19 7 23
7 16 5 5
17 12 20 16
18 1 7 13
11 7 8 3
1 1 14 20
3 3 9 6
2 10 13 22
19 19 20 14
14 17 5 6
27 23 9 13
22 3 23 6
19 6 11 21
9 6 6 23
16 12 4 19
5 14 9 16
11 2 4 7
1 2 12 14
4 2 16 20
22 2 1 27
15 13 18 26
11 19 3 14
20 4 22 6
1 19 14 1
16 27 9 6
23 27 18 3
9 22 22 7
13 22 8 7
10 6 13 8
25 14 17 12
10 11 25 2
5 9 23 16
6 23 15 26
9 2 18 26
13 1 23 2
11 2 6 27
23 8 1 15
23 16 3 26
20 9 13 18
9 14 6 9
14 19 12 17
18 25 11 26
4 12 14 12
15 12 4 20
27 18 9 5
25 9 12 4
27 6 1 11
5 7 17 16
21 6 16 15
8 3 3 21
23 5 21 22
19 6 17 12
27 8 7 21
13 21 8 15
17 6 21 3
6 14 13 14
4 2 10 24
11 14 14 27
26 5 22 4
23 8 14 25
10 4 11 9
17 25 16 11
20 22 21 13
5 24 12 27
12 27 24 14
10 4 13 24
2 23 2 20
27 9 5 14
26 1 26 8
5 14 24 13
24 23 4 10
14 21 21 18
23 23 15 10
25 23 2 15
3 13 16 13
23 21 16 17
18 26 26 3
1 23 7 1
17 17 12 22
10 3 13 9
18 7 17 8
2 25 5 24
5 13 20 16
12 23 23 5
8 14 19 26
5 4 5 1
23 20 24 15
4 24 12 8
8 26 27 12
6 24 16 4
12 1 3 1
9 24 24 7
6 25 21 27
9 6 8 25
7 23 5 15
3 3 17 3
4 7 18 5
27 12 3 6
19 1 2 25
8 11 3 7
12 12 4 17
26 1 8 13
16 18 13 24