27
3428
1084
1860
1142
1852
1532
2735
2961
3356
484
2757
2372
1875
2771
1508
992
2774
2142
2378
1400
1149
3225
1482
2917
927
1538
3397
377
4
14 23 23 7
5 7 7 14
18 23 15 11
22 22 25 22
9 11 18 25
16 27 18 6
3 27 24 25
15 7 25 21
3 23 1 17
18 27 14 16
5 26 21 19
20 6 7 20
18 25 3 26
18 8 9 8
15 5 13 15
3 3 14 11
9 13 12 13
8 25 12 14
23 26 18 4
24 1 25 16
24 5 24 8
15 1 25 18
17 8 8 18
1 16 26 14
26 7 3 8
2 26 26 23
6 12 12 2
19 12 25 5
13 18 13 5
11 16 7 6
27 1 26 20
17 10 5 19
23 16 1 17
24 8 9 22
4 13 27 7
23 19 10 4
11 16 14 2
1 10 20 2
23 22 26 13
12 15 2 4
6 27 18 1
20 13 23 19
23 23 23 12
1 27 1 14
13 7 22 13
10 8 12 22
11 21 7 26
13 18 11 5
1 10 22 22
12 20 12 8
22 5 23 13
13 14 22 10
8 26 5 27
23 6 23 24
15 26 21 5
27 11 3 6
12 3 8 9
9 5 2 16
8 17 25 12
14 26 8 11
19 27 11 14
9 11 3 23
14 1 17 14
10 4 22 6
1 27 22 17
2 14 5 24
1 27 9 14
11 2 20 1
18 11 22 23
9 17 14 24
15 25 2 10
6 12 22 21
11 10 16 24
21 3 27 18
13 4 9 27
17 14 25 18
11 22 15 24
19 5 21 14
2 10 5 14
26 5 20 18
9 23 5 24
25 3 23 19
18 4 4 10
2 6 26 3
11 19 7 26
12 23 16 1
12 15 16 15
18 5 10 2
3 14 17 24
20 19 10 13
3 7 5 9
5 23 27 14
18 18 23 6
15 17 22 16
19 23 25 7
5 17 1 1
24 8 7 19
17 5 12 1
3 16 10 22
7 19 20 1
21 15 9 23
21 19 3 1
7 27 13 17
19 21 10 17
6 4 18 19
7 12 8 12
8 19 24 8
17 11 10 9
1 27 5 23
18 8 11 17
3 3 4 25
16 13 25 19
26 2 23 14
12 25 24 2
14 2 4 10
12 3 13 5
25 25 12 25
5 22 1 9
14 25 23 16
2 27 24 2
21 8 11 3
6 9 3 2
23 23 19 4
14 4 3 23
7 15 3 17
25 25 12 4
2 4 4 1
16 11 17 21
13 4 2 25
27 20 27 25
24 9 4 3
4 1 18 23
25 3 24 6
27 6 18 22
12 14 18 14
10 13 19 24
7 4 15 24
21 3 5 23
6 26 5 5
16 9 21 18
6 13 21 18
23 19 15 23
23 7 1 9
12 17 5 26
3 23 4 18
1 10 17 25
25 11 14 11
10 1 3 14
2 8 17 17
19 22 17 14
27 6 5 25
8 25 21 23
4 14 24 27
5 23 5 5
27 5 22 19
14 2 5 3
19 25 23 26
13 9 17 18
2 3 27 18
8 6 10 15
26 24 17 10
25 19 22 17
24 22 23 15
2 7 2 3
24 22 14 20
15 3 26 12
22 6 17 4
19 11 13 10
21 4 17 9
24 10 20 16
7 27 18 23
4 23 4 27
18 6 11 7
25 21 8 14
4 25 19 19
10 14 26 10
6 24 4 23
17 20 4 10
8 2 9 24
11 13 4 22
1 21 15 10
11 25 13 21
1 9 13 20
1 4 9 15
17 17 18 26
3 15 3 24
4 2 18 27
18 24 3 16
20 5 10 10
13 14 19 13
12 23 5 9
22 4 25 13
21 26 26 22
21 15 10 5
27 16 5 7
26 2 9 7
4 7 3 5
11 25 2 10
4 21 5 3
24 12 27 6
25 20 15 3
14 25 22 5
15 8 13 4
8 9 20 18
9 22 19 1
2 12 18 5
12 2 10 17
27 8 10 19
20 24 13 17
16 12 2 13
27 1 17 18
22 13 2 24
2 5 8 23
19 2 3 10
5 23 11 3
21 7 25 25
27 8 11 18
6 7 9 4
19 23 19 12
16 27 4 7
20 20 15 6
1 21 20 6
5 14 1 4
9 6 8 1
27 21 25 26
21 3 13 26
21 25 15 12
3 19 15 14
14 13 17 20
5 13 10 19
5 7 23 6
15 6 18 20
23 8 16 17
27 14 9 24
16 1 25 4
18 24 17 6
27 2 13 6
8 27 4 10
11 25 14 1
20 9 11 12
14 23 3 27
7 21 24 4
24 11 14 19
25 16 24 23
22 18 10 21
6 24 3 17
3 12 5 18
11 7 20 23
21 26 12 19
4 23 17 3
1 25 16 4
16 21 15 25
5 25 4 7
16 17 22 1
8 23 27 11
4 7 22 23
25 17 13 21
11 21 12 20
8 1 10 17
23 22 22 10
6 23 13 13
24 9 12 16
6 9 1 6
16 21 7 11
21 26 6 4
1 10 17 19
22 4 21 16
22 22 16 17
10 25 2 21
9 6 1 25
7 21 26 6
4 19 1 13
14 19 13 3
4 21 14 24
2 6 24 25
13 15 21 23
4 24 3 19
17 3 12 11
25 24 23 5
2 26 22 5
24 1 19 24
5 25 25 11
4 18 5 19
16 12 8 5
5 27 20 6
3 16 6 12
4 10 25 12
24 1 12 10
7 27 18 12
25 19 11 12
21 27 11 3
3 25 3 8
22 3 16 17
27 26 6 12
16 10 26 18
10 6 16 13
12 16 11 26
12 23 18 27
15 4 15 21
8 24 2 23
14 7 14 4
3 14 27 15
17 9 15 20
9 23 2 24
16 1 1 1
19 22 5 24
13 11 10 8
11 16 10 23
2 14 12 12
27 13 21 11
2 3 7 23
9 11 9 2
16 17 18 3
27 13 4 3
6 21 8 25
11 13 9 26
6 9 9 26
27 10 13 10
17 2 22 9
4 23 5 9
12 25 27 25
12 16 1 13
16 2 21 3
15 18 9 14
22 13 16 25
27 11 20 18
1 22 25 21
9 17 11 24
2 16 5 3
14 16 15 10
11 15 24 19
27 19 10 6
8 8 8 10
21 27 21 2
7 8 21 7
16 3 7 17
17 3 8 5
11 1 12 12
4 22 23 15
6 17 21 9
1 14 7 19
12 20 11 2
19 1 10 15
20 14 17 27
14 15 15 1
25 7 19 23
23 12 12 7
7 3 11 17
18 10 9 18
22 11 10 7
21 23 17 9
15 5 16 17
3 4 23 19
18 8 2 16
15 1 1 1
25 14 21 18
13 5 25 17
1 6 21 23
6 26 27 14
20 2 21 8
13 13 4 24
7 26 23 4
26 27 27 7
20 19 2 14
16 10 13 6
20 18 2 26
13 4 15 10
20 21 5 27
7 3 26 8
3 27 26 13
22 6 10 6
22 2 14 11
5 2 6 20
5 9 3 2
1 6 19 18
8 27 10 11
22 7 24 19