27
2859
571
1247
2381
1746
2752
1173
750
1421
2022
2451
3044
2317
2935
1856
3030
3005
3270
3494
2494
1235
2246
2351
879
2486
618
1922
293
4
21 1 9 21
21 15 25 9
17 26 17 17
8 26 22 18
26 18 21 13
1 26 4 3
13 23 7 4
15 24 10 12
26 13 22 17
10 5 2 24
27 12 24 14
4 2 6 12
16 3 26 27
8 10 14 13
6 5 9 1
3 24 15 17
19 27 14 24
24 7 15 10
11 20 23 16
24 1 23 4
25 2 21 2
12 1 7 24
16 20 23 9
26 1 14 17
26 22 4 14
11 20 11 27
11 23 21 21
18 1 19 15
5 20 8 20
8 7 3 21
21 15 2 25
21 15 23 18
25 6 17 20
14 6 2 27
4 21 22 16
20 18 23 16
6 1 2 4
6 13 10 8
19 20 22 23
11 7 15 26
17 21 23 21
22 23 23 18
23 11 4 6
16 19 19 3
2 19 21 14
1 15 18 16
6 15 5 18
16 10 1 26
11 23 21 6
25 20 1 14
17 15 4 2
11 7 13 1
14 4 9 13
23 13 10 27
1 4 20 24
24 7 16 19
12 16 7 2
22 27 9 19
23 13 20 17
9 1 11 5
26 3 16 13
19 19 8 21
7 15 12 13
24 9 1 11
10 20 5 21
9 17 27 17
4 26 3 15
21 11 4 7
14 14 5 2
7 22 6 13
8 14 4 2
19 17 19 18
22 25 5 12
27 19 22 7
18 14 6 23
25 12 19 11
5 21 19 18
17 18 26 10
27 3 21 27
16 11 8 11
22 20 7 9
17 22 12 8
14 6 26 26
1 18 17 16
23 12 24 15
4 2 21 11
12 9 16 25
7 1 20 2
7 1 21 26
16 13 1 17
12 19 24 26
14 2 4 19
12 5 25 23
11 25 25 13
12 1 5 13
22 20 9 10
12 14 20 19
15 2 13 25
13 7 16 8
10 9 7 23
18 8 14 24
20 24 22 19
5 1 18 6
5 16 3 22
21 23 17 25
23 4 26 21
3 17 26 25
7 15 14 17
2 3 24 14
3 15 24 11
4 10 23 19
22 10 27 23
24 10 11 14
2 3 14 3
18 3 8 9
15 2 19 25
25 8 1 25
19 14 15 9
14 12 16 16
27 23 24 17
6 4 7 9
8 8 15 23
7 24 16 3
14 27 12 19
7 6 20 1
22 4 2 5
18 24 12 1
6 23 13 12
19 1 11 23
7 14 14 8
12 24 7 24
10 7 19 2
1 18 22 8
4 6 5 8
24 2 22 11
23 23 8 25
8 8 1 1
18 21 13 25
27 8 6 25
21 1 13 11
19 8 9 13
24 18 17 11
7 27 2 4
15 7 12 1
19 18 18 5
7 14 24 8
11 21 24 17
11 27 23 3
8 19 3 5
23 17 7 9
7 18 1 4
15 14 9 23
24 10 4 27
2 1 3 2
27 2 4 10
20 2 25 12
26 21 7 1
8 26 15 16
26 15 7 9
11 8 11 19
22 3 7 4
6 5 17 12
8 24 26 14
16 18 10 14
4 26 25 15
12 2 25 7
8 14 26 8
19 5 4 15
3 25 1 18
6 1 3 9
12 7 18 17
4 12 19 26
21 21 25 8
9 15 3 10
25 3 6 7
15 4 17 6
20 11 4 7
13 17 21 12
2 22 3 15
6 24 12 23
1 13 12 12
25 8 16 16
12 7 11 22
25 5 8 4
13 11 3 13
24 24 6 7
17 9 16 16
24 26 17 14
3 10 21 27
17 7 8 2
2 9 16 15
19 26 4 11
7 20 16 11
22 9 11 15
14 6 22 6
16 5 4 3
15 26 27 12
5 19 3 5
25 17 18 26
25 23 24 7
18 22 17 21
12 12 18 15
26 14 6 2
12 1 16 18
12 23 9 16
18 10 23 26
6 9 22 16
17 7 2 13
27 1 8 12
3 23 4 12
9 10 1 9
26 1 9 8
16 3 2 15
18 26 3 16
21 16 17 15
7 17 16 1
5 26 6 15
6 16 15 1
16 5 6 7
15 17 10 8
14 4 10 17
24 19 6 7
15 12 17 7
1 19 17 23
14 10 22 26
27 10 24 7
10 24 24 22
17 2 4 15
26 23 8 5
22 25 8 13
14 9 17 20
1 23 18 7
24 17 13 1
13 2 13 3
18 16 27 18
17 7 15 6
18 5 19 1
3 11 25 26
13 17 18 4
22 23 15 18
2 7 11 20
17 23 7 1
18 3 10 12
11 2 15 9
5 13 6 6
23 21 2 13
20 10 9 9
3 5 8 2
4 8 18 22
5 4 12 13
1 24 2 21
22 26 12 9
7 19 20 15
11 25 12 7
6 2 14 10
15 1 2 10
10 24 3 6
16 7 20 24
23 12 19 17
3 10 11 25
23 16 10 19
3 22 4 24
21 8 20 15
9 23 17 10
23 6 13 23
13 18 1 16
16 25 2 26
16 12 3 9
22 23 9 23
26 16 14 25
22 19 9 2
11 18 11 27
6 25 6 10
27 27 14 20
16 27 24 13
4 9 25 9
1 4 23 26
21 23 5 4
8 16 22 8
25 11 23 6
24 25 21 14
26 12 5 22
18 23 17 2
25 9 23 25
21 19 9 3
25 13 27 17
10 7 27 2
14 25 2 17
5 3 26 18
10 9 27 19
13 7 8 24
24 27 1 8
21 10 11 22