27
913
2528
1953
2345
2337
810
1326
3324
410
3378
2799
1376
499
2801
2098
2484
696
3198
2655
2946
3254
3481
949
3208
2332
2424
2161
341
4
9 12 27 25
11 24 10 3
1 25 22 8
3 15 9 4
27 26 12 25
9 21 18 4
20 13 19 20
9 10 26 5
5 12 22 22
16 25 21 8
1 26 27 10
14 17 23 4
22 14 3 18
4 17 23 25
1 13 14 16
13 12 19 18
8 5 25 4
14 9 15 26
3 9 18 6
11 7 25 3
23 4 16 25
21 25 13 16
16 1 18 13
23 12 23 23
7 24 23 7
25 12 5 17
7 15 6 3
16 22 24 3
21 9 27 8
21 26 7 27
14 4 26 24
24 15 25 21
13 25 3 3
22 12 13 22
23 25 1 6
15 10 9 17
10 7 10 24
11 24 6 18
9 13 21 7
21 22 18 16
8 13 15 14
13 27 24 9
21 7 1 1
24 20 11 2
16 24 21 11
6 1 14 9
1 26 13 24
1 21 5 2
21 4 18 22
12 25 26 6
3 9 17 6
17 17 22 9
2 20 3 13
27 15 6 1
5 5 1 13
17 14 1 4
5 4 14 13
12 15 10 25
6 25 18 5
13 22 20 1
25 23 8 13
5 11 26 8
13 1 17 20
10 12 4 5
22 16 7 7
26 11 12 19
13 24 17 15
20 19 17 5
3 13 6 6
6 19 27 5
26 15 6 9
14 15 24 8
13 13 25 25
27 22 25 21
9 27 15 5
26 9 11 18
21 15 20 20
12 22 6 17
6 26 17 17
18 5 24 19
20 18 26 22
9 23 16 23
13 5 14 22
4 9 8 4
2 21 14 6
17 27 19 2
20 14 14 5
13 26 25 17
23 12 13 9
3 14 21 11
1 15 5 11
12 8 16 16
7 8 7 8
21 5 27 5
18 12 5 20
18 21 10 9
5 7 17 4
11 8 16 25
8 2 1 6
18 9 24 5
9 13 20 7
5 16 22 11
26 12 23 16
3 20 2 26
10 17 11 8
8 24 5 8
9 25 12 7
10 16 26 3
6 12 24 11
27 26 1 14
2 1 27 4
19 21 23 14
12 7 22 21
4 20 4 22
26 23 22 22
27 2 12 19
11 19 18 18
10 13 6 27
15 17 15 3
20 7 23 18
6 2 16 21
17 4 4 1
24 22 21 4
26 2 6 21
3 3 6 24
6 24 23 5
25 2 18 15
11 6 17 23
10 2 12 2
11 11 3 9
15 16 18 13
18 2 13 10
16 8 9 2
23 9 17 3
19 26 19 18
26 23 27 27
24 4 5 16
15 23 17 14
15 27 4 15
14 9 27 12
11 26 9 3
12 2 1 21
5 7 2 4
18 4 26 10
25 22 13 22
1 9 23 13
26 7 9 16
10 9 12 15
4 22 6 26
21 21 22 9
15 11 23 16
23 6 8 4
8 10 2 25
4 17 17 17
19 21 4 25
15 8 10 22
12 13 2 26
12 9 6 15
13 3 10 24
16 4 24 16
26 23 19 21
18 3 17 10
23 25 6 5
17 9 10 10
14 27 23 27
3 9 26 22
16 20 2 5
18 20 1 12
3 27 12 24
27 23 13 24
17 18 21 21
16 13 7 16
6 22 18 9
25 24 27 9
12 13 18 12
5 25 4 4
11 8 4 13
1 18 26 11
26 8 24 10
10 1 22 13
11 3 13 1
17 8 20 17
18 16 6 2
23 11 20 21
27 7 16 26
23 20 8 20
6 25 5 24
25 5 4 14
11 5 11 3
7 16 22 22
10 20 25 8
20 19 12 14
3 27 25 1
16 1 24 22
27 25 13 4
13 23 6 4
12 24 22 2
7 19 4 15
23 15 27 12
20 21 22 25
19 16 1 13
6 1 4 7
4 12 13 19
15 22 17 11
21 12 9 13
2 23 9 8
27 20 24 11
11 26 5 5
18 8 10 17
20 18 18 7
23 16 21 18
12 27 9 4
8 25 18 24
20 22 18 25
19 12 7 3
15 20 17 9
12 25 23 21
16 1 12 5
14 12 13 26
10 18 4 7
11 9 15 8
9 2 13 24
3 12 16 23
11 19 10 18
2 8 22 15
19 3 9 22
20 16 4 3
27 22 23 5
15 8 21 9
7 16 1 27
7 23 21 25
9 3 9 16
5 25 17 8
15 16 16 5
16 25 24 12
27 21 12 15
18 16 18 9
14 6 12 12
3 8 16 19
16 20 26 5
5 1 16 6
12 10 6 13
10 14 2 21
13 24 26 2
13 4 20 2
13 21 17 12
2 23 22 5
6 23 17 8
21 2 11 27
8 20 25 27
18 26 17 16
6 18 14 8
17 20 11 16
2 5 2 7
15 19 19 26
19 6 5 8
4 7 22 5
5 12 26 6
2 1 18 12
22 25 2 12
18 11 22 10
20 22 24 23
5 22 3 21
24 10 4 14
6 18 17 20
5 23 11 12
20 10 5 16
24 26 15 10
8 14 25 23
23 14 21 20
2 11 14 21
23 19 1 13
1 3 15 8
9 22 6 13
22 4 18 11
24 9 1 27
19 3 15 1
15 2 25 10
4 26 23 23
12 23 13 27
21 5 27 17
24 23 13 19
4 1 6 12
17 15 21 22
9 1 22 14
8 9 24 16
9 3 17 21
21 9 3 2
4 8 19 7
27 2 1 27
26 18 15 3
25 9 1 20
16 20 14 8
19 1 13 22
3 23 15 17
20 4 12 1
7 18 25 2
8 16 10 6
25 24 12 11
1 23 4 14
26 12 6 1
16 18 26 7
24 25 19 1
17 14 23 18
12 23 25 3
11 1 24 4
12 12 22 19
26 7 5 26
26 14 15 24
8 12 23 18
1 2 5 25
2 10 22 23
3 8 1 16
23 10 23 21
6 9 27 16
9 25 12 17
18 25 26 26
14 27 7 3
5 8 26 18
13 1 10 24
23 8 3 11
5 20 1 7
23 10 8 9
10 6 24 22
3 16 11 22
21 22 11 24
20 6 3 22
18 5 19 2
11 3 20 16
1 17 2 10
4 11 18 13
4 27 17 1
2 7 8 12
1 3 8 24
15 18 17 5
26 16 18 27
3 15 25 15
10 24 12 15
4 27 3 5
23 4 17 17
20 26 12 12