27
1356
914
2891
3202
1195
3356
1706
2995
1112
3028
2051
2351
2143
650
1107
2597
902
3132
3192
1518
2979
2720
2317
1858
1452
1004
1842
338
4
15 8 11 25
17 17 7 11
5 8 10 3
4 5 16 27
11 19 12 19
3 17 16 14
7 17 3 18
24 26 22 15
6 2 16 5
17 5 12 11
23 3 23 25
24 19 6 3
6 25 3 13
6 4 22 13
22 27 24 19
7 11 3 6
25 4 27 1
11 26 25 10
9 15 16 25
10 7 14 25
22 18 6 27
26 16 19 19
6 9 11 4
3 15 17 23
7 11 20 2
10 9 18 8
2 10 21 21
18 7 22 21
22 17 7 7
4 14 11 11
10 15 19 17
17 9 15 2
22 13 19 8
25 25 10 21
11 14 25 19
15 1 26 27
19 7 18 11
16 10 27 16
17 2 13 2
26 8 20 10
3 10 22 11
3 23 7 25
4 27 17 23
9 7 6 20
12 8 26 15
25 16 1 12
7 19 1 6
19 23 15 5
16 18 2 25
12 27 17 1
10 26 17 24
22 18 17 2
21 6 13 8
2 22 7 24
1 16 8 1
10 23 16 8
18 22 27 22
25 26 18 14
12 2 6 20
27 21 11 5
26 22 16 19
10 24 27 12
11 10 27 22
26 25 11 14
21 22 20 21
12 8 21 7
11 5 3 17
24 14 6 9
20 11 1 10
19 2 22 3
14 3 2 21
6 26 4 16
3 4 5 6
4 27 2 7
7 8 4 24
26 26 10 7
25 23 1 5
14 13 1 17
25 1 17 20
4 6 20 8
15 1 14 4
6 12 14 13
27 4 24 13
11 26 24 2
14 4 7 14
2 21 4 11
5 23 22 11
17 9 13 6
8 4 16 25
22 9 17 13
19 7 4 24
12 4 25 9
20 16 11 2
27 21 13 1
12 25 23 10
22 1 10 7
4 16 27 14
15 20 27 2
25 14 13 11
18 20 14 13
21 19 12 26
23 20 14 13
2 7 3 22
20 20 20 24
25 14 23 18
10 13 24 17
2 15 2 6
9 10 1 26
11 26 25 1
4 27 14 12
5 8 5 11
4 25 11 12
21 15 13 8
26 19 25 14
24 7 14 16
24 26 21 13
22 22 10 17
3 6 25 21
19 25 17 15
9 9 5 8
6 24 23 4
12 12 1 4
8 12 13 21
16 17 25 27
21 23 23 26
20 24 4 5
17 13 16 23
17 11 20 6
2 13 13 15
17 10 24 27
14 3 3 4
6 8 7 11
24 8 23 13
17 15 22 27
25 3 5 26
22 24 23 3
16 2 14 16
3 7 7 14
4 5 27 4
4 17 13 1
16 9 25 25
19 11 4 19
24 10 20 4
22 16 18 17
12 22 16 24
21 11 25 15
16 16 19 11
25 6 11 22
20 24 19 2
17 9 15 25
16 27 18 21
17 25 21 12
25 13 8 9
16 19 22 13
25 5 12 4
7 13 25 3
9 23 6 1
16 18 15 8
21 18 18 12
15 2 25 13
3 25 1 19
6 6 7 3
23 20 13 21
2 2 4 23
6 15 23 13
24 16 27 6
4 12 25 5
18 11 22 10
27 22 7 22
1 11 19 21
14 23 15 14
5 16 24 25
16 16 18 23
22 16 14 3
26 19 26 1
20 27 27 24
7 15 12 3
17 26 14 13
5 22 5 15
2 4 4 11
1 17 26 2
15 22 7 23
9 11 22 12
21 16 17 8
20 9 13 12
14 11 26 27
17 13 26 8
21 20 21 27
20 5 1 22
18 9 10 8
12 21 12 14
21 4 15 3
22 12 4 23
1 6 27 19
6 1 11 17
15 3 6 3
7 14 6 15
3 19 3 22
22 6 23 27
5 10 7 10
18 11 17 16
27 19 13 8
16 19 2 8
20 20 18 19
11 16 17 25
1 3 11 18
4 26 22 18
27 26 27 24
27 27 2 25
3 11 9 9
25 19 6 26
24 24 12 12
27 1 14 13
7 16 18 14
14 5 17 22
27 4 22 5
21 27 16 8
26 25 23 9
8 15 13 20
7 15 23 9
3 2 11 25
16 8 5 18
5 2 15 27
3 17 2 15
8 10 18 12
24 13 19 26
26 23 14 20
17 19 17 20
16 26 14 11
7 15 26 2
14 5 18 20
16 26 24 23
14 15 24 7
1 17 18 8
2 19 16 6
20 5 14 7
14 27 19 16
2 24 23 2
26 1 2 20
1 9 13 7
27 4 18 17
17 9 11 5
14 15 25 22
9 2 7 23
14 27 3 10
17 5 8 17
16 26 8 22
19 3 18 15
17 23 13 5
26 18 18 25
25 9 25 2
23 9 12 6
3 4 9 5
22 11 23 27
14 23 17 21
13 18 10 5
8 26 23 11
4 24 27 13
21 26 14 18
17 15 8 5
2 4 12 22
3 3 21 12
15 6 8 24
20 1 5 20
9 9 1 3
8 22 16 19
27 12 12 15
25 8 2 4
24 25 11 21
27 4 2 16
2 13 19 18
3 22 3 19
26 8 19 25
12 22 5 3
11 5 18 20
1 15 18 21
10 27 3 18
13 20 14 25
26 11 8 7
13 2 4 10
17 2 8 9
3 27 3 27
26 27 11 13
25 27 18 27
12 7 1 9
11 7 26 8
17 16 8 18
12 27 19 23
23 21 14 26
21 16 2 15
5 3 17 3
15 6 26 19
15 3 10 8
20 16 5 8
24 14 3 25
8 25 2 9
21 12 26 19
16 9 9 19
27 5 2 23
10 15 17 19
2 25 21 4
6 15 7 15
23 3 19 1
26 6 18 27
11 26 2 2
3 18 25 22
10 17 12 1
12 26 15 9
20 6 17 10
19 7 19 3
1 1 12 21
2 19 1 15
21 19 17 19
27 13 19 1
26 12 12 1
14 7 15 6
4 15 21 18
20 8 7 12
23 21 5 2
23 13 9 27
12 1 7 16
6 15 20 17
24 6 8 9
18 2 23 16
20 22 22 17
17 27 3 20
3 4 13 26
11 5 11 19
27 21 15 5
5 4 2 22
19 16 20 1
1 19 4 10
24 18 13 22
16 11 9 15
27 26 24 10
17 2 24 15
5 5 16 21
11 9 25 12