27
1461
3036
1370
1162
1746
849
2385
2899
2707
1342
915
2831
1968
3527
1489
3486
2544
1872
3329
3210
1229
1092
1035
2081
1182
1204
2936
302
4
9 6 14 2
19 25 25 19
3 11 7 22
14 26 8 25
18 22 6 9
21 23 24 10
11 21 13 13
10 8 5 17
5 2 26 15
10 22 26 9
13 14 15 18
15 17 25 17
4 9 19 5
9 18 10 8
11 19 13 15
21 14 17 19
11 18 19 13
22 11 25 20
14 24 4 14
15 18 19 6
25 24 20 21
27 11 19 20
27 26 2 4
8 6 5 25
23 22 6 25
18 4 3 4
23 27 2 8
18 3 2 9
27 23 18 22
12 26 14 5
12 7 7 17
8 17 13 9
5 26 14 21
18 8 4 3
16 11 4 8
4 20 17 21
18 2 10 14
13 22 4 27
4 17 9 21
2 2 24 11
6 18 21 21
1 18 27 1
16 4 16 27
15 10 7 13
1 4 27 12
18 9 19 16
22 19 7 5
5 10 20 24
4 1 4 26
1 23 16 4
8 22 5 17
20 10 2 3
5 8 20 19
20 27 22 18
24 9 23 15
27 6 11 22
20 17 12 23
13 7 10 3
12 26 20 4
6 15 2 2
12 3 24 8
12 23 5 22
19 20 8 15
17 11 1 22
6 7 4 26
21 7 14 3
20 24 16 13
6 18 5 2
2 25 23 18
3 24 10 10
20 5 26 26
23 12 17 22
16 20 10 6
4 26 11 3
3 6 20 24
9 26 27 6
25 1 2 7
1 17 26 5
4 2 26 7
9 14 4 16
18 9 26 20
13 3 2 19
5 2 2 11
20 3 27 24
3 9 26 24
4 7 5 23
4 15 17 7
7 6 27 20
3 3 17 12
13 21 7 2
23 21 13 5
4 5 8 7
25 26 21 16
5 1 6 25
20 23 5 11
13 16 20 22
27 23 25 23
17 8 7 19
11 5 10 10
20 11 9 23
3 11 19 7
3 6 22 11
26 16 24 17
25 23 8 11
23 23 18 14
6 17 5 8
20 13 26 1
1 1 4 7
24 18 4 26
2 4 3 9
22 6 7 2
19 1 12 22
2 25 7 15
27 1 18 17
8 11 2 3
18 13 13 27
3 14 14 22
15 23 11 25
1 16 22 19
18 23 14 21
24 17 21 18
1 18 24 5
17 24 7 13
12 21 23 14
2 20 22 20
7 3 17 1
7 8 24 6
23 22 2 12
25 6 4 20
3 3 19 11
20 9 15 18
8 6 11 3
18 21 24 12
24 4 12 4
16 19 21 25
1 1 2 5
12 24 18 14
9 6 12 15
1 25 13 22
19 8 17 4
21 3 7 1
2 27 22 10
15 27 5 25
3 27 14 7
25 3 15 1
4 18 25 14
11 9 22 25
3 9 9 2
2 27 1 8
12 15 12 17
26 24 7 5
16 15 24 15
8 26 24 2
26 14 23 4
25 12 1 13
7 24 13 1
5 27 22 26
7 8 4 25
7 1 21 18
16 24 11 4
23 20 22 13
13 20 6 23
9 4 1 14
9 5 25 27
5 9 11 18
22 24 12 1
20 13 14 25
4 22 15 21
11 2 16 14
20 24 19 20
2 11 4 24
17 25 14 13
10 8 12 20
10 5 15 6
15 27 8 23
27 2 6 22
19 19 1 7
22 12 8 26
4 5 24 11
22 13 2 21
14 18 22 12
3 25 8 18
3 2 1 6
27 14 17 14
4 26 5 9
11 7 15 13
18 23 25 15
26 5 27 12
26 7 20 1
12 6 2 22
19 23 9 17
16 15 26 14
12 26 22 21
12 19 20 22
8 8 24 5
18 18 17 27
3 20 10 16
27 1 10 12
7 3 19 17
3 9 5 11
20 18 25 2
23 21 7 17
25 19 9 20
20 25 26 8
13 1 7 22
9 10 14 27
11 20 12 18
13 19 13 16
17 9 12 26
25 5 14 26
12 8 5 16
1 24 3 24
24 11 10 5
9 16 15 26
25 12 15 24
8 24 5 10
26 24 15 15
5 21 25 2
10 17 24 15
10 23 21 20
19 6 12 11
2 14 9 24
13 27 11 10
4 19 11 4
5 21 8 18
17 20 15 25
26 26 22 1
21 22 21 11
8 21 17 1
9 13 3 14
1 12 25 21
2 20 11 20
13 21 12 17
13 16 11 26
19 25 7 12
7 23 20 21
22 27 12 23
7 17 19 12
16 26 1 23
19 6 6 13
5 11 15 6
3 13 1 2
12 7 5 23
22 7 18 17
8 3 4 23
1 17 13 1
2 14 8 12
23 16 18 19
17 12 6 22
26 11 25 5
11 27 12 10
18 6 13 18
12 3 7 12
23 23 14 16
9 14 19 2
24 14 16 1
17 11 18 8
8 19 24 27
18 2 6 14
17 21 26 15
9 21 15 12
26 15 22 27
17 20 2 3
21 20 11 6
22 16 7 24
16 22 8 23
4 7 2 17
15 20 12 2
19 8 26 18
5 22 17 9
12 6 4 23
25 9 3 11
25 4 21 4
20 10 25 20
16 26 7 26
11 6 11 27
10 23 22 4
4 26 24 15
17 1 8 17
7 23 21 21
4 26 16 13
9 26 14 27
9 27 15 14
9 19 26 12
26 20 15 19
14 7 7 2
11 15 12 15
5 12 17 27
17 1 20 18
3 27 13 4
26 10 3 17
1 19 4 8
9 3 7 6
14 4 15 16
27 21 19 26
20 25 24 23
6 6 20 21
16 21 18 13
22 11 2 22
10 20 7 14
25 15 5 12
22 21 14 21