27
536
2857
545
864
2255
2450
492
416
3101
1230
936
1295
1089
1661
3383
2948
2311
2571
1134
2851
1796
3150
1208
2829
3380
2081
2351
288
4
14 22 7 23
23 26 15 22
2 17 23 3
7 13 9 7
11 12 23 4
25 3 1 22
18 16 2 17
18 18 24 27
17 13 20 4
2 19 25 13
7 24 1 2
10 15 25 11
8 2 1 27
21 10 17 9
24 12 13 9
20 6 24 16
4 2 17 2
20 26 24 21
12 8 4 25
4 24 15 9
3 19 7 9
25 2 18 9
6 22 13 23
15 13 16 26
2 10 24 1
14 13 17 9
2 2 4 13
8 12 23 22
3 14 22 9
13 1 23 24
8 10 27 15
27 9 2 15
8 12 8 9
13 7 27 16
9 1 3 10
21 3 2 6
21 2 15 22
26 10 12 10
26 3 7 20
8 1 13 14
17 21 23 1
11 13 5 17
20 26 5 7
8 1 1 2
15 26 15 20
23 15 13 13
10 5 4 20
22 23 22 11
2 26 9 13
21 4 20 15
3 8 14 24
8 11 18 22
19 6 8 2
24 14 6 14
10 18 11 19
20 12 5 13
1 8 7 18
20 2 22 6
20 15 26 24
3 15 9 14
22 2 13 9
22 13 18 27
24 2 7 19
8 6 12 3
13 9 23 22
22 20 17 12
2 24 3 2
6 13 10 17
7 15 4 7
24 18 16 6
9 4 8 8
3 25 20 21
22 18 21 18
5 9 25 12
27 17 18 6
5 21 22 7
10 13 8 1
17 6 20 24
23 23 10 25
8 20 26 22
24 17 18 10
27 9 3 18
7 20 22 21
22 8 24 17
9 13 8 18
22 26 21 6
4 12 10 22
24 26 5 3
10 10 4 24
15 16 20 14
15 26 21 5
17 6 9 27
25 6 27 20
23 3 20 16
2 15 21 12
11 19 22 20
26 6 7 14
13 3 21 25
19 17 8 1
11 9 17 26
15 21 15 17
27 9 22 27
27 14 9 19
6 1 13 7
20 1 23 11
10 12 26 14
6 4 27 26
2 10 7 24
12 22 9 14
27 5 15 12
19 14 6 25
8 15 4 15
17 13 8 15
1 22 13 19
2 1 1 17
12 23 6 2
3 26 17 7
6 25 21 10
15 24 19 16
20 12 4 20
19 11 1 15
24 1 9 19
17 26 2 9
24 10 18 5
17 25 10 23
10 19 21 18
23 3 24 16
23 7 1 18
23 8 16 14
5 18 25 25
12 15 18 19
12 27 14 13
12 2 7 5
21 7 2 17
17 7 19 12
7 18 8 19
15 1 26 16
7 15 17 8
9 25 27 22
19 15 9 27
19 1 17 10
13 18 18 26
4 17 9 18
25 11 20 16
17 25 16 26
13 2 11 23
21 15 20 19
18 9 24 26
15 16 18 6
10 20 17 25
24 15 6 27
21 20 16 26
27 24 22 14
26 5 21 20
10 15 8 24
24 26 17 26
3 22 19 14
3 2 27 22
27 25 2 11
25 10 26 13
2 6 17 5
12 4 2 21
8 8 11 5
14 22 22 16
10 22 25 26
7 5 26 19
20 20 23 3
19 13 19 4
11 16 14 18
4 13 6 23
3 26 14 7
11 8 11 12
4 4 7 7
12 1 12 14
15 4 27 8
6 2 6 23
5 22 23 1
15 8 11 20
26 9 6 6
6 14 4 1
5 3 14 19
2 22 27 4
11 24 8 16
1 17 26 9
9 13 5 2
16 21 6 4
25 4 26 11
21 17 26 2
20 15 19 13
25 8 8 19
11 21 14 14
6 2 18 13
9 7 8 11
27 18 8 12
13 15 25 26
11 11 27 23
25 13 6 4
8 15 8 19
1 14 14 1
5 24 6 16
2 26 17 10
11 8 7 8
24 3 3 12
20 11 19 15
20 12 9 20
2 14 24 12
24 6 25 17
5 16 18 9
9 13 14 13
5 27 6 19
2 27 11 10
14 27 23 3
21 24 4 20
14 11 17 18
6 17 6 17
3 12 10 13
16 1 1 24
25 24 22 7
8 17 9 24
19 17 26 16
4 13 4 16
3 7 7 24
1 22 11 27
9 8 20 26
22 10 2 19
14 12 12 23
27 14 8 19
7 10 3 22
16 21 24 10
14 23 4 26
20 16 21 4
2 27 24 9
3 16 25 16
19 1 13 5
8 24 2 16
1 23 9 17
19 8 17 14
14 6 3 4
6 16 20 22
9 9 10 16
27 8 7 17
4 26 20 15
21 8 2 8
2 22 17 17
1 7 2 14
10 26 7 3
27 17 1 15
4 5 14 27
18 10 1 3
1 13 14 8
10 21 22 4
4 6 25 7
16 13 12 10
16 23 12 8
23 25 16 9
27 6 15 19
17 17 14 2
4 23 25 11
18 12 12 15
14 7 9 2
4 25 19 26
22 8 13 26
9 12 20 26
26 1 2 27
14 11 6 7
16 9 10 21
17 9 16 13
6 22 8 1
7 13 16 16
26 12 12 17
23 11 14 8
3 12 2 27
26 9 22 15
10 6 11 16
4 21 5 13
4 4 19 15
6 15 3 18
12 5 16 11
18 19 14 3
2 5 19 10
19 10 4 22
10 23 23 7
19 12 21 20
5 8 13 17
21 7 17 21
21 7 16 5
4 4 22 17
20 17 21 9