27
1294
2925
3459
1804
608
2775
3445
2806
640
1142
581
999
602
3461
1642
671
2424
2656
1639
1345
1584
2517
2632
940
662
1389
1675
304
5
26 8 25 26
4 2 8 11
10 12 4
27 22 5
21 27 15
1 19 9 18 18
12 21 27 6
10 11 4 24
14 1
11
18 27 18 20 9
19 24
14 14 13
25 7
9 24
4 3 11
1
15 22 15 13 13
9 25 17 24 15
13 19
16
20 7 2
26 13 18 10
27
12 5
19 6 14 26
5 12
17
2
6 26
2 13 21 3 1
3
19 12
6
10 2 22
26 23
1 23 27 23
3 24 20
11 13 12
21 7 11 9
6 26 17 2 15
22 14
21 24 1 6
14
10 7 25
10 22 2
11 16 19 20 24
21 11 7 9 13
17
21 25
5 5 7
4 3 14 14 12
25 9
1
1 6 18 15 16
1 27
14
25 10
21 9
6 8 17
15 14
16 23 13 17 25
1 23 5 8 25
21 6 22 12
1
5 15
27 22
14 20
17
11 19 12 4
26 18 24
13 20 13 21
27
12 16
26 21 10 18 25
18 22 23
8 15 12 7 19
7 11 24
22 16
13 12 22
26 16 9
22
12 25 8 11 6
13 1 20
16 23 20
22 18 22
7 21 16 9 7
20 19 2 16 2
5 4 12 1
17 6
10 27 21
2 18 23
6 15 25 6
9
10 19
10 23 9 14 15
17 19 2
18 23
12 4
9
11 25 19 3 7
4 24 27
3
13
13 20
27 3
6 22
13 15 24 2 5
13 10 10 5 4
17 13
23 24 10
20 17 14
25 21
22
16
24
4
27 22 15 24 15
10 22 6
3 19 26 18
12 24 17 9 1
21 16 15
8
5
25 21 10 27
25 2
16 2 12 25
22 4
27
3 1
20 15 11
24 13 20 17 15
11 24
6 21 5
3 20 7 24
5 6 4 16 14
22 16
24 14 14 9
27 20 27
16 2 5 11
15 23 4 18 22
20 9 19 25 3
19 7 19
16 25
24 17 19 17 26
13 14 6
2
17 22 3
22
17 24 13
27 27
15 3 8
19 4 27
5 12 21 10
2
23 11 13
11 9 15
18 16 25 16 13
1 18 14
7 12 12 6
25 3 15 18
24
25
27 20 11 8
9 13 24 11 10
27 16
19 19
13 24
9 6 19
12 14 25
4
9 18 20 3
21 17
8 13 9
5 14 18
14 3 24 7
11 23 10 16 23
13 14 12 11
3 12 12 15
22 22 16 20 7
24 18 15 15 22
11 8 26
26 25 9
18
5 18 17 14
4 15
14 7
21
16 25 11
1 22 23 3 19
24 20 2
11
21 24 22 3
18 6
16 18 22 19 16
4 19 25 3 21
10 13
1 16 9 14 2
4 19 15
13 26 18 24 19
5 5
8 12 26
19
12 24
18 3 23
2 2 4
12
27 5 2 27 2
17
19 11 20 9
25 23
22
4
27 4 12
22 11 3 4
22 20 13 4 20
14 5 21 27
15 17 5
7 2 8 17 13
25 24 25 2 22
21
3
4 17
10 27 27
18
17 27
5 1 13 10
21 22 2 7
6 25
7 15 12 5
6 13 2 7
9 6
2
18
6 4 10 15
25 24 24 7 13
7 7 25
7 13 4 3 19
2 4 3
5
4 7
15 4 20 24 13
25
23 8 17
22 18 15
21 25 10
27 9
2 10 15 15 25
21 22 19
15 20 11 8
6 1 3 20 10
4 25 21 7
4 13 12
10 6 27 8 4
6 4 14 27 24
7 2
11 13
4 6
9 26 20 13
2 17 5 13 22
4 4 20 2 13
10 9
10 4 18 12
16 22 2 9 15
10 11 6
9 1 12
26 16
24
3 23 14
2 4 3 11
2 7 17 12
10 19 26 21 9
9 27 13 23
20 7 10
13
3 6 12
6 27 6
26 20 7 3
5 12 23 20
24 2 15
18
12 5
11 23
22 2 19 22 23
19 1 24
21 20
9 12 23 15 19
14 2 14 20 21
1 26 4 25 26
3
22 7 12 13
2 15
11 14 6 7 6
19 20 25
17 26 1 13
13 3
25 3
24 19
15 22 14
26 5
15 10
7 27 13
1 4 9 21 10
12 5