27
1246
894
1444
3384
2089
1012
1425
1425
1567
1849
1623
3039
2012
631
1402
2204
1818
2062
1893
2663
3408
1259
3147
3032
2576
2452
3210
295
4
24 9 6 22
6 13 23 2
18 9 21 3
20 3 27 11
20 16 10 17
18 26 9 25
23 25 18 4
5 18 9 11
23 4 27 19
11 12 25 6
2 11 18 19
24 17 16 2
21 21 19 9
15 14 4 21
7 5 25 11
12 11 21 25
16 5 11 2
12 2 15 16
4 16 3 27
15 5 8 1
15 14 25 6
10 9 12 9
24 15 3 10
20 24 6 13
10 7 6 19
10 16 22 5
19 3 4 25
26 16 4 15
12 5 26 23
26 26 9 26
11 20 10 2
17 10 6 20
5 8 15 24
15 3 10 18
13 5 3 19
1 6 26 12
16 26 22 20
16 9 8 3
25 22 22 27
26 26 20 9
15 10 21 26
21 18 11 16
18 4 12 1
26 1 12 5
14 7 7 9
22 4 14 13
13 5 1 4
5 16 21 9
15 13 12 3
7 17 27 6
21 19 4 25
8 7 20 5
6 16 18 11
9 26 24 8
16 22 14 14
5 17 23 26
24 23 13 11
11 3 22 20
10 23 3 21
19 9 11 13
19 3 5 25
14 10 11 14
20 24 7 16
21 23 1 16
12 10 26 7
7 1 25 26
26 19 18 11
12 9 1 4
27 21 1 22
8 6 3 14
14 21 24 3
24 2 10 5
14 12 12 16
18 12 4 21
13 22 18 23
24 11 24 17
25 8 19 9
19 20 21 5
25 8 2 16
20 19 11 14
14 3 4 6
24 8 27 3
22 17 23 14
24 14 22 20
6 8 11 3
9 6 1 14
16 20 24 2
25 21 18 2
12 24 17 10
7 23 10 4
8 27 26 15
23 17 18 23
21 6 20 10
23 12 9 24
24 2 24 10
22 24 1 21
24 15 15 1
3 7 13 25
10 26 21 6
6 5 9 17
21 19 23 14
3 8 6 23
20 15 9 8
1 20 5 8
5 2 10 24
4 22 11 11
4 7 1 4
12 8 1 27
24 19 16 13
21 14 8 24
15 18 18 11
4 23 24 14
15 6 26 9
15 2 6 6
20 21 25 24
6 12 15 17
2 13 13 24
12 5 2 19
22 4 19 13
24 12 8 7
4 23 7 6
4 19 27 3
24 22 24 9
3 13 21 7
13 13 6 13
25 6 8 9
26 21 11 15
7 13 2 14
13 2 21 6
7 1 12 10
5 26 11 12
5 16 24 7
2 2 12 20
5 10 27 14
13 20 25 17
7 24 24 7
2 9 1 18
24 20 3 14
3 21 6 16
19 23 6 20
21 12 9 1
24 4 25 25
22 27 3 9
24 6 20 8
19 2 5 27
10 6 27 1
12 11 9 23
16 21 3 26
10 21 2 7
16 8 17 1
26 8 13 6
27 27 10 6
17 17 1 15
14 6 7 23
3 23 27 12
12 18 12 10
26 27 9 11
10 2 9 1
14 15 18 22
26 19 23 23
14 5 11 9
26 16 22 22
3 1 8 19
23 13 8 24
8 4 8 6
3 4 25 14
24 7 12 10
3 26 9 18
7 20 20 18
27 24 5 22
26 23 8 22
2 12 11 15
19 22 4 9
21 12 17 7
27 22 24 11
22 18 27 26
1 11 5 11
22 6 11 16
27 5 14 20
20 7 6 21
9 14 8 5
27 1 3 17
25 16 13 6
19 26 23 8
8 26 23 27
6 17 13 15
24 6 2 1
26 20 21 13
16 9 8 12
6 15 15 8
10 13 1 15
1 3 23 19
24 3 12 25
14 16 6 13
24 19 17 22
12 12 20 15
10 22 24 15
26 1 8 9
27 9 6 26
6 20 12 4
22 7 20 8
11 15 22 1
5 7 4 27
1 19 20 14
27 16 21 19
21 12 21 4
7 6 4 15
11 6 20 21
1 3 9 26
6 15 13 22
22 2 9 9
1 14 23 25
20 10 13 14
27 14 26 1
11 9 7 6
26 23 3 27
16 25 22 5
13 13 6 2
22 1 10 23
10 11 22 17
24 2 12 26
7 14 4 8
25 18 17 5
10 23 15 18
18 17 20 13
13 5 25 23
17 16 25 23
19 20 15 1
22 3 23 21
11 20 18 3
24 24 7 25
10 7 27 8
14 3 21 20
14 4 3 2
17 17 26 26
3 4 15 3
12 16 12 7
10 4 9 3
7 24 23 12
10 6 24 24
25 23 25 19
7 15 24 14
27 3 19 25
8 7 23 12
22 2 5 9
14 15 4 12
5 26 12 3
22 13 16 17
24 6 23 26
20 27 2 13
16 20 4 27
15 15 7 27
19 26 11 1
8 13 15 7
26 20 11 18
25 13 10 12
21 4 16 22
19 17 1 21
12 2 26 7
1 19 23 2
16 11 15 10
19 13 26 2
24 3 4 5
23 3 16 17
7 13 16 20
12 11 21 12
2 10 27 10
10 24 3 15
3 11 20 18
27 3 11 25
24 8 23 9
9 21 23 24
1 12 18 2
23 24 18 19
19 27 8 19
17 2 27 21
8 2 21 3
4 13 13 6
3 9 15 27
25 23 12 22
21 23 25 1
20 27 13 16
8 24 10 17
13 1 21 17
27 13 14 23
5 12 6 9
12 19 22 15
8 5 6 8
6 10 7 15
21 16 4 18
3 15 13 4
13 10 7 4
12 26 19 21
8 17 20 21
12 14 21 2