27
2031
607
1740
1693
2195
1310
1288
2756
1507
2249
2452
2695
952
3245
1552
2292
1986
2172
2671
834
1479
1644
731
3388
1072
2712
3303
313
4
26 2 9 9
8 7 19 12
13 10 19 11
20 17 17 23
23 20 21 6
2 25 8 7
12 1 1 6
10 3 17 25
25 10 23 10
20 21 12 23
6 7 23 9
18 5 23 5
5 10 13 14
1 24 5 18
22 9 5 20
3 22 23 3
5 3 3 11
21 5 27 12
13 13 17 13
10 17 5 15
15 16 18 17
5 11 26 7
17 13 4 3
22 7 12 25
1 3 23 2
11 12 8 2
26 11 12 21
16 26 27 1
12 4 17 22
14 10 5 12
10 21 9 3
1 13 13 24
27 19 18 11
8 7 13 8
3 3 19 15
15 25 11 13
12 23 2 11
14 24 14 7
19 25 20 13
22 24 1 25
10 24 10 12
6 19 12 14
16 5 18 1
20 9 23 16
5 22 18 3
15 3 7 23
23 2 24 27
6 6 21 11
11 15 26 26
19 8 4 18
20 22 3 12
19 7 13 5
23 6 14 10
25 5 21 15
26 14 21 4
14 13 2 17
1 14 22 24
27 21 26 24
15 7 14 3
27 25 3 2
20 12 21 22
18 4 10 3
3 1 6 16
6 17 19 5
12 13 25 11
15 19 8 18
10 20 25 15
18 1 13 4
7 23 18 25
4 18 12 10
27 26 8 27
9 17 25 24
15 17 4 11
4 16 6 6
3 16 2 14
1 5 7 7
2 10 4 24
18 4 4 6
24 21 12 14
27 24 3 2
4 27 23 16
24 12 23 26
4 5 11 4
25 3 9 12
27 9 14 17
14 10 17 4
1 9 12 26
5 15 20 4
13 8 2 9
2 3 5 21
1 18 11 21
26 27 5 13
26 10 11 1
26 15 12 26
26 20 16 3
21 21 27 7
20 17 27 5
3 5 10 4
24 22 24 23
4 16 25 20
8 16 24 8
4 15 13 12
13 20 3 14
17 20 27 3
10 5 9 4
25 10 26 2
18 27 24 24
1 10 3 19
16 27 23 25
5 9 6 15
17 6 4 13
25 23 5 8
19 10 10 13
17 23 14 25
8 12 13 27
12 12 16 15
23 11 13 6
22 8 19 17
5 8 2 1
18 7 13 25
4 18 17 17
15 23 19 10
13 3 14 11
13 17 4 6
1 6 16 15
26 24 16 11
19 25 2 3
15 16 4 9
21 2 10 24
4 9 7 20
5 16 5 16
18 7 6 17
18 10 25 9
16 17 23 8
7 5 6 14
12 22 25 19
3 21 7 21
11 18 16 23
16 27 23 23
21 10 13 3
5 10 10 1
1 27 8 17
10 22 11 5
6 1 3 8
12 24 24 19
13 12 4 4
12 12 16 14
15 7 4 8
25 10 3 23
26 24 6 22
2 20 18 16
17 11 27 14
3 13 21 9
9 7 21 11
20 6 18 14
9 21 18 17
7 21 3 12
13 9 6 18
26 11 11 25
26 27 16 3
11 24 18 25
25 25 9 19
6 13 24 2
25 15 5 12
12 5 6 22
18 23 26 25
22 3 17 25
6 26 15 22
25 6 14 12
16 6 19 23
5 15 20 12
8 23 24 3
25 6 26 13
7 9 22 13
1 2 24 3
25 10 23 4
24 21 25 1
19 17 12 8
13 7 22 15
27 21 8 23
26 20 21 20
26 1 25 20
23 1 10 15
13 24 20 7
4 21 17 7
16 15 17 4
14 11 12 19
4 6 3 12
24 25 17 11
19 19 4 18
8 26 20 7
7 21 23 26
6 1 8 23
25 22 11 1
17 12 17 15
7 4 13 17
5 23 26 19
22 17 24 9
27 16 22 27
10 22 3 23
9 22 18 13
18 18 26 9
25 9 22 15
5 16 11 13
8 1 25 23
18 1 24 17
12 11 22 1
5 21 27 6
26 15 25 6
26 7 1 22
8 22 23 27
17 19 6 1
2 18 23 3
5 7 22 6
19 1 14 17
11 12 23 8
21 9 16 14
4 16 21 26
1 21 25 11
1 21 16 17
1 3 16 3
26 21 8 1
8 21 23 6
15 24 14 14
21 18 27 25
17 21 9 13
25 14 5 18
26 8 3 22
24 18 6 1
3 19 19 17
22 20 21 5
24 23 4 14
10 19 6 2
19 2 13 21
7 27 1 5
23 11 9 18
2 27 18 9
7 25 17 11
13 24 11 17
15 27 2 9
13 10 25 24
10 17 5 27
14 19 1 6
25 2 17 27
2 12 16 21
26 16 20 10
11 10 10 6
2 23 24 16
17 16 18 27
7 5 27 12
3 18 8 1
17 3 14 1
20 8 1 21
20 27 27 19
27 6 8 12
6 4 6 21
18 19 8 9
15 5 5 12
17 18 1 19
14 5 11 11
25 24 21 24
21 18 4 23
15 21 4 11
4 11 22 16
7 10 3 4
2 3 20 6
15 10 12 24
10 9 12 21
18 26 24 18
6 11 25 9
24 6 14 9
24 12 20 9
11 25 5 8
18 13 1 6
15 12 4 22
20 3 3 5
8 9 20 21
10 15 13 6
9 7 13 8
4 25 23 26
6 27 12 17
10 1 13 7
22 2 6 20
3 12 24 2
15 21 24 27
8 20 23 3
9 10 9 27
4 3 15 4
6 7 20 27
26 23 15 14
4 20 17 16
1 22 9 22
17 21 7 26
4 21 14 12
6 23 27 13
23 18 18 20
26 26 7 11
9 7 19 5
7 9 20 17
7 21 16 21
20 15 20 6
9 15 16 14
3 22 15 11
1 1 5 10
13 20 9 6
18 13 13 17
23 22 19 3
16 3 1 1
21 15 11 13
2 21 22 11
22 26 4 12
23 15 27 12
13 19 19 17