27
998
3106
1521
2319
966
819
516
679
1402
3231
2823
1938
2753
1719
2170
1215
2075
3066
1615
1703
1858
2945
677
2697
2271
2534
3047
372
4
9 12 6 20
15 17 13 5
18 26 10 22
20 18 14 1
27 9 26 19
11 3 1 22
3 3 2 15
1 12 16 14
7 12 12 20
19 19 12 13
13 1 23 6
14 16 4 23
2 12 24 18
21 18 25 12
24 14 15 8
18 20 15 26
11 8 26 15
27 7 18 3
4 19 6 27
16 16 20 4
12 15 8 17
25 9 25 17
12 18 12 15
16 7 7 27
25 17 20 9
6 13 23 20
8 8 17 12
10 18 20 17
17 24 18 2
3 11 11 3
1 20 24 1
27 19 18 15
1 16 6 16
6 11 12 4
21 1 10 14
12 13 6 27
7 13 17 5
5 19 25 9
5 26 1 8
4 5 6 14
17 5 10 18
23 27 26 27
8 19 18 7
7 8 8 15
7 5 9 20
9 3 5 22
17 21 19 19
22 15 21 14
22 9 2 9
10 19 21 15
1 27 14 6
25 24 6 16
2 3 22 27
13 10 24 22
16 18 23 9
27 26 21 15
6 9 10 19
7 16 27 9
22 5 12 14
5 12 6 8
14 23 10 8
13 24 22 10
16 10 13 14
4 12 20 17
6 21 25 10
10 13 2 2
4 23 5 27
2 20 15 20
25 9 26 9
5 4 10 8
10 16 13 19
20 5 24 19
12 8 18 25
2 24 14 3
15 21 3 10
27 11 10 18
16 22 16 14
6 17 7 15
16 12 8 16
2 23 13 20
25 8 1 23
17 20 22 23
20 5 2 9
12 11 2 27
2 3 22 9
19 6 19 11
22 4 14 3
10 1 12 8
24 7 6 18
20 20 26 27
2 19 14 25
14 14 19 11
1 22 6 22
20 20 1 25
4 1 13 7
2 22 1 9
2 3 20 13
5 16 5 4
16 4 19 15
10 17 14 18
26 24 10 12
6 11 24 24
20 15 22 18
21 11 10 17
9 15 17 3
18 1 10 18
3 21 15 2
2 18 20 18
13 20 8 27
9 5 18 11
7 2 10 26
14 3 19 6
14 8 27 16
11 26 12 25
19 17 25 5
24 4 15 20
21 4 17 13
9 19 15 18
20 2 27 27
27 26 22 12
25 19 14 13
7 6 9 3
27 20 6 8
19 14 17 22
4 6 27 2
16 25 11 13
4 2 26 16
16 27 19 20
17 11 27 19
16 27 4 21
21 23 5 19
25 8 22 21
26 10 14 22
20 26 25 18
14 5 16 14
9 25 11 6
12 13 26 11
14 24 11 21
20 22 7 3
21 1 3 3
2 3 21 2
1 4 16 26
3 18 24 8
1 23 11 1
3 15 1 21
13 7 17 19
12 24 8 10
17 27 26 19
1 12 23 12
21 4 22 10
1 3 6 19
3 6 15 14
22 14 26 14
11 3 23 1
21 25 14 21
15 2 3 9
19 16 15 5
1 14 7 25
19 3 17 25
19 21 2 26
3 21 1 21
20 8 12 27
21 6 2 19
18 10 26 12
25 9 1 7
11 13 2 17
19 19 20 6
2 26 9 19
13 17 23 15
16 6 27 22
12 16 4 12
25 21 4 8
6 24 16 3
2 27 10 21
11 2 8 15
2 27 16 8
7 7 14 11
6 1 18 22
9 20 9 5
22 25 17 4
3 1 13 2
14 27 23 27
21 20 9 23
5 11 21 5
22 17 12 10
2 3 12 10
16 11 2 16
27 13 10 25
13 11 17 24
15 5 15 18
21 27 16 18
12 17 18 13
20 21 6 3
14 13 10 25
26 13 24 6
9 21 23 8
26 26 15 2
20 3 25 8
6 21 19 1
16 12 27 23
7 2 16 16
27 10 12 7
11 24 8 19
12 16 22 22
17 3 11 19
26 8 14 20
27 22 2 8
2 13 16 26
8 26 8 2
9 5 23 25
20 12 2 27
27 18 26 3
26 14 8 20
23 16 18 6
9 16 5 14
14 26 20 26
18 23 9 17
23 21 10 8
6 24 8 2
8 2 12 8
12 20 11 25
6 1 5 17
14 16 13 14
22 12 13 22
12 23 2 2
9 18 1 4
13 26 24 4
5 25 17 5
23 18 10 13
17 19 24 16
21 22 14 4
19 17 4 24
20 16 9 19
6 9 4 14
4 12 14 17
15 4 10 6
26 8 26 6
6 2 20 9
22 14 9 6
27 24 19 27
8 12 2 26
7 2 16 6
5 6 25 22
16 21 25 3
18 27 2 4
18 19 11 4
9 14 21 5
21 23 26 26
21 20 6 9
4 11 11 22
2 23 3 26
9 17 25 20
12 12 24 20
9 10 16 24
3 19 5 19
20 5 1 3
9 16 6 19
10 9 1 17
27 11 16 26
11 1 23 21
8 8 16 27
11 7 12 26
22 8 4 24
5 10 10 7
6 9 23 3
25 4 24 20
11 13 19 22
2 22 3 19
7 6 4 22
9 26 6 6
13 24 18 3
9 6 18 27
5 17 7 7
19 21 21 5
1 17 12 15
20 17 6 25
19 11 14 13
9 15 14 11
16 10 27 9
9 5 1 17
15 15 18 1
18 18 21 6
14 12 3 26
18 12 10 13
22 8 1 4
4 13 12 5
27 2 14 2
20 21 19 4
22 18 24 2
19 21 1 6
5 5 27 23
7 24 14 10
15 14 18 25
20 27 6 3
6 20 27 16
22 25 10 10
16 18 3 24
11 3 4 21
4 27 11 10
9 22 7 14
11 2 25 25
22 18 15 27
19 15 11 19
4 9 1 27
19 13 3 27
8 27 3 26
23 20 22 1
5 22 26 20
23 6 20 14
6 11 20 27
19 2 4 16
10 8 24 23
9 18 24 24
27 8 23 21
5 15 27 13
7 20 23 27
11 20 16 24
10 23 4 9
5 20 7 24
13 5 24 12
13 15 8 6
8 25 8 27
25 27 19 25
12 20 14 3
2 10 27 7
19 9 10 15
4 23 14 5
18 3 19 2
10 19 17 7
20 6 27 22
16 9 19 11
8 5 27 23
25 12 12 27
10 4 10 21
27 5 7 3
24 9 10 16
16 15 9 18
16 2 5 5
20 4 18 19
14 26 14 3
13 18 15 20
14 18 11 6
15 24 1 11
1 5 2 24
24 4 1 2
10 2 3 4
5 14 19 19
19 1 2 27
13 27 27 22
24 2 5 24
10 10 15 11
8 10 21 13
21 4 11 26
5 7 10 22
11 22 20 21
10 11 26 22
5 14 27 15
16 11 26 15
2 14 20 19
25 21 12 10
7 12 25 12
13 3 12 3
23 6 5 5
18 26 17 15
15 14 4 4
22 13 5 3
1 1 11 27
1 15 25 8
15 21 19 7
22 3 12 14
25 2 12 11
14 17 11 19