27
611
820
584
3053
2848
1963
2689
3496
2533
1527
2037
1959
1569
420
1322
3353
1097
1256
855
2026
2072
3001
2087
3098
1419
1651
571
345
5
6
6 7 1 7
24
23 22 7
18 17 5 2
24 16 27 25
27 21 27 2 22
19 6 26 22 22
24 17 22
4 16 14 14
15 21 7
26 2 9 14 23
26 10 1
24 18 7 18 7
20 10 4 4 15
6 16 12 25
22 24
11 10 12 20
10
17 14
6 4 7
11 18 3 6 8
15 9 18 7 16
3
15 10 15 24 27
18 25 6
6 8
14 6 4 24 20
23 20 15
21 20 9 13
4 1
14 3 16
16
15 12
13 17 8
14 22 25 3
5
21 25
24
21 8 14
13
7
11 2 25 23 17
9 2 9
6 10
9 5 25 22
22
22 15 12 1
22 8 18 9
24 10
15 14
13 15
13
25 1 14 9 9
23 25
16
9 10 17 27 22
17 22 24 14 2
4 24 8 3
11 8 17
15
8 7 7 2
5 17 24
11 15
13 23 15
9 16 26 12
6
19 15 11
16 3 13 20
17 24 3 13 6
5
1 8 7
13 24 13 16 18
24 17
4 24
7
27
3 21 24
23 6
26
23 14 5 12
26 11 10 4 16
11
9 27 1 16 4
27 2 4 3
11 8
14 3 13
18 15 15
21 15 4 10 24
19 24 6
9 15
20 22
9 13 15 10 12
25
24 22
13 24
27
2 16 5
22 16 9
16 14 15
19 25
2 18 18
8 2
13 1 23 4 23
24 24 26 23
21 21 8 27 8
27 19 1 17
7
9 2
27 23 1 17
24 13 23
9 23 26 16
1 14
9 9 9 20
9 11 3 9
12 19
15 12 11 12
13 22 19 10
13 20 23
12
27 14 22 7 9
19
3 13 6 6 1
13 11 2 9
6 6 10 22
11 13
14 25 23
7 4 19 13 13
12 14 2 19
19
25 7
24 3 3 18 9
8 26 15 8
15 21 1 16
24 24 24 11
26 13 13 17
18 5 7 11
18 6 16
1 27 21
12 7 2 15
11 8 13
4 17
13 21 25 18
17
1 6
11 24 13 6 20
14 11
4 1 13
20 25 26 20
3 12 8
24
25 7 7 22 21
20 18 11 19
6 7 1 20
11 9 14 20
8 15 1
12 7
6 26 9 21 2
17
5 11 27 22 16
20 3 27 23
3 25
8 7 13 21
26 4
20 1
15 27 27 2 1
9 3
15 21
27
23 1 7 27
14 23
3 19 19
8 22 6
5 14 19
24 16 21 11 17
5 11
20 15 27
21 17 6
14 23
23 2 26 10 19
18
9 2 15
18
15
22 7 14 8
3
11 4
25 2 13 4 26
11 8 27 1
18 20
1 6
8 4 16
9 6 7 12 10
10 4 2 1
1 13 24
27 25 18 10
3 13 19 18 24
20 24
25 12
10 15
24 24 4 3 17
13 1 15
22 7
6 5 24 21
3 18 3 10
16 22 8 25
18 24 4 21 13
20 14 8
27
15 12
26 16 16
18 17 10
5
4
20 22 18
4 20
21 21 6 18
27 18 17
13 23 11 3
9 22 3
15 6 6
23 11 7
22 27 18 20 6
27 19 10 11
12 8 9
25 2
9
12 13
14 17
22 25
17 1 18 23
23 21
9 24
16 8 12 26 22
13 6 9 23 15
13 3
8 22 20 16
7
25 4 26 11 3
10 15
10 20
16 24
5 16 4 3
11 11
24
3
11 16
7 9 6
19 8 6 23 16
1
2 25 13
26
20
26 7 25
5 10 3 15 7
5 25
13 25 19
23 8
5 3 2
26 15 20 10
22 9 18 25
6 17
3 19 27 19 9
12 11 19 9
3 27
2 27 6
9 5 27 11
1 22 19 13
7 5 1 17
15 12 26 11
20
20 12 7 1 3
10 6 20
7 23 9 27 8
23 19 2
8 24 19 17
12 19
27 22 9 19 11
27 13 18
17 11
18 11 2
15 10
27 15 12
20 23 18
23 16 5
7 19 15
14 19
7
1 18 1 7
5
27
5 19 3 25
23 13 25 6
17
20 12 19
21
1
26 9
7 13 7 20
5 27 6 19 8
20 3 19 25 6
3 2 16 13
10
1 22 5
23 3 23 27
27 16 13 21 14
23 10 17 6 21
1 10 27 1
26 11 19 18
22 15 23 8 27
11 8
15 23 3 15 24
2 5 26
11 16 16
2 5
19
9 25
19 23
9 5 27 14
11 2 2 8 3
24 22 10 10
27
19 6 4 10
14 10 9 17
23 14
5 23 5 6 21
19 20 26 22 7
2
4 20
13 12 18 2 16
21 3 21 4 22
21
16
10
14
3
14
18 18 7 12 12
12
2
3 14 19
19 1 2 5
1 6 2 14
26 10 4
7 8 15 22 11