27
1759
991
1275
3377
2904
431
1565
2890
3447
514
1733
2398
3300
1034
3156
1536
1860
1666
2131
2787
2412
1513
846
480
1812
1480
3112
310
5
11 10
17 1
26 19
22 18 18
14 12
8 15
17 20 19 10 26
7
12
5 22 23 26
15
7 17 19
19
16 23 25
12
13 2 27 12 19
9 3 13 14 10
27 12 2 26
15
17
9 13
4 3 18 19 26
13 15 13 20
1 18 18 27
20 21 9
20 14 18 25
14 4
4 16 26
19 14 13
24 12 8
2 27 13 14 27
12 10
19 7 17 7 11
20
27 18
10 20 22
21 20 11 6 16
25 7
14
16 3 17 11
8 2
27 20 20
13 22 25 15
25 21 9 9
8 7 2
26 6
7 17
22 20 15
21 7 2 20 24
9 11 19 22 12
18 19 12
2 8 18
12
11
5 24
12
25
1
9 9 25
6 21
6 9 10 6
16 16 25 13
25 21 3 23 4
27 22 21 20
24 3 3 23 10
6 3 17
12 25 22 7 9
7 21 21 21 1
4 23 5 6 26
25 4 12 24
2 8 7 27 12
14 11 5 12 20
18 27 19 1 24
9 6 4 16
19 21
11
14 7 8
26 10 5 6 15
21 9 22 10 23
5 12
10 7
20 25 22
24 11
19 8 19 22
24
11 8
7 10 15 12
21 23
11 24 17
13 25 14 12
3 2 26 23 18
2 2 10
27 13 19 15
16 8 14 23
11 8
25 5 18 1
27
22 25 6 17
8
9 9
23 10
1 14 16 9
2 3
26 21
19
7
26 6 23 18 23
27 10 24 12
8
20 11 5
8
17 9 2 21 12
14 15 25
4 3 17 1 12
25 1 10 1
26 1 14 19 12
18
5 12 15 2
26 15
20
4
24 8 2
19 4 6 9
2 12 2 18
3 8 21 14
25 14 11 16 22
6
17 19 13
15 24
18
18 12 11
1 3 7 14 18
14 26 6 27 8
26 6 17 7
10 22
4 15 9 5
5 26 3 20
8 25
27
4 26 27 19 5
27 5 11 16 16
19 2
15 21 12
27 24
6 13 16 22 21
21 21 6 2
23 13
12 23 23
8 21 18 23 24
26
11
23 8 8
25 23 7 24 4
8 16
2 8 5 18
24
21
24 15 18
9 20
2 5 12 1 25
5
4 6
12 23
15 15 1 3
17 2 4 23
27
19 8 17 23
4 4 12 18
12 9 4 25
22 1 21
26 11
18
19 3
13 7 8
27 5 1
6 21 18 4 6
1 12 7 12
16 5 11 27 11
22 27 24
24 3 5
23 7 27
2 20 12 4
16 1
3
5
12 18 24 25 22
5
5 7
14 3 19 4 12
24 12 6
9 3
8 14 2 1
13
12 11 21
19 26 24 17
10 5 23 16 8
14 20
9 22
26 19
9
27 20
2 14 27 24
12 15 10 14
3 3 12 5
13
14 4 22
13 10
8 7 11 4 5
13 15 17 17
12 11 16 16 27
14 14 22 10 26
27 18 13 15
11 2 25 19
17
9 10 5
7 5
10 21
2
2 23 17
24 1 10 13
18 24 24 16 8
8 17
3 13
6 27
10 12
6
23 2 8 3
2
2 6 5 15 8
18 14 27 19
7
23 15 20 8 17
16 8 12 2
7 4 24 23
22 10
19 24 1
22 19 2
2 3 2
6 6 21
9 9 23 14
9 24 5 19 17
4 1 20
10
24 12 12
24 11 8 19 14
22 15 11
24 25 3
15 4 15
16 4 23 10 26
21 25 18 5 15
7 3 22 1
10 6 2 2
2 21
5 9 8
27
8 9 5 18
8 14 24 5 11
18
17
17 7
16 25 13 6
9 10 22 6 13
23 17 21
10 18 9
11 27
9 16 11 13 20
4 10 8 7 24
25 25 3 27 7
13 17
10 4 5 10 8
27
7 11 16 1 8
18 9 23 20 7
16 17 5 11
4 20 15 24 19
22 14 14 2
8 6
10
10
7 13 22 6 18
26
13 12
17 7 2 19 1
27 14
4 9 19
24 4 1 20
1 21 17
13
10 12 15 12 3
12 20 21 17
13
12 6
17 5 10 20 4
7 17 20 16
22
8 14 16 7
16 5
20 26 2 5
13 26 26
9 4 15
3 19 1 18 15
11
19
4 11 19 6 5
10 23 5 19
8
18 11 10 23
6 23 5 6 27
2 8 11
7 20 14 4