27
1853
2250
2648
973
3055
606
606
3520
2202
696
3256
1301
3274
1454
1506
423
693
2963
1393
2069
3064
1027
1827
402
1781
1226
2175
360
4
6 26 26 16
25 18 27 21
26 11 2 22
26 5 23 23
11 12 17 5
7 4 23 21
19 7 14 11
3 9 25 27
17 1 12 14
1 27 23 20
20 8 10 21
27 9 18 18
18 23 21 18
1 12 19 2
24 3 3 16
24 1 9 11
18 27 15 5
26 1 15 16
6 10 23 8
17 2 1 16
4 23 26 5
18 17 17 27
10 22 14 27
1 2 5 2
18 17 6 11
21 20 24 19
3 9 24 20
8 21 5 27
9 12 26 27
3 4 14 24
26 11 7 23
7 22 18 20
8 8 9 10
26 24 15 4
2 5 4 10
1 21 26 19
3 26 9 21
8 21 20 27
1 8 12 8
23 17 3 12
24 14 20 2
11 1 22 16
21 17 16 8
6 4 7 26
22 17 18 15
1 24 24 24
12 7 23 19
23 1 2 14
5 8 19 24
15 20 26 15
19 14 16 21
14 20 3 20
24 23 7 10
25 17 14 4
18 7 18 5
7 5 10 6
6 17 20 6
8 9 12 4
12 12 14 12
25 11 20 10
13 14 24 15
16 17 11 26
5 7 22 20
24 11 26 18
16 22 24 9
27 8 2 8
14 26 22 9
23 11 3 12
4 19 20 15
23 4 22 26
20 4 10 2
21 4 6 12
1 25 3 7
21 3 26 18
25 4 16 24
17 12 11 24
5 2 6 19
2 8 17 25
21 15 25 4
18 18 3 23
4 18 3 9
5 17 6 22
27 13 24 5
24 9 17 1
20 23 21 19
26 18 14 3
2 14 13 5
7 17 2 26
10 26 21 17
7 6 4 25
6 9 3 26
6 5 2 1
26 25 5 7
26 13 8 26
17 10 17 26
5 8 13 4
24 10 2 10
16 24 11 9
6 25 7 19
22 4 22 2
23 23 9 1
27 11 7 13
12 14 27 5
16 6 24 11
22 14 17 7
20 4 26 4
6 2 23 3
6 13 2 8
14 7 7 1
17 23 5 26
19 3 6 5
3 3 13 24
10 1 13 4
2 4 7 5
1 1 1 6
3 22 10 18
22 16 22 6
10 11 13 6
23 8 14 4
15 24 1 21
20 8 26 18
15 8 26 21
16 3 13 21
21 22 17 15
20 23 3 9
21 12 2 13
8 1 21 2
17 17 21 5
10 21 17 15
22 19 19 16
4 11 7 5
14 21 11 11
22 7 1 2
21 15 14 9
3 19 5 10
25 11 14 13
5 26 1 7
4 26 18 5
9 24 22 12
15 4 2 23
25 7 8 5
17 12 2 25
8 12 8 27
5 3 7 9
7 20 21 23
23 9 12 25
7 21 27 14
6 3 4 2
19 9 14 17
3 23 6 24
19 22 9 21
17 14 7 8
10 6 5 18
20 27 26 8
6 25 20 17
18 12 9 18
8 17 21 7
11 24 4 8
25 18 6 11
10 19 19 14
5 18 18 9
24 21 1 20
5 23 22 18
23 18 15 21
22 4 16 17
14 20 10 14
5 18 4 16
24 19 2 18
23 7 13 3
15 8 2 4
13 6 14 10
26 23 10 14
9 3 8 3
7 21 11 20
9 5 22 9
6 12 4 25
13 17 1 12
27 8 2 25
23 14 25 24
24 16 12 22
6 23 22 26
2 2 11 6
20 3 22 24
23 18 22 3
13 14 16 1
22 24 3 8
5 11 21 11
23 4 6 15
27 27 23 9
20 24 4 22
12 10 17 13
20 21 14 7
1 20 13 6
12 14 22 26
8 19 3 17
27 6 22 22
23 13 13 21
25 18 24 5
13 22 16 5
8 24 19 6
4 20 23 5
16 25 23 13
15 5 9 10
20 21 24 26
26 2 8 6
19 6 1 12
12 7 11 13
3 18 14 21
26 21 23 22
11 13 14 6
6 22 16 2
16 25 4 14
23 6 4 13
20 25 18 6
15 26 26 1
7 19 22 20
27 13 14 16
2 13 21 17
19 4 23 13
18 14 13 14
26 11 1 2
23 9 21 3
14 17 7 7
6 18 3 12
13 27 3 4
18 12 1 8
4 23 18 17
13 13 13 20
14 24 2 8
24 13 12 4
2 15 12 20
12 3 18 17
18 14 7 4
19 23 12 11
24 22 16 17
21 22 10 18
15 5 15 10
7 1 26 20
20 20 8 6
20 21 19 12
18 27 6 12
26 16 8 1
4 19 5 10
24 1 27 17
5 21 17 22
12 22 11 4
4 1 5 7
24 9 1 3
27 10 27 9
6 24 21 14
27 19 2 2
15 17 7 16
7 22 6 8
23 8 10 10
24 23 9 25
24 9 19 9
13 1 17 5
2 27 14 7
17 21 11 4
18 24 20 20
7 1 18 18
6 27 16 4
11 8 1 1
23 6 25 18
24 26 21 6
4 4 3 24
14 20 20 4
17 5 15 27
4 5 27 21
22 27 19 4
25 11 12 26
16 25 16 8
10 25 26 18
8 16 7 17
11 13 15 9
16 19 2 7
4 24 2 16
2 1 23 11
10 20 19 26
19 21 16 7
27 12 27 25
1 14 23 14
19 21 3 25
27 9 27 2
11 8 4 14
27 15 2 15
15 20 15 8
23 3 21 17
12 20 15 12
12 6 23 2
18 20 16 9
25 5 24 3
12 14 8 13
18 9 5 18
11 17 9 24
12 2 3 9
11 14 17 16
1 9 22 25
9 25 9 27
13 19 6 18
19 11 26 14
4 27 22 11
3 18 6 25
15 7 26 7
16 10 13 2
23 11 14 5
3 9 25 27
24 21 9 11
13 22 19 11
1 19 26 17
19 18 27 25
3 21 12 19
4 24 2 24
12 3 9 6
1 11 15 20
9 20 12 15
14 21 5 20
7 16 24 24
23 18 8 19
9 4 25 2
6 22 21 7
4 14 5 1
27 26 2 20
20 25 22 18
1 11 22 26
5 27 20 21
8 27 18 3
21 15 24 1
4 18 19 25
22 14 2 13
21 18 23 16
10 1 13 10
19 14 15 6
27 17 17 8
26 6 8 27
25 19 27 25
20 22 9 22
2 26 18 12
24 14 2 23
19 21 23 17
17 11 20 6
3 19 16 1
22 19 13 23
20 7 24 17
21 21 15 5
25 19 24 4
13 2 1 27
5 20 23 17
8 13 22 6
21 2 26 16
7 8 4 15
26 4 9 18
5 12 21 10
3 6 19 19
10 20 3 2
14 15 6 11
15 14 13 18
16 17 15 17
20 5 16 24
2 17 1 17