27
792
680
504
462
660
3363
3336
2206
750
3106
1143
1233
2449
1233
1618
2650
1295
644
2034
2086
1930
2031
2929
1802
1634
1444
2038
388
5
5 5 5
11
13 4 1 6 8
4
10
2 10 8 23
7
18 25
27
26 27
14 20 23 8
27 3 19 13 15
24 24 16 22
22 9
21 6 23
22 23
1 20 26
1 23 7
9 5 6 1
25 2 4 24
21 1 7
25 18 21 20
23 24 19 17 6
9
21 1
23 23 14 3
9 12
20
18 14 1 1
17
23 24 25 9 17
10
20
27 1
17 16 24
2
14 17 25 16
6 1 2 3
4
8
16 18 24 10 26
21 23
19
2 13 1 1
12
14
1 26 10 14 5
26
16 14
1 11
25 23 25 19 18
10 24 18 24 6
25
1 3 15 23
20 2 15
9 19 27 22
25
12
1 12 6 12 4
12 25 27
23 5 19
25 23 10 22 2
8 26 2
18
19
11 14 1
15
3 2 6
12
5 20 16 9 24
26 24 25 13 24
3
10 18 1 5
11
27 17 12 6 17
2
4 22
6
5 4
27 19 27 20 16
16
1 22 8
17 27 22 22
3
6 19 4 15 13
10 16 6
27
13 10
23 2 1 19 3
17 6 19 3
7 7 22 25
14 6
6 10 9 1 24
8 15 12
24 9
14 13 18 18
25 8
20 3 10 3
3 16 22 26 18
25 19 17
1 1 13
13 12 3 12
7 16
9 3 8 9
11 4 13 9 20
14
25 14
4 16 13
12
16
11 20 10 16 5
9 8 2
8 24 15 12 18
13 1 1
7 17 4 27
10 8 16 24
18
6
1 10 20
23 10 18 11
1 12
27 6 23 3 19
1 12 6 23 5
21
15
26 4 4 9 24
24
5 6 19
12 3 6
18
24
27 19
5 15
5 13 16 19 11
22 4 4
23
26
5 18 6 14 5
10 13
12 23 23 16
8 25 12 3 27
7 10 15 10
24 14 12 21 2
27 19 27 24 27
1 5
17 7
6 22 15 23 23
26 26
17 27 21
13
18 26 14 27 17
5
21 13
12 7 15
8
13 27
22 6 9 19 19
23
10 22 27
10
27 10 22 21 6
3 8 12
21 1 17
7 12 15 16
20 16
21 13
25 17 14
5 17 18
13 23
2 12 23
24 15
12
24
18 25
2 17 22 8 8
18 21 11
7 11 5 9
21 22
6
5 21
21 27 25 27
12 20
25 16 20 14 26
20 17 23 16 1
11
1 23
8 2 6
26 23 27 16
7 12 25
17 27
21
5
19 12 26 13 11
18 22 3
17 16 10 22 12
18 5
21 21
25 11
24 6 23 24
6 11 9 14
16 26 3 25 12
22 24 3 26
21 17 4 7 5
20 24
26
2 12 14 2 11
15 23 9 26 16
12
24 23 2
11 17 12
18
27
19 12 2 19
11 6 4 23 10
23 6
14 21
24
16 17 5 8 22
18 9 8 3
7 20
23 2 24
26 23 14 9
1 10 9
22 19 23 23 11
2 1
1 21 19 9
13 16 24 26
11 27 21
19 27 24 11
17 14
8 14
19 12 9
9 17 7
26 21 2 6 19
11 26 25 26
14 14
19
1 8 15
5
26 18 6
11
2 17 11
20 17 1
26 24 18 6 21
10
3 20 1
19 2 13 10
4
24 25 11
12 21
7 17 1 22 2
9 19
23 21 25 20
6 13 8
6
25 14
2 15
12 24 15
1 2 17 22
10 27 21
5 21 16
6
2
8 4 18 13 19
14 21
2 13 1
16 19 5 5
25
13 25 21 9 24
27 8 8 14
1 26 27
7
5 21 22 8
26 21
10 3
7 14
2 21 20 19
4 13
26
9
13 27 13
15 6 8 9
25 24 18 27
27 16
21 26 8 26 14
23 12
4 12 15 14
24 15
27 17 7 13 11
15 5 1 14
21 11 3
8 24 17
25 21 23 14 16
14 7
6 4 9 9 25
5
27 16 1
3 23 18
8
9 14 13
11 9 17 7
24 5
26 16 9 25
17
24
15 17 17
14
3 23 22 10 27
11 11 18 27 11
22
20 2 12
2 23 7
1 15 17
5 11
24 20
16 1
9 17
13 2 16 13
3 18 14 3
17
11 15 24
17 7 11 20 2
7 12
16 7
7
2
8 2 12 12
13 14 21 22
14 19
2 1 14 23
26 4 8 10 14
10
10 25 10 5 12
20 19
26 24 5 16
11 11 15 12
23
25 16
5
18 19 4
2 9 10
14
3 18 23 3
2 3
4 11 7
10 21 11
8 10 6 24
27 21 23 2
17 2 21 8 10
8 7 16 2
16 26
5
13
19
6 4 13 15 10
25 12 14 1 6
6 9
13 14 1 6 17
22 16 14 19 20
25 25 5 26 4
8 11 13
9 12 5
5 3 15
2 27 18 13 9
17 10 22
27 7 24 12 9
24 15 23 13 6
8
4 11
21
23 27 12
14 8 8 2 27
21 4
13 12
7 6 15
18 9 22 26 3
14 20 20 24 6
27 25 26 1 1
19
14 23 25 17 17
4 3 16
16 2 27 1
5 20 1
21 21 20 25 5
17 3 16
2 4 10
15 8
8 25