27
1407
529
2916
2966
3095
1104
1154
418
2783
2051
785
3163
2071
3179
3036
2571
894
3078
1348
1840
1883
615
830
764
1009
2055
1498
315
4
26 10 17 13
10 7 17 4
7 17 11 10
9 10 16 11
11 24 20 7
1 20 20 26
26 27 18 26
15 20 13 20
6 10 16 14
16 2 25 3
16 10 18 21
4 14 8 24
3 2 7 12
24 10 10 17
7 10 21 3
18 22 21 2
19 22 2 15
2 8 5 3
9 7 9 18
23 8 8 8
20 21 15 21
9 27 14 26
10 18 3 2
12 25 17 23
22 6 25 21
16 12 7 13
21 10 24 8
22 24 16 12
19 13 14 18
2 13 5 18
15 12 20 11
13 19 19 10
9 14 3 9
16 8 11 9
12 21 25 24
6 14 10 1
12 26 9 17
21 21 8 8
6 5 21 15
5 22 22 9
26 24 3 20
24 12 11 19
11 1 20 5
15 19 19 6
26 14 10 18
25 21 11 6
21 27 3 1
5 19 7 19
24 24 13 2
8 5 20 4
22 2 25 27
16 2 19 9
1 12 6 16
7 3 19 25
24 22 25 16
6 20 21 15
26 27 7 16
20 17 10 26
20 16 23 22
9 22 2 8
11 18 16 2
17 1 13 16
12 26 8 18
3 2 1 18
4 8 17 8
26 14 25 9
3 27 26 9
2 18 2 9
7 1 27 2
5 3 20 25
26 3 2 7
9 24 9 17
24 16 18 19
12 9 19 9
8 12 26 2
26 21 23 19
19 27 9 19
14 21 25 27
14 2 7 11
6 6 11 12
25 15 23 6
1 9 2 2
5 24 7 1
22 27 5 2
6 21 7 11
11 8 7 6
6 17 11 10
21 17 8 13
20 9 25 14
24 11 27 27
23 23 8 21
23 21 6 4
26 9 22 6
9 11 10 19
12 10 7 16
9 2 21 19
23 1 2 27
11 5 16 20
5 16 1 13
8 3 24 8
15 4 18 13
17 10 9 11
25 6 22 2
5 23 1 24
9 16 26 27
8 17 7 17
2 5 7 5
22 14 8 2
5 5 10 25
4 20 9 5
24 1 24 1
13 6 16 19
20 6 24 25
19 24 24 21
4 6 3 5
17 9 5 27
21 11 24 19
7 26 26 18
23 5 25 3
8 22 25 6
21 22 7 2
24 9 6 17
26 19 10 11
20 12 3 21
3 15 13 4
16 27 14 5
4 2 3 2
6 3 7 22
13 18 26 23
7 1 24 9
6 14 20 2
12 15 26 24
17 16 11 15
20 16 13 13
25 21 12 4
21 22 19 6
3 14 15 20
23 24 6 23
27 15 8 15
10 1 18 2
6 8 16 11
14 20 27 21
13 27 12 4
21 12 17 10
17 24 6 3
8 3 1 10
6 13 17 23
7 26 19 21
21 20 27 25
16 26 15 2
1 14 23 1
1 3 1 11
19 20 5 27
26 6 17 23
8 22 9 1
6 1 11 11
22 4 10 18
16 15 16 17
19 9 16 5
16 14 25 6
3 16 9 27
14 16 20 7
14 24 8 16
19 22 3 22
23 9 26 6
1 7 15 6
2 6 19 4
5 5 13 5
3 2 20 18
27 4 24 4
1 19 16 17
18 12 4 16
8 5 1 27
9 23 4 7
2 1 15 8
10 13 22 24
14 27 24 5
4 25 17 19
13 19 23 23
15 7 8 3
22 2 19 14
5 14 18 5
23 4 18 14
15 5 19 27
15 11 14 3
9 15 21 3
1 22 22 14
18 25 21 1
9 6 12 26
5 4 23 26
24 25 17 19
3 23 27 10
26 11 9 2
1 27 2 18
25 7 7 11
26 16 27 26
15 16 16 26
26 4 2 14
22 25 10 13
10 25 17 2
6 12 8 26
5 16 6 2
21 8 11 20
3 6 18 24
2 4 13 20
7 13 14 22
21 3 8 5
20 3 1 6
20 13 4 4
4 8 21 15
2 1 20 12
22 21 9 15
10 11 24 24
2 2 13 1
18 2 10 24
14 2 23 2
26 15 12 13
18 24 27 5
3 6 27 27
9 27 7 6
6 20 5 20
7 13 13 26
3 23 19 23
11 12 22 19
21 27 13 11
20 12 21 14
16 21 25 3
6 6 11 2
8 22 14 15
18 5 2 12
17 9 10 16
4 9 4 5
19 26 24 23
1 23 8 21
12 1 22 23
20 26 23 23
6 1 12 23
15 18 5 15
22 15 15 13
14 27 15 16
10 16 3 15
13 5 26 25
21 26 12 17
22 12 2 9
27 19 23 14
14 13 4 25
24 25 5 9
24 20 20 12
10 11 9 3
12 18 7 10
22 12 2 23
13 5 26 18
27 11 9 16
13 1 12 4
16 14 5 15
9 22 19 7
5 5 17 17
22 17 18 24
20 4 15 10
2 7 18 2
5 9 21 25
5 1 10 4
11 22 15 12
5 20 7 8
27 22 15 16
4 14 20 12
15 25 13 8
1 24 27 12
15 20 19 13
14 19 20 24
22 17 20 15
5 24 14 23
26 13 9 22
15 7 12 5
22 8 6 22
10 12 27 23
4 22 12 14
20 5 10 8
19 19 19 7
21 7 8 20
10 7 4 10
11 22 25 6
27 1 11 13
11 9 15 27
9 15 27 4
10 21 20 14
9 15 19 22
10 16 7 27
23 2 20 18
7 9 15 1
27 11 1 5
20 9 2 26
9 13 2 19
17 24 11 1
21 11 7 21
19 18 22 23
5 3 21 10
18 7 23 7
18 19 4 10
1 8 7 4
4 7 18 6
23 4 27 15
17 3 23 5
18 4 21 20
7 21 9 6
13 13 8 2
5 5 17 25
27 25 17 9
11 22 7 12
19 21 9 12
23 14 24 23
20 23 24 5
21 11 17 8
26 16 13 15
13 2 1 5