27
2772
3160
1140
1303
2068
2941
1230
1774
2451
1114
1109
1392
3018
2294
786
818
2112
1831
3380
1709
1321
3408
2437
1127
2494
1857
3445
357
4
2 7 20 23
22 7 18 7
4 6 5 9
22 14 8 4
13 21 18 19
2 3 3 13
13 20 27 16
13 19 24 6
8 26 1 8
5 8 18 5
19 20 2 14
11 27 6 22
4 6 5 5
14 5 19 8
18 25 18 21
13 24 25 2
6 22 4 22
22 6 20 21
19 11 15 26
12 15 5 24
15 1 25 14
23 26 27 3
8 10 10 22
17 12 2 16
1 27 16 8
3 27 10 4
24 15 13 26
21 9 19 19
14 20 14 5
6 13 26 5
14 17 8 25
2 6 6 7
18 14 23 17
27 15 15 7
18 22 10 19
9 11 14 25
1 27 27 3
25 20 12 19
19 17 13 24
9 8 20 21
13 25 15 21
1 27 26 4
7 14 21 13
25 11 26 2
9 2 5 19
19 26 1 17
6 14 19 11
15 9 1 23
27 6 5 12
27 16 13 19
8 5 15 13
17 22 23 24
8 10 9 11
19 26 11 22
5 16 24 20
15 16 8 5
3 9 26 20
2 4 14 16
14 23 9 2
4 12 13 16
11 2 3 2
13 11 10 9
4 23 12 22
1 26 19 6
12 21 15 3
13 1 13 22
9 16 16 19
26 3 26 20
9 22 9 26
26 8 23 9
24 25 6 27
4 21 8 25
3 17 13 12
8 21 11 19
17 5 1 12
1 7 27 15
6 9 8 21
19 24 5 22
7 10 2 1
16 23 20 27
11 7 17 15
22 18 6 12
15 24 21 6
19 2 22 17
5 20 2 1
17 14 18 18
17 9 14 17
19 12 26 17
26 19 6 18
25 24 21 24
10 8 22 6
1 13 2 8
16 9 5 17
1 6 27 26
22 12 7 24
6 25 2 12
15 25 15 13
6 23 8 15
10 2 5 27
12 5 18 7
8 23 10 13
8 17 25 13
23 17 20 21
10 3 2 5
6 14 8 14
21 14 12 14
2 15 12 11
23 16 4 6
16 23 8 18
1 4 2 5
9 5 20 25
16 24 19 3
8 18 18 27
7 3 26 5
27 5 1 23
14 12 14 9
20 22 6 10
1 5 13 1
1 2 22 21
20 6 5 23
17 4 10 11
9 2 11 9
16 13 13 6
8 18 8 13
7 1 2 2
24 9 23 7
16 5 11 26
7 15 13 18
15 17 17 7
9 5 4 21
4 6 18 20
17 27 12 1
12 18 21 4
25 18 25 14
18 24 14 18
12 15 19 5
7 13 9 17
19 12 25 24
27 10 12 14
17 16 15 5
12 12 4 3
6 27 7 21
7 21 12 3
4 9 1 16
17 3 17 1
2 21 24 14
24 21 4 24
4 9 4 23
2 27 25 12
19 27 17 1
18 12 2 26
9 19 25 20
13 1 7 12
4 21 4 4
11 4 26 11
6 6 12 23
27 11 24 8
15 27 22 10
6 9 14 5
23 24 25 6
17 13 15 10
27 24 13 21
13 14 27 1
26 11 26 13
12 22 6 26
5 14 3 15
3 4 14 24
26 2 20 2
8 22 10 17
18 11 7 5
15 2 6 25
16 5 24 9
1 3 8 27
22 20 15 7
5 26 25 20
6 24 1 24
1 24 11 9
27 6 27 15
14 3 3 27
1 5 14 6
22 7 18 10
16 13 3 14
19 10 6 3
20 5 5 3
6 14 23 26
3 26 26 17
15 21 15 1
10 3 18 12
18 23 7 27
18 22 16 14
15 23 27 13
10 15 17 13
22 21 22 4
15 11 7 1
3 4 17 15
16 6 25 19
22 18 11 4
1 10 18 22
22 16 20 11
2 17 19 22
17 15 10 23
18 19 8 17
17 15 24 21
21 12 1 4
8 11 16 16
6 3 5 1
18 9 7 1
1 9 15 19
8 13 18 2
20 12 20 5
2 13 7 14
10 25 23 22
17 17 19 1
19 5 5 26
17 15 4 18
22 14 24 21
12 3 4 16
8 24 21 17
25 6 2 7
25 12 9 21
2 4 3 24
2 13 8 17
22 16 27 15
21 7 27 8
20 15 9 27
9 11 6 1
14 2 17 23
24 2 12 2
4 25 24 17
16 19 21 11
23 14 22 8
5 5 21 10
9 19 6 8
13 5 5 18
7 8 4 12
11 26 9 19
19 16 18 5
17 18 4 16
16 18 8 21
20 16 3 24
18 27 16 18
18 18 1 14
10 18 6 12
25 2 22 16
13 7 1 8
14 20 17 13
24 17 7 15
12 4 3 23
8 1 20 8
14 18 24 21
2 24 6 9
17 26 9 11
11 21 3 8
20 16 7 9
15 6 21 15
11 27 12 21
6 13 13 16
7 8 11 1
14 6 27 21
23 24 25 25
5 9 27 17
24 13 6 15
1 14 2 9
22 21 14 8
1 19 4 5
18 17 3 25
12 4 14 18
11 27 11 6
18 8 18 25
22 2 16 7
13 6 1 2
21 14 6 5
24 27 27 20
11 23 17 26
12 13 17 7
12 1 22 8
17 24 13 12
20 19 3 11
14 11 9 20
10 4 6 13
1 25 21 12
17 5 4 14
22 5 13 13
23 11 14 24
13 25 1 21
27 20 16 14
10 1 14 6
4 8 23 20
21 15 5 6
4 21 14 15
12 25 26 18
18 17 17 5
5 13 15 12
10 3 13 21
15 13 6 27
9 19 24 2
24 10 14 1
24 27 2 1
18 25 6 2
22 3 6 26
4 10 10 10
7 25 17 15
9 19 24 21
18 19 17 26
12 5 1 9
12 2 3 7
5 23 23 9
14 25 10 24
21 4 8 14
20 27 25 19
3 21 13 15
21 17 12 15
9 17 8 19
18 1 9 1
26 18 13 26
4 10 18 15
5 25 16 14
2 9 25 4
12 5 24 2
23 20 24 19
16 14 11 21
17 19 9 21
24 6 16 15
3 1 27 2
20 2 25 24
25 6 26 21
23 1 22 11
17 23 27 10
23 6 4 19
9 14 25 10
15 27 17 12
15 2 22 3
21 9 20 14
9 15 27 12
12 6 23 5
12 16 2 15
7 8 26 7
11 18 25 18
11 26 18 5
27 27 16 27
15 20 10 25
4 25 11 5
21 3 2 19
21 21 2 5
13 12 23 10
26 8 13 19
24 19 19 26
1 23 18 14
12 21 27 26
27 7 3 1
20 5 22 4
13 7 1 19
23 9 24 5
10 12 9 12
5 14 21 2
11 9 14 25
26 21 17 21