27
1785
1418
2792
2636
629
1173
598
1338
2486
3354
2882
3435
901
2858
3264
1539
3417
3034
1764
3014
3220
2975
2332
2679
434
2661
2417
305
4
7 11 25 20
8 5 21 15
15 10 9 10
5 6 10 9
7 22 17 16
1 23 17 20
18 2 7 19
17 3 13 6
1 19 7 17
7 4 21 19
1 7 8 11
21 13 5 13
22 19 17 13
22 27 23 16
3 26 17 10
14 21 16 11
21 14 25 7
4 12 11 8
7 20 18 15
15 16 22 3
15 9 21 23
7 16 27 4
27 14 17 9
7 23 26 6
4 7 13 7
17 3 14 17
13 17 21 23
1 27 11 24
24 18 20 1
16 21 21 7
19 8 27 7
21 16 25 17
4 16 14 15
21 24 20 10
12 22 17 15
7 25 13 10
11 12 7 27
4 1 25 14
15 16 24 27
25 21 19 22
5 20 19 2
21 3 2 15
25 12 7 7
23 25 2 3
9 3 2 21
4 6 16 22
17 24 26 17
8 24 20 16
6 6 15 23
17 6 8 18
21 6 6 1
13 2 27 3
5 8 21 15
19 4 15 10
4 25 23 16
21 19 22 24
4 9 8 15
21 1 12 3
21 11 24 4
16 7 9 26
24 21 18 7
24 17 12 27
19 25 23 18
16 6 9 5
21 10 17 5
2 19 1 23
20 22 7 15
6 15 11 6
11 16 12 17
19 15 10 16
9 12 16 22
16 13 21 21
25 3 10 12
17 24 22 14
3 18 6 20
14 15 24 18
14 12 8 9
22 16 3 21
24 16 16 11
14 26 26 24
15 26 7 24
16 4 27 16
8 22 21 3
4 21 8 13
18 26 19 5
8 15 1 3
25 8 13 4
1 17 8 18
4 26 26 27
9 3 1 21
15 6 14 11
15 25 27 4
27 26 3 8
19 4 6 9
19 18 9 13
2 12 7 27
5 26 9 5
19 24 10 7
5 16 20 21
23 5 16 9
10 16 12 2
11 9 7 19
19 24 6 16
5 16 8 20
6 16 9 18
15 1 7 3
23 11 2 19
1 20 27 4
1 10 5 11
22 21 7 8
11 24 10 20
2 8 5 22
17 3 5 15
3 1 6 21
10 25 6 21
26 21 15 13
1 15 5 13
1 9 16 15
21 22 20 4
24 3 16 1
22 4 1 3
27 13 27 17
10 20 4 6
9 10 21 27
13 1 13 1
14 2 7 13
7 18 3 8
23 9 6 21
7 3 13 4
20 12 14 24
11 8 9 9
3 9 27 14
1 4 20 16
1 5 8 3
4 8 13 6
13 5 1 23
4 13 8 13
25 1 27 22
7 12 6 12
10 20 13 3
13 3 21 19
13 13 6 15
21 9 11 17
18 9 3 8
19 19 6 21
27 7 22 24
20 4 19 27
15 12 23 27
27 22 22 16
6 15 11 18
4 25 5 4
9 15 27 9
24 9 11 19
6 6 5 25
2 24 18 18
5 6 18 20
3 13 11 27
15 10 15 14
9 10 4 5
8 11 18 24
25 3 6 5
9 23 15 13
2 8 17 11
10 15 5 1
15 9 13 6
11 9 13 27
3 9 18 18
23 18 19 13
12 16 6 19
15 7 2 22
22 1 11 7
8 26 21 15
16 14 18 7
2 4 22 8
18 11 26 16
23 18 13 1
13 11 8 5
7 6 3 2
1 16 6 14
17 9 19 24
2 5 2 12
25 19 25 9
13 21 7 18
20 23 14 16
9 18 19 27
11 6 20 12
23 6 26 26
4 11 8 3
27 25 19 26
14 8 6 16
3 20 15 15
15 15 1 19
17 18 23 8
20 2 14 11
16 17 27 2
7 1 18 11
23 10 9 26
10 25 20 19
4 4 13 18
24 4 24 18
2 7 3 15
15 4 24 3
16 7 17 22
3 1 21 27
21 16 24 8
7 1 17 19
25 24 10 3
14 9 25 12
24 24 6 8
10 16 27 9
13 1 7 6
4 15 17 12
13 7 5 21
16 20 24 17
17 8 26 12
5 1 11 13
20 1 23 9
17 4 7 16
12 24 8 26
10 10 24 12
20 2 17 24
21 15 9 3
20 12 2 27
21 8 4 20
10 8 21 2
16 15 3 11
3 26 16 9
6 19 2 12
16 7 18 18
21 24 13 1
9 16 22 15
7 6 25 2
13 4 4 17
25 16 26 13
14 9 7 20
5 10 19 15
21 19 18 4
8 16 23 20
5 15 11 5
13 2 8 21
2 17 7 17
16 5 22 18
21 3 24 1
13 14 16 16
13 27 6 22
27 14 2 22
11 16 21 7
26 19 9 27
1 11 21 18
23 6 20 17
1 17 13 24
24 17 23 20
17 5 22 27
8 16 18 8
18 21 18 25
5 27 27 11
27 12 1 2
27 16 26 26
15 23 1 18
3 18 18 21
18 13 13 11
6 15 7 3
5 25 4 23
10 15 16 24
19 23 6 1
27 26 3 19
20 24 3 21
16 20 6 22
25 19 8 18
20 25 22 6
6 26 26 1
5 3 23 17
20 12 24 6
4 13 19 26
22 16 12 6
16 10 24 20
25 11 26 24
8 26 11 19
15 2 3 25
1 23 22 7
3 21 14 1
17 12 16 9
23 5 7 5
14 11 19 22
23 10 16 11
6 2 24 15
5 6 5 9
17 25 8 19
25 2 17 17
11 23 6 10
20 18 19 12
21 19 15 9
10 17 15 13
22 2 4 11
3 21 17 24
14 19 12 14
23 8 5 24
18 2 9 27
26 19 8 24
7 15 25 11
26 9 4 9
10 21 10 20
22 12 11 22
3 26 16 6
13 20 12 9