27
2078
1688
3463
3270
1119
865
1711
1653
3055
525
720
2817
530
1312
2323
3445
625
1786
1449
556
642
694
2534
2595
1088
2567
1648
312
4
18 12 22 10
8 16 10 6
8 1 27 7
27 11 8 4
18 9 4 24
1 24 6 2
26 21 17 8
7 5 9 6
11 23 22 9
26 6 24 27
20 2 4 20
10 10 2 21
13 17 7 25
22 9 23 14
9 9 4 11
8 22 27 2
25 22 25 19
26 14 3 10
22 2 15 16
17 9 2 27
20 14 7 27
23 25 15 10
14 26 3 7
6 22 9 19
23 17 11 2
12 24 6 3
24 19 5 23
17 20 12 11
21 12 21 17
9 23 10 4
12 12 23 9
20 8 17 18
13 8 19 27
20 1 10 16
6 15 21 27
15 16 8 24
16 11 10 26
15 4 22 21
14 15 20 19
24 24 11 6
18 1 6 5
18 10 5 24
26 9 1 10
18 9 10 12
2 4 4 1
21 7 20 15
5 21 15 27
15 21 14 13
8 22 6 11
16 22 4 13
27 21 22 21
11 9 3 23
12 23 24 13
15 9 25 17
21 9 7 1
6 9 12 18
13 6 15 11
25 18 25 16
23 4 6 23
24 7 9 7
4 1 5 5
20 3 18 12
18 11 14 15
27 11 5 7
4 5 12 19
5 22 23 24
15 5 21 4
18 4 10 25
2 10 13 3
11 26 9 18
18 27 11 15
26 21 23 26
3 8 27 13
11 2 11 1
21 26 11 17
12 4 10 26
3 25 22 11
6 15 11 23
15 25 26 10
7 21 20 16
21 8 13 25
4 13 17 12
8 4 15 15
7 9 7 21
1 17 23 24
23 18 2 20
4 6 5 2
12 22 4 11
25 12 26 24
22 9 14 8
17 18 3 14
20 4 5 8
20 24 26 24
8 26 4 25
4 10 11 24
10 7 16 21
21 21 25 26
19 5 5 13
6 16 22 26
22 8 24 16
15 13 6 17
7 1 7 7
1 14 23 26
3 10 22 18
6 27 5 1
10 5 3 3
9 23 13 21
9 3 15 4
24 2 3 11
7 6 17 16
26 15 26 11
16 15 10 4
22 17 27 22
12 9 7 16
15 24 27 4
17 4 6 23
22 8 24 15
11 27 20 3
12 3 21 12
19 5 7 23
26 26 1 22
6 2 1 9
8 17 14 13
12 8 23 6
20 21 13 3
5 7 9 23
20 8 5 14
1 14 17 26
18 16 24 27
6 14 6 9
8 2 25 5
26 20 10 11
7 3 15 8
8 26 1 19
6 19 4 22
11 14 13 19
4 16 8 13
8 20 2 1
14 10 9 25
18 2 1 20
16 11 23 11
4 13 4 5
25 26 27 25
26 16 24 21
12 19 25 11
14 2 19 13
13 1 11 1
13 24 10 25
24 13 26 16
4 5 23 8
21 27 18 12
12 13 19 8
26 3 17 2
13 11 19 25
27 11 14 5
17 21 19 16
24 27 27 10
12 14 17 26
23 12 4 21
17 9 4 26
3 27 9 10
16 8 4 25
21 20 12 25
11 27 20 13
1 27 16 13
24 19 18 27
16 20 8 15
12 13 7 12
7 19 11 13
21 10 12 10
7 27 23 27
5 19 20 22
1 24 18 18
6 11 14 20
25 13 20 1
15 25 17 6
8 5 15 10
19 10 3 26
18 15 5 27
15 17 27 25
8 3 9 8
24 25 23 15
27 22 11 2
15 5 20 3
26 5 12 16
25 22 17 9
22 12 23 5
19 12 17 6
8 16 9 18
20 4 1 9
25 17 10 9
23 23 15 18
17 10 5 12
22 12 26 1
23 18 26 18
24 25 23 24
18 17 16 6
8 4 10 17
14 16 25 25
4 23 27 6
11 24 3 24
18 3 9 11
27 18 10 12
17 21 23 4
5 5 24 20
21 24 24 17
17 16 21 21
20 6 17 26
22 6 4 2
27 19 2 22
1 4 4 9
23 27 11 25
19 23 21 8
23 10 24 27
1 3 18 18
18 2 11 7
24 14 23 21
15 20 13 16
14 23 3 17
7 26 17 6
12 4 1 18
2 12 16 6
8 4 2 11
12 2 23 6
14 14 23 18
8 8 3 4
2 21 7 16
16 17 22 14
13 13 4 4
7 27 7 8
6 6 24 22
25 15 18 8
10 2 1 7
5 24 11 15
6 22 26 24
19 25 10 4
19 26 25 19
5 24 2 18
15 7 19 5
2 13 6 15
14 12 21 21
22 7 1 25
3 7 1 9
6 23 17 21
1 5 6 8
12 14 21 12
6 26 2 5
23 13 21 5
6 10 17 15
8 9 19 3
3 4 1 26
13 21 21 9
4 7 11 3
20 10 3 9
9 27 8 10
1 6 5 7
16 26 10 18
10 9 4 27
11 9 7 18
13 17 17 7
2 13 1 13
25 18 18 11
16 16 1 27
25 22 7 2
13 27 21 11
2 25 2 7
9 22 18 5
1 6 2 21
22 2 9 7
3 13 7 14
3 8 18 2
12 20 27 6
9 18 19 22
5 3 5 18
23 1 4 15
21 25 6 6
16 9 4 3
13 5 4 19
9 24 12 12
7 7 3 9
3 11 22 9
6 23 14 13
12 17 5 11
13 14 27 2
6 16 12 6
10 8 11 5
23 2 13 21
24 26 2 13
2 6 25 23
8 26 19 11
1 6 17 9
14 7 1 20
22 8 5 25
25 14 21 22
23 27 21 7
20 9 5 13
21 20 4 26
15 15 3 27
1 7 10 24
17 3 15 20
24 13 12 25
21 23 21 13
24 25 11 18
6 14 27 2
20 15 25 12
24 8 20 22
4 4 21 15
10 26 15 3
21 24 15 9
22 6 5 1
20 9 4 15
21 22 4 11