27
2241
1894
1518
2425
1289
2741
1513
858
1528
2217
1400
2254
3271
1205
2709
1260
2429
3477
3395
2546
2233
465
947
3143
3022
3074
593
291
4
23 21 20 25
11 8 21 11
11 13 22 26
18 18 23 17
18 3 9 17
18 15 12 26
2 4 14 9
19 8 9 13
17 14 3 13
22 25 12 17
27 21 9 21
6 22 13 8
10 4 1 21
15 13 8 5
5 23 12 11
1 27 5 23
16 23 18 21
2 3 8 5
17 2 17 18
13 2 2 12
21 13 13 2
18 9 4 5
14 14 4 15
19 6 4 24
9 6 11 5
17 2 23 18
19 25 27 13
25 17 16 11
21 26 5 14
10 3 18 25
21 7 9 5
10 2 2 20
25 12 17 27
5 3 27 26
3 21 14 2
20 16 2 19
18 22 12 18
4 6 25 8
25 9 27 12
19 16 4 13
24 3 25 17
24 12 13 14
25 18 1 7
22 13 15 27
13 15 16 16
22 11 4 4
27 26 24 24
23 22 10 12
25 22 14 14
21 23 19 4
22 18 6 6
1 15 17 27
24 26 6 6
26 2 26 3
16 26 26 14
14 15 9 2
27 25 8 24
18 24 23 23
14 4 5 1
19 3 13 26
18 16 18 24
8 9 2 12
13 6 13 23
21 2 15 26
9 26 10 25
25 19 1 12
26 20 2 21
6 27 12 3
22 8 16 11
22 19 21 18
26 27 22 22
25 16 11 22
5 14 26 2
19 5 9 20
17 5 3 22
14 14 7 23
1 20 6 22
4 5 12 17
9 26 3 5
14 21 16 2
10 1 11 24
13 17 15 10
9 1 3 19
22 10 11 16
17 7 23 19
8 1 6 14
12 26 7 11
16 5 5 24
11 12 17 7
12 11 19 13
9 11 12 1
15 3 14 14
6 27 10 16
5 2 22 22
19 2 6 17
7 16 7 8
18 26 26 16
13 7 23 8
26 10 13 23
10 7 3 11
5 8 3 14
9 24 8 13
22 7 26 24
2 17 25 2
3 19 18 25
21 20 24 11
17 23 4 10
15 8 11 13
4 19 20 19
1 25 7 23
27 4 22 19
9 25 2 21
21 16 21 1
2 12 2 12
11 6 4 19
17 24 15 13
12 27 23 20
3 13 20 14
21 14 9 9
21 16 19 15
4 20 24 25
21 27 13 19
15 2 1 7
4 19 8 16
5 6 4 11
22 26 23 8
22 1 18 23
26 27 9 20
5 24 14 25
13 14 18 11
22 24 6 5
26 23 4 16
8 17 27 6
20 7 12 14
5 19 24 16
12 10 8 9
6 21 17 14
9 13 11 3
26 9 7 18
6 21 24 11
24 2 16 15
23 22 6 9
12 27 15 7
19 11 12 15
17 20 9 20
16 15 17 16
2 5 7 26
15 27 27 11
7 3 24 4
5 24 10 22
19 4 17 12
9 19 13 24
19 6 24 2
2 26 15 26
5 22 17 4
6 10 6 12
10 1 13 21
14 7 6 6
3 12 13 11
18 11 8 18
27 5 1 22
24 16 11 19
12 23 11 18
11 16 21 14
11 20 26 2
5 20 17 27
8 15 15 2
12 14 18 3
26 3 12 21
11 1 18 2
17 5 21 26
17 25 2 20
8 24 24 15
9 2 20 21
25 6 9 23
16 1 11 2
27 20 3 14
8 20 26 18
26 8 15 23
16 9 6 1
5 25 8 23
3 3 23 24
7 8 10 10
23 22 14 6
3 5 1 18
12 13 10 16
2 8 23 16
3 16 27 10
24 24 26 24
23 21 11 27
8 17 19 23
24 27 16 27
8 25 17 6
3 16 2 17
22 17 24 11
12 27 5 23
7 16 4 9
5 3 26 16
13 18 2 19
1 27 17 8
20 3 5 12
24 26 18 25
15 20 7 12
6 12 6 19
1 3 22 13
21 25 9 15
6 8 7 9
5 19 9 10
24 10 23 26
10 21 2 5
10 13 25 7
10 6 16 23
16 13 25 15
16 25 6 24
24 3 6 20
27 3 18 22
7 23 13 6
7 2 12 6
19 26 19 27
15 2 16 11
2 8 8 24
25 15 16 13
12 26 16 9
16 2 22 19
21 21 5 7
18 11 3 7
20 12 26 13
9 16 24 10
11 9 12 17
2 19 4 24
15 21 21 1
14 23 18 12
5 15 20 23
6 18 2 27
14 13 12 2
25 16 23 22
24 22 22 13
25 2 25 1
1 1 15 10
19 19 25 15
13 15 26 3
13 7 19 14
7 24 1 1
24 1 16 3
4 14 21 7
1 19 27 22
23 21 21 15
9 4 16 23
3 17 16 25
26 24 25 3
26 27 17 5
8 25 14 11
25 1 21 26
20 10 16 14
25 15 23 5
4 22 6 18
16 3 20 1
14 10 15 19
12 9 6 14
11 27 1 21
27 22 7 13
4 21 20 8
4 21 1 13
10 22 8 17
25 25 1 6
14 4 14 9
2 22 14 25
26 12 15 21
20 5 19 11
22 19 9 27
24 6 10 27
21 11 24 24
10 13 18 5
2 22 7 3
3 26 2 8
20 24 19 19
5 17 5 9
20 18 7 21
8 6 26 16
1 24 20 15
7 19 19 18
14 16 19 17
13 18 8 1
25 11 6 6
15 2 11 7
1 13 8 19
26 15 2 8
12 1 5 25
2 15 13 17
13 13 22 15
19 17 4 15