27
3158
1601
2697
717
2356
771
614
430
1386
1712
3327
2896
964
2196
3306
2989
1113
2549
3309
2093
408
3349
2968
1258
1123
2637
2951
330
4
7 26 4 6
19 4 5 7
18 3 15 27
15 16 26 18
12 21 2 14
25 23 11 2
5 18 13 19
2 2 15 23
16 18 27 14
16 13 2 20
26 20 10 8
21 18 5 26
21 12 21 4
17 2 19 9
25 1 18 22
22 10 26 5
27 25 22 2
26 23 17 18
10 1 12 27
11 5 5 12
14 1 27 23
17 14 1 21
11 13 20 11
5 18 15 12
2 21 25 2
5 18 25 9
8 2 26 25
25 15 7 15
25 23 11 4
1 9 10 1
1 5 24 27
19 8 4 7
12 13 26 19
16 7 3 3
3 2 7 15
24 19 7 17
21 4 7 6
26 25 24 16
17 22 15 9
1 23 27 4
24 21 6 21
6 20 8 26
13 7 13 19
21 27 1 22
10 5 20 19
11 1 5 2
27 21 21 26
22 20 6 19
14 22 4 4
15 15 7 20
6 8 13 26
8 7 10 6
9 26 10 17
5 11 26 9
20 24 6 17
8 4 20 10
12 24 3 23
20 9 14 16
2 1 20 25
19 4 25 17
22 19 4 2
13 2 19 14
27 27 4 10
9 26 26 25
5 27 23 27
11 4 3 18
22 26 2 21
27 10 7 20
19 24 16 24
26 10 2 18
23 6 6 19
12 12 20 13
2 9 3 25
14 5 4 3
17 13 21 7
26 13 6 27
25 11 17 20
22 5 18 18
3 2 23 5
25 1 8 15
25 17 15 19
20 9 5 20
26 7 21 4
1 15 21 11
27 5 12 23
13 20 26 9
9 6 17 2
20 14 7 21
17 7 15 20
7 17 8 23
23 9 12 3
9 22 6 8
25 8 27 24
26 16 9 12
24 26 27 2
26 19 18 9
14 22 2 9
11 25 3 24
9 11 10 21
4 21 2 17
3 2 1 6
23 8 2 17
21 3 26 5
16 25 14 15
10 3 9 26
17 3 16 24
23 26 21 9
27 4 8 7
9 22 3 2
12 21 22 6
24 16 3 9
8 16 27 6
3 12 17 14
7 16 3 17
21 13 7 5
19 17 10 15
10 11 9 9
7 15 2 21
21 18 24 17
22 4 22 6
5 9 13 25
15 23 27 4
23 10 5 21
16 21 1 22
4 12 4 13
7 8 21 16
27 18 5 12
25 9 27 18
17 10 4 12
12 7 20 9
23 6 27 21
22 7 16 9
21 15 27 21
26 23 1 18
11 27 16 6
8 3 6 12
2 18 25 27
13 9 6 11
14 6 24 14
16 11 26 9
11 2 13 3
7 20 21 10
16 4 17 23
10 2 20 14
26 13 5 16
19 7 17 11
27 16 13 25
7 24 2 8
18 26 9 22
26 15 15 6
17 3 27 1
14 20 14 16
10 26 1 26
8 15 15 25
19 26 12 6
5 3 23 12
3 24 15 21
9 26 16 11
11 15 8 25
13 15 1 26
15 10 21 27
18 9 19 10
18 27 17 15
6 26 8 26
17 17 6 19
9 5 26 27
18 1 21 11
8 24 22 18
18 27 10 12
13 24 23 4
18 8 23 3
8 11 26 14
20 17 23 12
6 7 19 10
1 23 18 20
19 22 14 2
14 10 23 4
22 2 17 14
6 5 21 1
18 24 1 25
25 3 20 5
11 26 26 1
1 13 18 23
10 9 2 16
16 23 21 1
12 11 24 26
22 26 17 24
23 6 23 25
15 9 8 24
27 23 21 21
25 16 13 12
6 23 6 15
12 20 18 2
7 2 8 4
25 13 18 1
13 21 17 7
22 20 1 2
5 17 2 25
20 8 18 10
3 21 26 6
17 4 2 18
25 6 20 27
1 25 2 20
13 22 4 3
16 5 21 18
25 8 26 25
25 9 17 23
15 11 18 5
13 11 9 5
7 4 6 5
2 8 23 17
9 8 27 7
26 13 6 18
25 6 20 22
13 8 23 17
1 24 7 7
24 23 25 3
9 16 17 5
21 13 12 16
26 8 19 21
3 15 20 3
20 17 6 17
23 14 9 26
27 21 19 22
16 21 16 20
27 4 15 21
25 10 26 21
1 25 18 16
4 20 21 25
23 16 9 15
24 26 6 6
3 18 1 2
4 25 24 11
21 20 24 19
3 17 20 12
17 5 23 24
6 1 3 20
5 1 18 16
15 21 16 21
25 3 15 27
20 25 11 12
2 21 16 11
25 11 14 7
12 19 1 6
21 25 13 12
25 6 15 2
10 11 19 4
21 10 20 6
9 26 22 8
3 17 23 20
26 19 25 18
24 26 3 12
27 3 2 18
26 22 14 23
19 12 21 12
23 23 27 10
20 14 10 23
22 13 12 26
20 9 19 14
10 20 11 9
25 19 24 21
26 10 2 25
25 15 4 18
27 10 8 7
22 20 27 18
27 20 8 11
6 24 23 7
18 15 10 12
3 4 10 17
22 12 14 10
11 15 16 23
7 16 17 19
19 5 12 10
9 18 15 19
12 21 15 24
17 24 4 27
17 17 17 12
12 18 16 11
12 4 5 7
20 17 18 10
26 4 3 18
13 16 6 23
12 12 16 3
4 3 5 7
15 21 22 17
9 23 18 6
2 5 11 22
18 12 6 19
13 26 2 1
6 9 15 10
1 24 16 22
15 8 4 13
14 18 8 1
4 4 25 14
24 5 6 7
11 6 26 3
21 9 7 17
20 19 14 10
4 16 5 3
3 21 14 15
25 26 21 26
16 3 11 23
4 8 8 15
21 19 10 5
17 1 20 7
16 26 8 21
8 20 4 26
8 1 1 8
14 22 25 9
2 9 23 18
20 26 24 13
10 26 5 2
23 26 25 15
12 3 12 14
4 26 13 25
9 21 18 18
7 9 8 22
3 26 16 21
26 12 12 25
14 11 20 18
12 26 13 18
14 13 10 25
26 4 17 7
22 26 13 13
7 22 5 25
17 23 14 4
14 13 23 9
5 21 4 23
22 11 8 24
4 17 8 16