27
2732
2113
2763
1114
1216
1093
1691
3078
677
3059
3514
1103
852
2125
822
698
2184
1248
1390
1006
1242
1786
3490
519
980
2376
1052
280
4
3 1 11 8
23 11 2 27
17 23 13 9
2 19 13 13
12 20 9 9
7 1 17 21
25 20 24 11
13 2 27 4
25 25 13 16
27 1 7 5
12 25 17 12
13 8 10 20
21 4 25 7
5 7 27 9
23 23 23 20
20 13 25 26
11 15 3 9
23 15 16 25
21 3 14 16
9 13 16 9
18 3 10 15
23 17 23 10
21 21 1 16
22 22 22 15
10 20 17 12
26 20 27 23
26 17 6 26
26 14 20 4
20 17 22 13
25 23 15 8
7 26 12 1
6 11 8 22
18 23 27 2
14 1 7 8
14 13 9 12
27 27 26 1
26 25 22 23
24 18 17 26
25 15 22 9
6 16 18 11
15 27 18 10
15 25 24 15
11 23 5 5
5 7 13 14
14 15 7 10
18 25 25 24
22 22 1 13
23 6 26 24
11 12 19 24
11 21 14 18
19 26 6 9
7 4 5 13
6 15 27 9
14 3 15 26
19 3 27 26
2 18 18 23
2 11 25 18
5 18 6 16
11 1 6 21
9 14 17 10
11 26 8 19
18 6 20 10
16 25 26 2
13 8 1 24
3 8 20 14
16 3 8 23
1 12 16 3
23 22 20 18
12 2 16 2
1 22 25 26
20 19 8 24
4 10 12 15
27 21 8 12
20 19 20 21
24 12 22 10
26 4 6 14
11 7 27 9
25 10 27 22
18 23 26 11
21 24 25 2
25 19 17 25
26 24 22 12
13 18 27 16
8 15 4 6
22 25 10 17
2 25 26 19
22 27 1 23
23 21 23 5
6 26 26 13
11 17 19 12
12 9 7 8
6 18 26 14
23 20 26 13
5 24 5 23
16 13 20 16
24 27 27 11
13 9 19 22
8 4 6 4
22 17 22 15
7 20 4 5
23 4 27 26
23 16 25 22
16 10 3 20
12 3 15 27
15 13 8 13
4 10 25 15
6 4 21 9
7 7 17 13
23 20 17 19
19 2 8 12
1 12 19 15
27 3 17 12
25 2 16 13
8 14 19 26
26 1 4 4
9 23 27 9
6 26 6 22
25 22 11 19
8 23 16 8
6 24 15 5
1 8 1 10
21 11 8 20
9 23 15 4
19 14 11 12
18 20 12 18
15 15 24 6
23 17 27 19
14 6 16 27
3 25 15 12
19 18 9 10
20 10 17 15
10 15 27 25
3 10 25 17
27 20 5 15
3 18 8 8
13 23 8 9
7 13 10 3
16 3 9 6
11 21 22 5
24 19 22 23
19 17 25 16
19 13 18 26
23 23 22 1
17 5 17 18
1 20 20 27
26 1 4 26
16 23 17 2
1 27 10 9
26 23 6 11
24 5 10 6
9 3 9 8
7 13 11 9
9 15 21 20
6 17 16 8
7 24 14 7
24 15 2 18
4 11 17 25
4 11 14 11
2 19 20 3
16 23 9 8
1 27 5 21
22 19 8 9
9 23 26 18
18 10 2 17
27 18 4 18
2 6 16 20
22 9 22 22
13 12 1 5
27 9 12 13
4 20 18 10
19 15 20 8
6 20 27 1
12 23 14 22
19 21 4 25
15 4 17 3
10 2 1 7
18 27 2 19
18 26 4 22
10 6 2 12
4 24 7 27
3 7 11 6
4 25 26 3
3 23 22 13
27 8 24 2
10 5 13 11
13 7 19 1
27 15 9 19
17 12 16 24
8 26 10 22
21 15 11 5
18 22 17 23
18 12 5 27
1 5 6 17
16 6 18 24
3 22 7 24
17 2 16 20
7 12 22 25
20 15 9 19
26 14 11 12
11 8 26 20
22 25 12 26
1 10 17 17
4 17 3 19
18 26 27 27
12 6 18 24
16 18 4 4
21 22 8 1
2 4 5 12
11 7 2 26
5 13 12 16
1 16 8 11
12 26 27 4
17 9 14 23
11 24 2 27
2 7 11 7
4 2 11 25
6 4 13 11
26 16 21 5
17 27 6 5
15 25 23 24
18 5 7 1
5 13 25 5
10 2 15 18
8 18 15 1
10 25 5 4
27 12 2 18
24 2 5 22
16 9 25 7
11 25 25 20
6 27 1 26
1 14 8 24
1 19 27 21
12 8 25 8
11 26 12 17
12 17 4 11
16 23 24 25
9 25 11 16
14 6 1 14
9 22 9 7
11 15 25 16
27 25 13 27
5 11 2 3
25 4 26 8
12 12 17 27
24 3 26 10
6 23 19 15
17 2 23 12
14 14 27 23
27 19 22 5
4 26 9 12
8 6 6 9
16 3 14 3
22 24 14 1
4 5 5 25
27 24 16 15
22 18 9 21
11 13 12 7
3 20 15 2
27 8 11 17
17 21 25 20
19 6 2 26
20 9 8 9
25 20 9 12
25 15 16 6
18 1 21 12
14 11 14 13
4 23 8 26
26 5 8 22
22 27 4 19
25 7 15 23
13 17 18 15
15 16 15 14
13 20 5 17
4 22 24 20
11 26 12 6
9 15 9 9
17 5 23 23
4 11 22 6
4 26 20 3
12 22 22 5