27
1113
2420
435
2421
1353
2448
820
780
2933
751
1090
649
3192
1453
1642
2980
402
3443
1794
3110
1281
1224
467
1742
528
1992
3149
334
4
26 24 15 25
3 7 3 12
14 1 2 24
5 9 10 22
22 12 25 10
26 6 10 6
14 5 20 21
8 26 11 27
3 11 9 5
23 22 25 25
23 9 9 22
3 25 13 21
2 18 11 8
7 12 12 8
9 3 5 8
14 12 24 26
12 17 19 25
3 11 26 9
20 11 25 2
12 23 20 20
18 16 27 16
20 6 15 12
6 5 2 21
14 14 3 13
24 12 17 3
9 6 11 19
12 21 23 9
22 9 5 1
14 26 8 23
16 26 12 8
2 12 21 26
13 20 13 20
4 24 26 1
12 2 17 9
24 3 16 1
8 7 17 8
10 15 22 1
25 5 10 14
14 22 27 7
5 2 24 1
15 24 8 17
15 12 5 2
4 7 10 1
12 19 6 20
15 6 8 27
10 20 27 22
17 21 12 1
24 26 12 5
10 10 10 17
10 4 5 5
15 21 20 4
16 24 22 14
15 17 11 13
9 17 8 12
16 4 22 2
16 6 2 11
17 10 27 24
25 22 21 17
2 15 17 8
26 8 24 7
3 6 4 23
14 6 27 18
24 20 25 2
7 16 16 8
12 19 23 10
15 19 15 4
25 16 24 19
14 6 17 12
20 16 15 26
3 13 10 6
19 15 24 14
19 23 4 27
26 1 6 4
3 23 22 8
26 12 20 19
23 6 1 7
4 15 22 20
16 11 17 18
9 16 19 1
7 20 19 15
7 3 15 20
12 23 11 8
4 5 4 11
8 23 23 25
5 3 12 7
20 17 16 2
10 21 15 8
18 17 17 1
17 5 5 10
11 19 14 22
23 22 15 27
8 3 10 22
16 2 27 7
18 19 20 24
24 14 24 13
4 15 14 8
10 12 14 5
20 7 11 11
10 25 25 12
26 11 13 11
25 27 22 13
15 21 18 26
14 27 15 16
8 12 25 12
26 9 18 1
5 4 10 13
3 19 16 12
10 11 19 1
19 15 13 26
4 18 4 25
10 27 19 3
2 25 26 12
16 22 18 14
6 10 25 14
22 27 25 25
1 27 15 10
26 24 20 9
15 14 8 17
16 12 24 4
20 4 2 13
9 6 8 18
25 4 14 16
18 12 13 4
5 7 8 21
3 27 15 9
22 17 12 27
12 26 11 19
17 22 22 4
16 13 12 26
22 5 4 22
6 25 22 15
25 11 25 26
24 12 23 15
23 2 18 6
11 15 26 23
2 10 21 27
7 8 19 18
27 21 13 5
5 19 19 3
14 21 3 9
7 3 15 9
13 20 20 12
23 9 6 6
22 11 8 5
17 9 12 20
1 1 6 11
13 22 6 4
21 3 26 21
19 5 2 20
27 19 23 4
13 22 12 13
5 15 7 19
19 19 2 14
16 19 15 22
18 25 3 10
27 5 10 26
14 18 4 15
5 19 7 24
6 22 21 21
11 27 13 18
6 22 3 25
1 11 12 19
26 5 19 4
22 10 7 12
8 6 25 17
12 3 3 7
2 8 10 3
4 14 16 13
16 26 2 22
15 11 9 11
22 19 11 12
14 7 20 7
20 20 20 27
17 6 20 24
3 9 5 2
3 25 9 22
3 26 9 24
25 13 4 1
17 8 8 17
11 17 2 7
17 7 14 6
13 8 4 17
3 16 3 1
2 27 7 15
13 24 1 17
13 8 11 20
23 27 16 5
4 21 12 18
12 27 25 16
15 27 26 11
18 2 24 11
2 25 3 21
7 24 25 15
15 13 19 3
24 13 17 10
24 17 15 13
20 27 1 1
26 25 5 17
18 15 17 20
9 9 6 3
16 25 27 2
14 8 15 5
24 16 9 10
10 14 20 23
15 23 16 7
6 10 11 11
23 11 1 27
23 27 22 19
19 20 8 24
8 10 16 26
18 4 25 23
6 20 14 17
8 3 1 9
19 21 7 6
8 14 27 7
25 27 18 25
12 12 18 12
4 25 15 3
9 9 22 26
7 9 27 1
1 13 6 7
26 8 21 12
15 16 21 20
12 21 11 11
18 9 21 18
19 17 15 4
22 15 17 6
27 21 25 8
22 7 22 27
10 1 2 13
16 7 6 12
16 26 6 26
16 17 25 22
3 22 27 23
7 15 13 4
20 19 15 17
4 8 8 26
16 20 8 27
24 11 26 12
20 24 13 15
23 10 10 9
6 24 17 18
22 17 26 6
19 15 23 10
13 12 8 12
25 27 26 6
9 20 9 26
6 18 18 2
9 6 12 25
5 13 14 21
8 7 12 10
15 3 3 24
21 17 20 2
18 23 17 23
23 4 2 25
10 11 10 13
8 13 3 16
9 15 5 7
10 13 23 23
2 26 25 10
14 2 24 9
7 20 2 5
16 22 13 15
11 11 14 16
10 22 2 15
12 11 24 17
15 7 10 15
25 5 9 14
21 12 10 4
4 18 7 12
24 12 19 18
27 1 14 10
1 27 8 14
24 16 16 11
5 1 6 22
17 8 12 22
9 3 4 17
9 17 21 14
19 16 14 24
18 2 7 20
20 5 27 2
20 7 3 5
26 12 20 15
8 23 13 5
3 18 6 23
14 14 18 12
20 17 21 22
17 27 10 4
5 8 26 3
23 11 23 17
2 14 14 18
2 5 15 16
24 27 25 5
24 10 7 10
19 2 20 15
21 6 23 8
18 12 26 27
2 23 26 18
15 27 13 22
2 22 7 7
8 21 3 5
18 15 25 25
27 18 16 9
14 21 13 2
15 25 12 8
7 25 5 13
23 14 16 6
16 14 21 23
21 4 19 27
5 19 2 7
20 1 14 18
14 20 27 6
1 21 12 14
4 12 14 8
16 2 2 5
25 11 21 22
2 10 3 20
15 18 21 13
2 11 19 15
11 2 14 14
5 7 3 10
4 19 18 10
16 18 25 22
25 12 16 26
15 23 9 15
12 10 23 3
6 4 25 16
6 13 25 23
9 12 25 8
26 17 3 2
3 9 21 20
24 14 24 14
5 20 22 26
5 18 12 11