27
2324
1619
1739
3196
894
1139
1770
2525
2240
2658
1868
1217
2776
552
2999
1226
2271
1252
3124
2339
794
3463
2074
592
2172
691
1484
352
4
17 20 15 1
7 2 1 21
13 13 7 14
7 26 1 14
25 4 25 12
3 1 20 2
13 10 8 25
19 5 25 16
4 13 11 25
11 9 8 10
4 21 24 11
7 19 11 15
15 15 5 27
22 6 13 5
13 17 2 4
16 17 6 14
18 27 25 11
15 18 15 1
22 27 25 19
5 7 7 7
1 27 4 16
24 27 14 6
1 19 14 10
1 7 22 19
2 11 14 23
13 8 9 5
5 23 26 16
8 2 6 26
2 18 19 7
18 17 16 14
23 24 10 24
23 17 27 15
23 2 7 12
16 19 6 18
8 25 20 15
5 8 7 15
14 3 23 6
23 2 24 12
5 26 2 15
6 17 5 26
17 16 18 21
2 24 23 11
12 10 26 11
26 6 8 21
3 4 6 8
4 5 17 2
26 14 25 9
9 9 18 18
19 14 15 12
2 22 4 11
22 8 22 4
14 26 15 4
20 4 19 26
24 10 14 26
5 14 3 10
16 24 12 2
13 26 25 18
17 22 23 22
23 2 17 21
12 11 25 7
10 16 9 17
19 5 17 2
20 1 1 20
2 17 19 3
11 7 21 19
19 23 17 1
23 3 16 15
3 8 13 14
11 18 21 25
27 9 7 25
12 1 23 5
20 1 11 24
8 24 9 25
5 7 23 27
7 4 18 3
14 16 16 15
10 14 20 25
23 13 3 20
13 3 11 11
7 23 11 6
26 17 11 23
16 12 6 25
20 22 10 6
18 21 17 16
19 3 12 22
4 17 5 6
24 25 27 25
7 15 19 1
11 7 10 18
20 8 10 6
2 18 7 22
13 6 17 22
12 9 21 8
13 22 4 21
18 18 6 2
17 23 27 7
18 14 6 18
12 24 22 27
23 20 11 3
17 9 25 18
8 3 9 6
20 25 9 1
10 10 2 27
3 13 2 3
17 27 19 9
16 19 6 15
18 8 17 16
2 8 8 10
22 19 4 24
8 12 9 25
11 14 22 18
14 9 18 6
4 16 1 9
22 18 6 25
22 11 20 13
19 18 1 25
6 4 27 26
6 16 24 21
21 20 7 17
22 4 10 24
4 18 27 11
20 6 19 22
7 14 14 21
21 8 5 27
8 21 11 3
21 17 20 8
24 12 2 24
8 22 2 26
12 6 11 9
17 14 13 1
8 19 24 5
10 20 10 16
17 22 21 5
15 8 26 27
18 26 9 27
9 2 16 3
14 20 16 18
3 7 15 21
3 11 26 26
18 13 27 5
4 6 8 25
20 17 1 4
16 23 6 5
2 21 26 25
7 18 26 12
9 6 5 25
13 24 4 22
7 19 12 18
24 12 4 5
2 15 5 5
22 19 19 11
22 20 2 15
24 19 11 8
3 11 18 7
15 19 1 15
11 17 19 13
15 24 25 21
5 26 16 4
20 8 16 12
13 19 17 18
14 4 14 2
8 7 22 9
12 7 23 16
12 10 2 16
24 10 6 6
11 23 7 13
27 15 20 18
11 17 1 9
25 9 26 27
7 10 27 21
17 14 15 5
13 10 27 25
15 3 17 9
10 25 13 11
7 18 8 13
20 18 13 27
10 17 26 3
19 26 20 17
1 22 13 13
20 3 21 17
19 27 15 17
11 1 9 24
7 7 10 25
2 14 13 25
5 13 27 21
3 4 8 13
7 21 15 20
8 21 6 7
13 15 5 24
11 13 8 5
14 12 3 4
9 21 5 24
5 9 15 11
1 3 3 4
8 8 3 12
12 23 24 9
2 23 3 5
15 2 12 9
5 19 4 11
9 4 27 24
2 7 22 17
25 20 16 8
27 18 26 5
14 19 11 24
2 22 2 19
8 6 24 17
22 8 3 24
18 26 14 16
25 27 7 23
5 23 10 25
2 19 13 22
24 23 23 25
26 15 3 3
25 25 2 11
16 7 6 21
5 12 14 14
4 25 13 19
12 4 1 22
14 4 12 3
4 13 8 16
2 15 20 19
21 13 13 11
9 14 21 15
4 15 11 23
2 11 27 15
20 12 5 16
24 22 11 2
18 27 18 6
4 11 20 21
3 18 23 4
9 1 25 18
19 7 3 1
26 4 8 25
19 25 27 20
4 11 10 1
12 24 12 23
15 4 11 21
4 6 1 15
25 23 17 4
10 2 2 1
11 12 3 27
22 12 15 7
5 15 12 24
6 21 22 3
25 22 23 21
2 14 22 20
15 21 22 3
23 9 5 6
9 1 13 13
27 17 3 6
12 12 3 4
23 11 15 9
16 8 3 10
16 9 15 8
23 5 18 9
26 16 6 25
9 20 20 16
2 26 3 10
25 22 25 18
21 8 16 7
17 17 12 17
27 24 17 18
1 26 3 10
9 4 11 19
5 9 1 2
2 14 6 14
15 4 10 4
13 1 12 20
8 22 8 22
14 19 21 6
11 1 12 23
13 17 14 6
26 15 6 1
6 5 7 14
12 17 11 10
1 4 22 15
20 2 16 26
10 27 17 20
6 16 7 13
8 6 1 18
27 26 16 24
9 2 24 3
14 9 25 12
4 10 27 20
2 16 4 11
8 26 15 22
3 6 24 26
23 17 21 13
15 17 13 9
9 22 12 24
14 1 3 12
4 26 3 12
12 3 14 3
4 26 20 27
21 9 23 21
26 20 18 1
27 13 5 19
20 4 15 16
10 19 21 20
20 27 4 26
6 14 19 1
14 27 24 17
17 1 26 13
13 25 10 12
6 21 1 20
17 2 5 27
21 2 12 9
1 24 15 26
27 3 27 16
20 3 15 4
12 4 10 13
23 16 25 18
25 21 24 20
1 1 18 19
10 17 21 1
8 4 21 15
22 7 18 22
16 2 4 18
1 19 25 3
19 19 27 11
23 12 26 24
8 7 24 16
25 1 8 25
24 23 15 7
9 10 6 10
19 24 6 9
6 12 20 22
25 27 25 25
14 14 23 3
2 8 14 4
8 23 14 12
21 2 1 19
23 23 15 11
22 24 3 21
21 23 2 21
8 9 16 27
25 12 11 17
15 8 24 16
24 17 2 10
7 19 4 14
7 10 14 27
18 16 20 14
15 26 4 19
24 20 7 13
19 6 1 9
4 18 12 1
17 10 18 18
25 9 13 24
21 3 24 27
23 13 23 8
4 10 14 27
15 12 25 15