27
2208
3489
1149
1211
1525
902
3333
1354
3064
919
2578
1306
2336
2723
1715
654
568
2003
483
1082
3537
893
2074
1814
2147
1672
1957
347
4
23 26 6 4
11 3 24 18
5 11 16 26
23 13 11 2
3 19 21 12
4 12 1 26
15 21 11 9
10 16 2 20
22 22 3 4
1 19 23 4
17 21 1 8
18 27 9 5
17 24 1 19
12 18 11 18
24 17 18 26
19 16 10 23
24 24 13 23
24 9 23 1
20 15 9 9
9 24 8 26
17 7 16 21
5 15 6 22
14 13 7 19
10 4 25 7
1 6 23 5
20 9 17 16
12 27 7 16
27 12 23 21
15 13 5 7
16 2 15 4
19 4 6 17
2 1 18 27
2 5 3 5
14 8 18 5
21 27 14 24
22 3 6 27
16 21 26 10
16 21 1 14
2 18 9 26
23 20 19 1
27 15 17 2
22 16 9 3
15 1 10 24
26 5 13 23
16 4 12 3
23 14 19 26
7 6 2 16
21 22 17 4
7 22 8 3
8 17 6 23
21 14 20 13
19 7 9 6
11 9 2 17
10 16 13 9
19 15 5 12
12 18 1 23
17 23 26 13
5 24 8 17
19 21 26 16
10 12 12 7
16 12 16 24
20 6 24 22
6 15 18 3
5 15 22 7
1 19 15 5
2 13 13 4
25 16 11 20
18 8 6 11
13 11 5 14
25 25 17 23
19 20 17 20
9 9 10 12
26 3 22 21
12 4 27 20
5 8 5 16
21 21 5 20
14 25 27 15
10 1 19 27
5 23 15 8
23 26 3 12
3 27 14 15
27 27 18 1
12 27 20 27
19 17 19 5
23 13 19 6
23 4 22 15
4 17 22 20
13 2 19 2
21 14 20 12
23 20 15 22
12 13 15 15
22 8 9 13
11 8 6 19
7 24 5 14
17 13 12 25
20 17 21 3
13 13 2 20
20 15 17 13
20 8 20 22
3 6 22 9
27 20 6 13
3 26 23 9
4 21 25 22
11 17 18 16
23 1 24 2
21 20 8 8
20 22 6 14
16 18 3 27
8 14 14 2
3 5 13 16
10 22 27 20
24 16 27 18
2 13 9 24
1 12 16 1
15 14 15 21
8 11 4 24
13 25 15 26
19 25 9 13
22 12 18 18
27 17 14 18
7 22 3 16
25 26 11 1
4 3 25 21
5 17 21 11
7 23 4 11
14 4 1 9
5 16 1 6
22 27 23 3
25 20 10 16
15 21 15 7
27 13 25 26
9 22 17 19
19 26 7 15
24 26 24 11
13 27 9 19
20 19 22 10
17 9 6 17
6 13 23 1
15 19 19 5
25 19 3 23
24 21 7 13
8 24 25 11
16 13 3 23
18 22 8 27
13 1 6 16
8 24 20 13
4 9 16 18
27 17 2 2
9 13 18 13
13 20 12 15
25 17 19 10
23 16 22 3
11 22 18 4
10 13 24 24
11 13 3 18
14 22 24 4
27 23 19 8
20 25 5 14
1 24 6 6
11 19 21 10
10 3 14 22
4 23 24 21
16 2 25 25
3 21 14 4
1 14 4 5
5 5 7 27
8 8 7 12
11 25 17 19
19 12 1 18
11 21 17 17
7 14 25 3
27 26 16 20
4 21 27 26
26 12 15 4
10 1 18 16
3 22 20 11
10 19 22 9
1 11 24 27
16 25 19 18
5 7 23 26
18 3 12 7
23 7 9 6
14 27 4 22
2 25 9 22
11 18 25 3
25 2 18 15
9 12 16 12
11 12 22 9
4 25 18 20
1 23 12 24
5 17 5 3
7 8 22 6
7 11 18 16
7 26 5 21
14 18 12 23
13 7 23 11
2 2 25 15
22 27 21 4
24 9 15 10
11 13 12 2
24 6 9 3
6 9 10 9
19 5 12 14
23 4 18 27
6 21 7 20
1 19 9 12
20 24 1 16
27 19 24 20
24 12 1 11
11 13 3 19
14 13 7 10
16 11 8 13
24 21 26 3
9 19 18 23
23 23 8 18
14 24 9 14
2 19 16 11
4 10 5 20
1 8 2 3
2 5 24 5
11 9 26 1
27 7 3 19
9 20 26 17
9 21 23 9
5 22 2 18
19 26 8 5
12 8 13 24
17 21 9 13
18 22 14 17
23 17 16 24
24 11 12 16
15 3 13 6
17 27 13 22
20 12 16 24
26 24 24 20
4 15 8 3
26 14 11 13
22 7 18 21
2 18 24 23
15 11 16 9
10 3 24 14
8 21 3 1
7 19 23 15
25 22 21 10
13 6 10 3
25 7 17 1
13 2 10 1
19 12 27 22
21 1 12 22
6 12 10 21
10 7 17 10
5 21 2 1
14 22 22 26
17 10 1 20
5 4 22 14
20 20 12 20
8 23 16 9
7 8 21 3
12 5 5 11
17 17 23 14
10 18 20 7
12 14 10 24
16 27 27 26
18 9 26 7
18 24 17 11
9 22 23 3
21 1 12 21
16 15 5 23
3 26 8 26
23 24 5 4
25 15 9 10
10 7 11 18
6 23 22 19
21 8 6 22
1 1 20 10
9 4 27 20
11 15 8 26
6 22 26 11
14 13 14 10
3 21 25 2
6 23 3 1
24 8 21 11
18 6 25 15
9 25 16 8
5 14 15 18
17 15 9 16
3 20 24 6
22 7 10 5
18 21 19 26
23 3 11 10
21 27 26 18
8 3 19 26
24 19 19 20
9 16 19 24
14 15 13 21
6 8 20 14
10 7 3 15
14 13 25 18
4 8 24 16
11 25 6 2
3 6 26 9
19 11 17 8
8 18 20 21
20 7 3 27
17 2 2 19
27 24 14 7
25 13 22 25
25 10 17 21
13 4 16 21
6 9 20 25
27 16 1 4
10 18 23 25
1 14 23 17
3 4 13 24
2 2 6 24
18 7 2 6
6 23 1 10
11 8 11 4
23 7 23 6
11 15 4 5
4 11 20 16
21 21 27 13
11 27 19 15
17 18 25 10
19 19 24 1
6 21 12 18
4 9 11 19
5 3 17 20
14 11 20 16
26 22 25 25
18 2 12 9
20 25 11 11
13 2 13 13
26 10 1 12
11 2 3 13
9 3 20 18
14 24 4 5
14 7 7 4
14 15 16 26
3 12 13 2
17 6 20 18
11 8 22 20
21 8 16 9
27 2 5 9
11 1 1 13
8 14 14 16
26 22 15 3