27
3367
3536
2014
411
2748
3049
559
3032
662
1954
2798
2652
446
3434
3308
1476
1227
2490
2061
2292
941
3178
1539
914
1952
425
1012
313
4
5 26 15 19
20 9 22 26
13 6 11 21
12 26 2 23
5 6 7 24
21 10 9 4
12 23 9 16
22 9 3 11
11 23 19 19
27 10 8 4
1 21 24 22
24 10 3 14
1 22 19 12
11 27 9 15
13 15 6 26
10 25 4 5
5 16 8 19
9 8 8 17
19 23 9 13
9 15 19 25
13 7 9 18
3 25 6 10
6 24 7 7
13 8 4 17
2 22 25 17
6 21 3 15
15 11 16 16
13 11 26 25
7 14 25 21
9 11 18 5
13 18 23 6
24 16 20 17
9 10 13 10
14 20 9 10
26 5 2 1
12 2 3 1
3 25 22 27
20 17 11 27
21 27 11 7
18 11 13 3
1 8 14 10
22 15 5 17
9 27 18 8
24 5 22 12
20 9 27 7
26 2 19 4
15 8 25 20
19 17 25 21
13 7 23 10
8 21 4 19
17 6 2 7
9 6 16 24
18 14 14 21
23 16 15 17
24 17 10 17
12 5 18 22
8 5 2 15
9 6 19 15
4 21 14 9
8 23 10 27
5 5 20 6
21 7 13 22
6 10 11 6
12 3 10 3
17 12 12 27
13 27 5 9
3 13 20 21
18 27 2 15
21 8 13 8
1 23 24 14
7 19 12 14
13 11 2 20
19 16 15 11
14 17 5 26
16 27 21 15
15 13 21 13
1 24 10 4
17 16 1 17
7 25 19 17
24 16 10 16
15 26 7 6
11 2 4 15
23 18 10 26
11 8 25 22
9 5 12 7
10 10 18 1
1 24 26 4
3 21 17 7
1 5 26 8
5 15 4 13
20 5 23 22
25 14 16 10
10 4 7 10
18 19 9 16
8 21 7 19
7 5 4 21
14 1 26 19
22 18 15 5
3 16 27 4
14 10 3 7
18 12 19 22
21 7 3 27
16 20 10 3
25 6 14 4
6 4 14 7
13 19 8 11
3 5 21 1
4 8 27 17
3 26 8 12
7 2 7 16
18 1 8 13
9 18 22 21
9 11 13 19
26 17 22 21
15 9 25 23
16 24 5 25
17 22 23 7
3 8 26 2
5 26 4 11
7 9 6 25
26 7 26 9
4 24 15 3
5 24 7 8
25 27 11 24
8 15 6 14
10 4 12 4
10 22 2 16
27 6 20 11
26 6 3 16
14 23 1 19
17 22 18 2
18 2 12 23
7 5 17 16
11 25 14 13
23 19 16 5
16 11 2 24
7 2 12 8
27 8 9 8
20 17 23 10
5 15 22 18
6 14 11 24
20 24 16 7
16 3 8 13
17 25 7 11
16 25 4 3
1 20 13 11
1 8 3 24
20 23 21 16
15 25 3 6
25 3 5 10
23 2 25 5
14 4 12 1
22 19 18 26
24 16 25 14
7 13 7 11
24 23 21 21
1 27 19 23
20 6 20 24
1 26 11 19
16 12 16 2
1 3 17 3
4 1 12 8
22 26 15 21
2 10 2 3
8 18 24 17
3 16 26 5
13 26 25 16
23 4 19 7
14 19 25 22
11 2 27 17
18 4 16 18
7 27 24 19
14 5 15 20
15 6 19 5
23 6 23 14
27 25 21 4
5 16 19 19
16 6 22 16
13 1 22 23
1 15 5 22
22 20 20 16
27 1 13 12
7 8 21 11
24 7 13 22
7 27 13 14
14 1 1 17
9 26 3 27
1 6 8 19
6 4 6 7
10 4 15 9
13 12 23 8
20 4 25 14
14 1 13 15
24 17 18 19
18 2 11 13
21 21 13 16
25 18 6 27
9 13 11 13
18 16 27 21
15 16 12 18
4 19 8 1
6 7 22 3
19 25 7 13
2 26 14 17
13 10 19 5
7 27 10 13
16 27 16 10
23 3 23 23
16 19 3 10
10 9 23 3
5 4 25 1
25 23 27 7
19 4 26 24
21 24 2 27
6 5 5 13
10 24 2 5
22 17 5 2
11 26 5 23
24 15 17 16
12 4 14 25
18 25 11 25
1 9 26 24
12 15 3 3
12 4 24 21
15 3 26 8
10 22 14 21
21 11 18 26
19 23 6 12
22 10 24 7
3 7 4 12
15 3 10 14
5 19 8 18
6 19 27 24
1 14 16 23
10 11 5 26
12 24 26 10
22 13 6 24
24 7 26 16
18 8 5 27
9 2 20 10
22 4 15 17
1 3 15 16
13 19 18 16
16 22 18 21
1 13 24 2
4 22 25 7
16 3 20 5
1 14 25 20
25 4 19 17
2 10 10 15
15 8 27 26
19 9 4 27
9 8 4 7
23 7 17 17
11 24 23 9
24 16 25 15
7 4 12 18
2 9 25 23
26 6 19 27
8 4 12 15
17 5 25 21
25 26 20 4
11 9 18 15
14 11 21 22
24 18 15 8
20 2 22 23
9 10 27 17
26 5 11 6
8 24 6 1
16 5 20 24
18 1 8 21
4 3 9 14
21 16 9 15
19 15 20 3
17 4 21 25
9 3 22 16
21 16 22 10
21 9 16 17
4 22 13 13
8 14 5 2
19 24 22 9
11 3 25 14
3 3 6 21
18 12 10 12
19 14 10 1
16 27 12 20
14 23 21 24
22 21 22 18
22 22 18 7
23 20 4 20
23 7 20 12
14 2 16 14
8 2 14 18
20 3 6 8
4 1 1 1
2 12 18 19
16 18 22 15
11 5 16 11
20 10 18 1
24 21 12 6
23 5 1 1
12 23 3 1
6 11 3 25
17 10 25 14
16 11 5 15
1 6 22 12
22 22 19 1
12 23 1 18
12 7 15 27
8 26 17 9
21 12 20 8
23 4 4 15
8 6 11 27