27
1614
1630
1685
3498
3256
2401
2759
1194
2480
500
3312
1080
1693
2960
2041
2384
1205
513
2614
407
1580
2872
504
1596
2467
2757
1984
311
4
16 3 7 20
5 25 6 16
23 4 12 2
17 11 5 24
10 17 16 27
21 22 10 18
21 25 16 16
19 20 1 13
18 24 4 8
11 24 12 16
12 6 25 18
11 14 8 5
27 26 27 14
19 1 24 20
18 5 11 16
12 23 23 14
27 7 14 25
26 1 21 9
15 15 11 23
13 6 19 1
10 25 11 21
23 12 26 27
9 19 10 8
3 7 27 9
4 12 22 14
22 12 2 14
11 24 23 13
16 16 27 9
26 15 21 15
27 27 14 5
17 9 20 10
6 9 3 3
22 26 22 11
11 4 4 2
7 13 25 16
16 1 4 7
3 19 6 9
12 4 19 26
14 1 18 5
7 3 12 13
26 1 24 3
14 14 21 12
15 4 6 9
3 4 16 25
9 18 4 12
5 26 22 15
3 20 27 11
11 27 3 18
9 18 3 1
6 1 27 17
24 12 3 2
15 1 7 25
5 9 10 3
6 10 22 23
20 22 2 22
22 6 9 26
15 24 3 6
10 5 22 23
1 26 11 16
3 13 13 3
12 14 25 25
12 25 26 20
23 19 14 8
12 10 15 14
8 1 14 26
10 18 22 12
21 27 24 8
18 21 14 23
16 17 3 20
1 9 5 14
24 10 26 5
18 5 14 15
10 19 4 13
12 10 1 17
19 18 20 18
27 2 6 21
26 9 2 4
11 20 8 23
20 6 3 25
27 9 13 27
18 4 9 3
23 8 26 26
18 12 21 1
4 1 27 14
25 22 14 4
3 13 10 26
19 16 10 10
25 25 9 1
1 18 5 12
1 19 4 26
23 4 19 18
4 22 18 8
10 13 5 26
23 13 8 25
14 27 16 10
10 2 27 24
10 19 11 3
4 24 16 16
2 12 6 16
10 25 22 13
10 22 10 3
9 27 2 6
27 1 7 16
23 1 2 5
11 24 9 9
14 4 14 8
21 14 23 25
19 2 16 27
25 16 2 19
1 16 3 18
3 18 25 7
25 11 5 13
8 16 10 14
25 6 25 21
14 12 8 13
21 23 20 23
5 25 27 25
3 26 4 10
6 26 7 18
27 14 1 11
27 5 7 27
12 6 20 4
22 11 18 25
7 2 6 16
25 19 9 22
8 22 2 2
10 24 4 17
19 16 3 11
26 8 7 3
6 17 5 24
10 14 2 24
8 6 2 11
13 6 6 20
27 24 27 12
13 5 17 13
5 27 18 11
20 27 22 7
23 27 8 2
2 17 8 17
6 18 27 6
24 26 21 17
6 23 16 22
7 15 17 16
25 19 20 12
3 21 13 18
21 16 1 2
3 5 21 12
12 10 5 3
26 19 14 16
1 5 15 7
19 10 9 22
3 12 14 6
16 20 7 4
6 3 11 6
14 22 14 25
14 15 27 27
14 19 4 25
20 10 13 15
4 13 18 22
18 25 7 26
5 5 7 1
15 17 23 9
18 9 20 9
20 24 13 22
11 23 20 12
12 15 4 21
11 25 26 3
3 26 13 15
6 12 26 13
4 19 2 1
18 13 26 27
22 19 26 17
27 26 18 22
5 15 16 18
14 2 17 2
17 22 6 25
24 10 5 8
3 11 13 12
18 3 17 24
5 27 14 14
21 18 23 2
17 23 13 9
21 15 20 23
20 12 13 21
4 15 20 6
6 27 12 11
27 21 11 7
13 23 15 26
27 9 22 17
5 20 10 9
22 11 9 25
14 9 11 21
24 8 10 18
6 10 25 15
4 2 15 8
4 2 16 16
16 12 25 10
22 6 24 21
13 5 26 2
27 11 11 23
14 27 8 9
16 6 8 10
18 24 7 19
26 21 18 6
2 16 5 9
14 9 3 10
15 22 9 9
22 11 11 8
20 1 12 25
5 10 8 10
4 15 3 1
22 17 10 19
24 7 2 1
17 14 3 2
18 10 27 9
16 10 4 14
27 4 27 1
9 2 6 24
22 27 18 6
9 10 9 22
11 23 14 26
15 8 18 3
15 13 6 19
26 6 19 21
12 10 1 7
16 23 3 26
14 2 26 25
21 9 27 18
10 22 22 16
19 14 2 8
20 2 19 19
22 7 12 24
16 20 14 13
5 8 2 23
17 9 15 2
26 3 16 3
2 7 5 19
23 6 11 26
17 27 6 22
11 10 3 13
16 1 27 2
16 16 12 23
20 12 14 5
27 12 8 15
16 13 27 8
7 12 12 1
26 2 3 6
14 16 12 18
7 6 1 10
2 4 19 5
20 27 1 15
23 27 10 19
25 18 18 10
4 21 5 6
1 9 20 5
26 14 8 17
5 19 3 10
16 27 4 7
16 10 24 7
22 21 6 15
17 27 6 3
3 8 2 22
18 20 16 15
20 7 21 2
8 8 1 8
11 11 12 19
3 20 24 13
26 5 12 5
12 7 4 14
6 25 10 14
7 22 1 4
20 13 8 24
26 25 18 17
8 1 2 9
7 19 4 4
18 4 8 11
11 22 16 21
22 24 21 20
24 8 16 1
24 15 22 14
19 1 20 15
27 25 27 26
19 17 25 6
20 20 8 5
9 4 12 2
6 16 11 11
4 8 3 16
26 24 3 9
3 22 15 17
21 27 20 13
18 6 1 22
15 8 6 24
13 19 9 18
2 15 22 27
3 27 8 11
9 5 26 23
25 13 27 27
4 14 5 19
2 4 24 10
14 26 21 5
5 13 24 2
24 5 21 14
3 13 13 10
3 15 14 7
24 26 21 24
15 16 24 21
23 8 7 3
3 11 19 14
25 4 25 3
3 8 4 7
22 24 10 5