27
1586
1751
1765
1368
2019
3132
2228
896
2003
2643
1507
3045
3384
1350
578
957
2408
2967
2832
3046
2115
1916
1065
783
2419
2266
940
343
4
24 26 15 13
19 2 26 8
17 21 2 5
13 16 9 23
10 19 8 9
26 17 2 13
19 7 16 7
15 10 23 12
18 19 17 27
10 22 25 21
6 7 4 25
5 17 5 1
4 19 7 14
8 13 27 3
14 13 5 17
21 19 8 11
15 16 18 18
15 16 12 21
13 9 8 12
2 2 24 13
15 19 14 25
11 25 9 19
10 11 14 10
8 27 21 20
18 18 1 5
15 22 19 27
19 10 15 8
26 17 1 27
13 12 14 12
17 2 4 25
11 25 10 7
13 12 3 17
13 7 6 27
6 6 1 14
1 13 1 7
25 15 15 22
16 5 22 26
10 10 27 20
4 11 24 6
13 18 18 16
17 15 27 8
2 25 18 23
3 14 3 9
5 8 3 9
3 13 7 26
2 7 9 8
22 20 1 23
17 3 11 7
4 17 6 26
27 14 21 26
26 24 25 14
8 12 4 11
24 7 7 11
17 2 15 6
15 26 10 21
1 26 9 18
7 2 11 24
27 21 16 5
16 1 7 8
4 23 20 14
20 6 13 26
3 7 24 27
7 11 20 19
1 14 17 16
23 8 20 14
20 10 23 14
3 27 14 19
12 3 21 24
22 16 22 16
4 12 18 21
22 3 6 5
1 12 26 26
3 14 16 7
20 14 25 12
5 18 3 25
13 8 6 6
21 16 2 7
4 21 10 26
9 17 21 23
25 6 27 5
26 13 4 23
23 10 3 12
25 15 9 19
1 4 7 16
6 14 2 18
3 24 20 15
14 8 6 14
17 11 19 3
15 18 6 14
8 22 26 19
16 5 27 22
9 23 2 5
11 6 25 1
8 1 14 6
18 7 23 3
12 21 25 24
6 8 24 8
23 8 20 12
24 21 14 12
25 12 4 27
11 27 23 19
22 9 8 10
6 14 21 23
9 3 5 15
5 18 5 11
22 19 8 7
23 4 16 20
2 25 6 9
19 18 24 19
27 9 20 23
11 22 1 25
10 10 25 22
11 27 3 2
14 24 7 6
12 14 2 4
6 16 3 4
6 4 7 24
26 25 6 23
24 15 21 5
27 6 10 17
3 16 23 24
15 23 13 27
22 6 15 2
11 24 20 3
21 5 16 6
1 17 24 16
16 7 3 26
17 25 17 6
14 11 17 17
19 23 5 14
22 25 15 13
7 27 2 7
23 16 11 9
6 18 23 24
17 6 12 16
24 2 15 19
3 17 2 22
4 9 17 25
17 22 12 8
19 14 23 9
16 12 16 13
9 2 24 20
10 7 2 15
22 3 24 5
6 4 18 24
17 1 1 5
22 7 24 13
25 22 18 14
11 27 12 25
15 1 27 4
8 4 9 10
24 12 10 4
24 6 5 9
26 10 7 9
20 17 19 17
8 5 27 21
4 4 27 7
19 9 11 9
9 22 19 6
5 6 4 19
17 17 18 14
20 8 21 2
4 5 25 7
13 14 17 7
12 3 26 22
8 2 13 21
17 21 15 7
14 16 6 25
9 19 5 9
3 23 22 15
24 2 8 23
11 21 24 13
9 15 9 19
9 4 20 9
7 18 16 17
14 8 5 11
7 14 3 14
22 9 10 20
5 9 15 4
26 12 5 17
16 18 26 20
5 4 19 26
12 6 6 7
7 9 6 8
27 13 12 20
13 2 12 8
18 13 5 26
1 22 10 7
27 19 5 2
6 13 9 20
15 12 7 11
21 8 13 9
18 12 10 15
18 17 16 25
20 10 14 21
25 26 3 21
23 21 15 4
9 2 27 11
5 6 22 25
10 4 13 7
1 27 8 9
5 5 5 27
14 9 1 14
6 20 21 6
18 10 7 13
3 7 11 26
6 22 14 19
3 14 22 14
26 10 10 3
10 23 14 15
24 17 23 24
13 24 1 15
16 2 24 25
2 13 17 16
26 4 21 7
13 17 2 15
11 10 7 5
7 27 16 25
20 23 14 3
17 11 27 24
11 17 9 17
20 22 15 7
14 7 24 27
4 8 18 9
9 3 11 17
27 23 20 22
6 24 4 22
21 3 5 6
18 11 10 13
25 9 8 2
19 21 6 6
15 12 18 3
14 19 17 6
16 13 19 16
18 17 12 18
11 3 7 13
24 14 8 17
7 13 7 1
8 4 23 25
25 25 17 6
23 27 1 5
8 6 7 7
24 20 5 27
23 14 11 10
15 26 21 17
4 22 6 4
13 21 27 20
25 6 6 2
12 5 2 15
4 9 21 17
11 2 20 20
12 2 21 23
8 25 2 25
15 26 12 2
8 4 25 27
21 24 10 24
27 19 16 3
11 13 15 22
22 22 4 15
3 12 9 20
18 22 11 4
14 9 27 5
21 14 21 1
21 19 7 18
7 25 3 3
25 15 15 25
26 7 20 3
11 17 9 24
4 18 7 7
19 26 18 1
11 18 7 20
19 19 15 13
19 4 12 9
20 18 15 3
4 20 27 10
7 13 12 2
5 26 22 4
21 22 16 23
15 15 16 18
22 4 15 8
10 13 14 21
13 24 1 6
3 15 26 7
23 26 22 2
24 21 16 7
13 4 20 19
2 8 9 20
23 8 5 9
12 6 19 22
26 6 27 14
23 18 9 5
21 16 20 5
8 9 24 24
25 2 7 26
10 13 6 14
19 6 21 7
1 23 11 8
11 20 1 13
10 5 16 7
25 23 10 6
8 3 8 19
21 22 25 2
24 20 24 22
10 26 13 5
7 12 5 21
6 17 26 13
22 10 27 20
1 11 19 22
18 5 11 15
22 8 22 21
11 24 16 8
11 5 4 14
10 8 8 21
23 8 25 11
23 12 25 21
25 13 25 2
4 23 8 21
21 17 25 25
9 8 19 25
6 14 1 15
18 15 24 22
15 22 14 23
20 20 13 11
3 25 20 8
5 23 15 8
8 27 11 25
9 23 27 14
11 9 12 19
21 15 13 6
24 27 23 4
24 12 12 19
5 1 20 5
8 1 2 12
27 10 27 12
23 27 1 8
19 5 23 4
22 26 24 2
22 15 8 4
6 21 2 1
3 27 4 1
27 11 2 22
20 27 18 13
17 1 22 23