27
3187
2230
1671
1585
634
1949
2702
1992
1655
563
2524
1823
1755
2672
1017
803
2249
817
2554
1611
3467
589
2175
1928
1978
2971
2399
348
4
23 27 1 3
11 21 1 1
26 13 1 22
8 22 14 23
10 20 22 24
25 19 15 10
24 4 5 26
4 20 23 1
12 2 2 17
1 2 8 10
24 19 15 26
20 26 5 7
4 19 14 17
19 23 25 27
3 3 25 3
22 7 10 26
7 18 22 10
21 20 22 22
14 2 9 2
5 15 25 5
12 8 2 3
16 13 8 27
19 3 22 10
19 21 3 19
22 12 5 13
20 2 6 3
11 7 16 11
13 7 2 11
26 2 20 15
7 12 16 1
23 21 2 20
19 12 4 17
1 21 3 26
11 7 25 3
21 3 5 17
12 24 18 8
6 10 11 5
8 3 13 2
20 6 7 20
14 18 27 6
24 15 26 2
1 11 1 5
15 13 20 23
12 19 18 26
26 17 1 5
10 2 5 4
10 15 4 4
3 6 18 12
1 14 17 4
8 21 2 16
12 1 2 20
6 23 3 17
11 21 10 20
18 20 6 17
14 21 11 11
12 25 2 20
18 2 4 18
19 1 11 26
9 20 16 12
23 19 25 9
8 6 11 20
4 3 5 17
17 17 22 18
11 8 7 23
26 23 25 12
14 12 13 2
20 16 3 26
20 13 15 1
16 17 21 3
25 1 25 3
19 17 17 7
2 27 23 11
6 4 7 24
10 4 7 22
17 15 9 7
12 6 11 7
18 18 14 10
6 2 24 1
20 3 14 24
19 3 18 1
4 19 24 2
25 5 7 2
18 4 11 14
15 10 23 4
1 16 24 14
25 8 6 15
27 27 11 10
8 16 12 24
2 21 17 11
9 13 6 17
12 26 5 17
7 10 8 18
15 9 22 17
16 7 1 22
1 16 5 14
15 24 2 3
4 21 8 16
4 5 11 24
13 4 14 14
21 25 15 12
19 19 3 1
3 20 20 20
17 6 21 4
3 5 2 27
11 16 19 19
18 15 7 14
7 24 12 1
7 2 9 4
2 22 23 1
17 25 20 1
16 18 7 27
10 18 13 19
7 27 4 19
12 24 4 16
18 13 15 24
17 27 14 17
15 18 6 4
10 14 19 27
14 10 22 18
6 12 27 9
15 15 12 26
18 23 4 14
1 25 3 23
17 22 5 15
15 10 25 27
18 1 7 20
26 5 9 10
16 16 15 25
27 3 20 10
25 27 17 6
21 15 9 24
12 13 24 25
16 11 23 5
17 26 5 19
4 15 21 22
20 15 5 7
14 17 16 13
13 27 15 20
26 1 15 26
12 16 21 19
2 27 19 2
4 19 9 15
21 11 13 23
2 26 3 5
2 11 20 9
18 3 5 24
11 10 17 26
20 16 14 17
15 12 18 12
3 17 7 24
18 2 23 19
24 12 18 8
15 7 14 5
21 17 17 24
9 22 19 6
8 5 25 11
13 1 17 22
14 4 18 23
24 8 26 2
2 22 13 10
8 7 20 24
6 20 17 11
10 5 8 20
14 7 21 7
12 12 26 26
7 23 11 9
19 18 26 12
4 13 12 23
14 5 25 7
9 14 26 7
23 5 15 22
18 17 10 26
10 3 23 26
22 5 25 6
19 15 23 7
17 24 2 2
2 4 15 17
22 8 27 21
1 26 22 2
7 16 1 25
11 24 11 18
12 21 22 16
13 13 26 26
5 4 22 23
4 22 3 25
4 8 7 12
8 22 12 21
23 14 1 18
19 10 15 9
6 4 26 10
20 5 24 6
2 6 14 25
12 2 24 22
23 22 18 9
20 15 8 17
25 18 21 15
24 4 6 8
8 19 5 2
14 24 13 20
17 27 9 11
8 9 4 22
6 27 2 4
25 7 23 9
5 10 24 22
2 14 19 24
15 13 26 16
13 14 6 22
24 6 27 11
12 18 5 10
23 25 18 7
26 26 8 2
11 4 17 21
25 9 11 9
19 23 8 19
10 15 8 20
23 26 20 20
19 27 17 5
9 9 17 7
5 18 18 27
22 24 1 6
14 19 18 20
1 14 18 11
18 10 17 3
26 4 16 3
25 11 18 10
22 21 6 6
12 9 14 22
20 4 16 5
24 9 15 14
12 23 16 2
9 25 3 11
19 17 17 23
26 10 18 11
3 7 27 2
26 27 26 12
9 8 9 6
7 25 10 1
11 3 20 21
18 20 15 25
22 26 22 16
20 17 18 13
1 19 9 9
6 10 24 18
9 25 21 17
25 17 3 27
18 23 27 19
24 25 5 21
5 9 14 23
20 26 27 26
26 18 19 3
5 24 19 11
26 25 17 4
15 5 9 2
23 22 6 9
13 12 23 6
5 1 13 12
15 21 22 20
17 15 10 5
14 16 17 4
17 5 16 6
26 5 13 10
8 8 7 18
13 24 1 22
8 26 8 24
18 26 22 26
1 14 6 10
3 19 11 15
3 18 1 11
9 20 6 16
4 18 16 10
4 3 12 6
16 24 9 11
7 16 23 2
26 4 12 25
4 19 4 20
25 2 14 6
23 17 11 7
6 25 5 17
21 7 23 12
19 19 4 12
14 9 18 16
17 15 26 7
17 1 13 17
16 8 27 26
21 26 20 16
22 13 1 5
4 14 21 23
9 23 2 16
11 18 7 3
3 7 18 22
17 27 26 11
19 15 12 15
18 16 14 22
23 11 23 12
2 10 25 20
24 23 24 26
12 3 7 17
16 14 25 18
5 26 8 9
14 17 11 8
4 11 14 7
23 15 2 5
18 5 27 27
7 11 2 15
22 27 7 6
1 10 13 21
27 20 17 2
23 10 13 21
10 3 16 2
24 2 10 18
21 9 6 13
27 27 7 4
8 16 27 5
11 15 15 7
5 21 13 23
11 25 21 4
13 26 23 24
5 10 2 17
3 25 24 17
24 1 10 20
25 25 14 18
20 8 19 19
14 11 13 8
7 6 3 26
23 22 19 27
13 1 15 19
15 26 10 6
11 9 21 16
21 8 21 1
1 16 12 4
8 20 2 1
12 15 25 11
12 14 25 14
14 23 7 16
9 3 14 27
21 14 26 18
23 16 11 8
22 14 9 25
3 26 20 25
13 8 24 27
5 10 9 10
12 24 17 6
2 22 22 20
8 17 1 27
5 7 8 23
20 16 18 19
22 16 7 21
27 6 11 12