27
1400
1168
1180
567
2208
3231
454
2459
1164
1295
3455
864
2304
2661
1479
802
2678
1636
1332
3022
1281
1950
746
3109
2650
2708
2568
367
4
7 26 13 15
1 20 1 21
13 9 3 19
15 1 24 22
4 21 14 15
9 17 5 19
16 1 21 1
15 23 8 5
20 21 13 27
13 18 15 27
13 14 12 2
21 1 25 12
22 18 15 16
23 13 1 19
18 14 17 13
6 22 19 13
5 7 14 14
21 20 25 24
21 13 8 10
23 6 21 21
16 14 23 1
15 16 21 10
4 19 11 24
21 1 6 14
1 17 7 25
15 25 9 15
7 7 12 7
15 18 23 8
2 6 19 21
2 20 7 8
17 12 18 27
19 20 13 10
17 2 27 22
8 14 21 24
11 7 19 10
16 25 6 10
13 7 15 13
23 22 10 16
10 13 4 24
2 18 1 12
15 12 10 8
4 16 10 27
23 25 10 23
10 14 5 10
16 8 22 5
23 17 20 3
20 23 11 20
15 20 22 26
23 25 24 10
3 15 23 8
12 22 20 9
11 13 14 1
23 17 22 16
25 5 9 12
4 6 2 16
22 21 2 6
18 15 18 8
20 26 17 8
4 13 21 11
13 18 14 1
26 7 14 15
20 20 14 14
3 13 18 17
20 13 6 19
2 18 25 27
14 27 20 20
8 26 7 9
24 19 22 16
25 17 8 26
8 13 15 5
9 2 23 19
20 18 11 21
18 5 17 20
16 7 25 4
7 8 9 20
5 12 27 24
8 24 17 22
12 13 10 4
27 15 17 17
27 22 26 5
25 21 7 6
18 16 5 19
22 25 10 17
6 12 22 27
19 2 21 20
25 18 2 6
25 14 7 2
19 11 3 27
24 15 9 17
1 13 17 1
19 12 10 1
27 16 13 20
6 14 10 12
14 1 16 8
5 15 2 16
26 23 14 10
8 8 23 17
21 20 5 3
22 24 3 2
25 27 24 1
13 11 5 27
15 1 17 16
24 24 4 10
17 5 10 11
22 1 23 20
10 20 1 23
22 22 19 17
9 10 7 3
27 20 19 14
19 23 20 4
6 1 14 17
12 7 13 22
5 19 23 22
8 9 2 10
14 14 14 16
16 4 10 14
16 27 22 22
17 24 10 13
16 9 2 13
9 20 7 7
8 24 16 22
12 12 23 12
11 8 27 5
2 15 9 23
19 25 17 13
19 19 10 18
2 3 26 9
1 26 3 19
20 23 17 23
15 4 5 11
11 16 21 6
20 7 5 18
23 19 27 17
15 18 10 23
8 5 16 27
20 27 27 19
11 23 7 9
21 14 8 1
16 18 9 8
14 10 9 3
23 20 17 5
20 6 11 22
14 22 14 7
22 18 12 25
8 13 7 15
10 19 12 16
9 16 12 3
4 16 15 11
18 11 27 2
6 16 8 13
11 18 26 8
9 5 5 17
10 24 15 27
10 17 1 15
27 3 21 2
4 26 23 4
7 21 19 26
24 18 6 12
1 5 18 12
25 5 7 4
27 27 15 11
27 27 22 10
7 11 19 12
27 9 7 6
11 22 18 6
11 15 23 2
7 9 9 20
18 8 25 11
19 22 17 2
21 6 16 19
4 11 15 15
5 10 7 8
26 14 10 20
20 19 13 18
25 21 18 27
23 14 6 16
14 9 25 1
13 26 16 25
1 3 16 26
1 18 14 15
22 23 25 24
17 19 25 13
18 7 21 20
11 7 22 17
27 22 9 19
6 13 19 6
9 5 7 11
25 24 27 13
11 16 12 13
23 9 7 2
26 26 4 9
22 6 6 20
27 17 13 23
8 27 5 5
11 9 26 7
23 23 9 10
7 21 6 24
20 23 2 21
10 4 14 18
20 23 6 18
8 27 9 16
3 19 22 5
1 14 16 5
2 6 20 14
4 13 1 6
13 14 23 5
26 12 23 10
15 8 27 16
24 5 8 22
18 27 23 9
12 19 15 16
6 19 23 16
23 22 6 23
13 8 15 9
13 6 1 11
18 13 18 16
4 17 8 6
25 18 22 24
14 7 6 12
15 1 7 7
24 18 1 16
20 18 3 27
10 1 20 7
27 4 12 21
7 27 23 9
27 13 3 18
9 15 25 10
23 5 8 23
26 2 25 24
23 20 17 11
14 13 19 26
13 26 6 3
10 25 20 23
15 19 18 2
22 25 21 19
25 17 20 23
17 1 13 16
2 6 17 16
12 13 12 3
25 4 8 11
1 12 26 10
15 18 10 15
7 14 6 8
16 18 4 4
27 12 12 21
25 12 6 8
8 1 12 9
9 2 8 15
25 20 26 18
9 15 2 19
20 7 24 16
21 24 2 13
3 8 26 7
11 24 23 22
14 1 2 6
13 10 26 20
18 3 17 22
5 23 1 27
14 26 14 11
22 2 27 11
4 26 18 5
7 13 1 24
5 22 23 24
18 16 22 19
3 1 7 7
14 26 13 24
17 17 16 10
8 21 6 21
5 24 5 12
14 8 9 6
19 25 15 12
3 12 26 19
18 13 3 24
18 20 1 16
22 13 11 8
11 24 3 2
20 9 20 2
13 18 18 24
27 12 11 22
2 16 14 10
13 4 1 24
27 20 21 1
26 20 13 26
14 5 19 20
15 6 27 12
26 21 17 9
15 8 16 15
12 19 23 17
8 17 5 16
18 4 19 9
27 2 25 26
7 4 18 9
9 1 12 14
5 5 22 8
10 1 19 22
2 22 13 15
4 12 18 14
13 27 11 26
15 25 5 13
25 24 15 11
14 3 19 4
1 5 4 6
5 6 26 8
9 8 22 27
2 18 8 1
23 7 22 7
8 6 16 8
15 3 13 5
19 15 27 24
13 22 7 17
17 17 13 19
2 10 10 8
26 19 5 2
27 6 12 21
12 24 4 5
7 17 3 4
5 24 4 21
13 10 11 9
16 1 3 13
20 27 24 26
1 6 1 25
1 11 13 8
16 16 22 21
26 22 20 5
16 26 26 6
11 14 14 8
5 5 13 1
3 4 10 9
16 18 12 20
1 22 15 9
5 11 20 12
13 26 10 24
22 6 4 27
1 11 24 25
12 9 17 23
17 20 13 4
27 23 5 5
27 3 2 27
5 19 19 11
4 21 22 3
13 2 23 17
27 18 2 23
7 23 24 10
18 10 20 13
17 24 8 18
7 23 3 1
21 16 18 1
3 3 19 15
14 1 26 9
2 18 10 24
7 10 12 23
17 7 25 19
2 5 24 18
9 2 16 3
17 5 10 9
4 24 1 1
7 6 24 9
17 16 24 14
18 2 18 23
25 6 14 6
14 19 20 16
26 7 19 21
17 7 24 4
8 15 16 1
4 14 5 6
24 26 19 17
1 8 16 21