27
2912
2329
3291
830
3201
1848
3480
1318
3194
790
679
2673
1291
3362
3032
2675
3496
2430
2084
2020
957
1422
2419
2298
3508
1423
3224
340
4
15 9 14 5
9 10 25 20
24 5 26 20
1 1 8 6
13 16 2 8
25 14 1 8
9 15 6 15
8 9 7 10
19 13 15 7
1 21 26 7
21 18 11 9
10 13 3 11
27 13 11 3
11 11 19 1
10 26 27 10
24 8 13 21
22 19 10 22
4 15 25 4
23 24 20 4
26 14 2 19
11 6 26 23
11 27 10 18
7 1 6 27
7 27 15 2
24 15 19 16
7 26 1 21
13 24 6 5
17 3 13 25
20 17 12 7
6 16 22 11
1 18 10 5
7 3 21 22
11 10 20 10
10 21 14 1
24 15 13 14
14 10 6 13
9 11 16 14
7 13 9 14
11 20 21 24
8 18 17 5
14 20 19 22
8 2 25 15
27 6 12 27
19 23 4 19
22 9 1 23
13 17 6 1
17 13 6 18
23 6 11 2
5 23 17 11
10 11 9 8
8 4 15 26
17 22 25 4
13 8 2 23
7 4 17 26
23 21 2 3
9 22 10 5
9 18 2 14
4 27 22 18
20 6 14 3
25 16 1 21
6 12 17 8
21 15 18 19
16 22 1 13
25 22 21 3
9 1 11 1
11 17 3 9
18 7 5 24
3 25 11 23
7 24 27 13
18 12 25 15
20 27 14 7
10 19 5 22
26 19 27 7
1 16 9 10
4 9 23 11
3 7 21 18
4 11 9 20
2 18 8 6
23 5 27 1
21 25 11 10
11 23 9 27
23 19 15 23
1 1 9 20
1 5 6 8
7 26 7 18
25 6 12 13
1 26 21 10
13 6 4 19
18 2 26 14
10 3 8 24
9 14 7 10
12 13 2 14
21 15 7 1
5 20 26 3
1 17 3 25
17 12 18 22
24 13 14 22
5 11 12 13
24 22 18 25
26 3 13 20
1 8 16 25
17 1 19 16
16 11 18 23
13 16 13 26
16 13 14 17
18 16 7 5
7 7 1 19
14 23 16 22
17 16 8 1
1 25 20 6
11 24 26 9
18 8 10 24
12 23 14 15
3 22 14 15
1 2 6 22
1 16 14 8
26 13 22 11
16 7 19 18
5 13 14 16
16 20 15 16
24 24 12 23
20 23 22 15
6 4 1 8
24 7 10 8
15 14 7 16
10 27 22 7
12 15 5 17
20 1 17 26
18 4 17 24
19 3 5 19
25 17 6 27
11 3 6 9
15 4 24 15
8 7 22 24
7 3 1 26
6 26 9 11
2 15 16 4
27 27 21 14
23 8 2 8
12 25 8 11
26 10 5 13
24 24 27 11
24 17 14 12
18 15 10 17
8 5 14 13
19 20 19 19
23 16 24 21
10 22 20 24
6 21 2 16
3 25 13 8
10 22 11 27
22 13 22 3
27 1 21 19
16 5 2 4
16 2 20 26
26 21 12 17
18 10 12 10
15 3 7 10
11 22 20 16
20 5 21 6
14 1 15 7
11 18 27 16
5 5 15 17
10 16 15 27
15 8 19 3
27 23 8 3
18 1 24 15
5 24 7 25
26 17 11 14
15 13 5 26
4 22 2 20
25 19 22 9
19 21 25 8
1 7 18 3
27 22 9 14
9 26 2 17
26 3 21 5
9 10 12 15
19 15 13 11
16 25 27 10
25 17 25 24
12 12 14 1
15 25 2 6
15 26 22 11
1 21 6 17
10 5 14 16
4 11 7 18
12 5 21 17
20 26 4 12
20 8 2 8
1 18 1 10
24 27 10 4
13 9 15 15
19 23 21 22
26 11 4 7
14 10 19 24
23 13 15 25
8 18 14 13
17 8 27 1
12 11 26 19
8 14 26 10
4 17 20 6
19 20 8 24
6 5 22 6
18 20 7 17
8 4 2 17
26 22 11 1
11 27 16 1
27 19 22 25
4 23 22 4
7 10 27 23
1 17 24 14
14 24 27 8
6 26 16 21
26 13 20 20
1 2 27 2
14 2 3 22
8 24 26 23
26 12 17 26
15 5 14 21
8 20 12 17
9 24 3 15
22 22 11 8
9 4 4 6
25 8 19 11
3 12 19 3
26 3 22 18
3 1 5 4
13 19 18 13
22 11 17 5
27 1 17 20
5 26 19 6
5 17 5 13
7 26 16 15
21 22 6 10
6 5 14 19
9 19 3 19
19 15 26 15
19 13 1 8
12 10 18 1
12 6 9 9
8 3 27 10
10 2 14 27
7 14 4 8
21 7 20 4
2 27 15 18
24 27 15 18
24 5 14 23
17 10 19 26
11 8 1 1
21 19 15 10
23 26 25 18
4 23 18 7
7 24 5 11
11 3 3 23
14 3 13 8
10 10 4 12
10 15 16 25
22 9 9 22
11 11 27 13
18 21 8 3
12 3 20 25
19 17 21 27
24 18 22 19
1 25 17 15
18 22 11 5
2 1 26 22
4 4 21 10
23 10 12 19
25 25 15 11
23 17 18 3
22 24 12 24
7 19 3 22
27 19 15 24
14 10 24 8
11 7 19 12
8 4 27 15
17 2 12 9
18 2 17 24
25 2 26 25
27 2 11 22
27 18 4 15
27 21 16 21
20 5 12 13
21 15 18 4
11 9 8 7
2 10 8 22
7 1 19 4
5 10 14 21
17 26 1 20
13 5 27 7
25 1 18 12
2 20 10 17
18 1 24 19
6 1 27 1
1 26 9 24
4 17 7 11
26 24 4 10
9 26 17 8
26 2 14 2
22 7 16 5
11 22 13 1
12 8 10 9
2 3 3 14
19 26 15 10
1 19 5 23
20 20 3 17
20 8 27 6
18 10 14 24
17 4 17 24
12 27 12 2
3 2 3 17
21 5 16 17
7 2 25 18
6 17 17 16
23 11 24 9
17 10 26 4
21 11 20 26
17 20 26 3
13 13 23 22
17 20 1 4
10 11 16 4
3 9 27 3
1 22 25 2
9 13 6 13
23 11 3 11
4 11 15 25
22 15 25 22
23 4 15 4
16 2 27 7
15 7 8 9
21 3 26 7
6 17 14 9
13 4 22 24
6 20 9 3
14 2 14 11
21 3 5 13
13 19 13 21
3 6 5 26
13 14 25 2