27
2170
2001
2730
836
1988
1786
2686
3274
2045
1311
3115
3169
2061
2802
785
2357
2990
970
3013
1731
1931
3466
3192
1546
1063
2159
2497
319
4
18 25 27 20
16 22 1 25
27 6 26 5
13 12 4 13
10 2 9 17
12 2 24 8
10 18 4 16
27 11 8 5
25 20 3 27
23 24 10 5
4 20 21 4
6 2 16 17
1 25 26 23
26 18 12 22
21 6 19 18
9 23 4 3
13 16 21 21
24 14 27 5
23 1 10 8
13 22 10 18
3 15 3 7
26 27 21 7
25 25 17 14
20 17 20 21
11 26 27 19
23 25 23 15
15 16 26 7
7 8 1 9
25 18 4 26
23 7 20 8
16 16 3 21
12 24 7 5
16 12 2 26
3 8 21 4
14 7 9 5
25 14 19 13
9 24 17 9
17 9 25 8
26 4 4 6
24 6 19 22
23 17 27 1
14 18 23 3
26 16 26 14
4 25 24 24
15 24 1 4
17 25 15 19
19 27 13 2
18 12 21 10
14 24 18 6
5 22 13 24
11 18 19 27
16 7 4 11
21 8 12 7
12 9 3 21
17 25 22 14
26 20 24 5
12 25 27 16
18 1 21 10
5 7 4 16
20 22 7 3
13 26 1 22
4 21 12 18
13 12 19 21
10 19 19 14
16 14 3 7
27 2 1 6
7 24 11 23
5 1 23 3
7 4 18 7
18 4 3 10
19 21 21 1
11 17 3 18
2 14 19 25
17 13 21 18
25 16 26 21
19 12 17 20
8 24 16 3
13 2 21 26
24 4 23 3
4 12 8 3
6 24 26 20
13 17 5 9
5 8 24 15
18 9 8 18
26 14 26 25
23 13 12 25
19 16 17 27
14 13 7 11
12 9 16 1
23 22 7 19
4 12 4 22
10 5 13 19
13 20 22 3
18 27 17 26
5 18 10 4
14 9 26 6
1 9 14 1
21 25 12 10
16 24 14 11
14 11 14 21
13 25 22 27
21 3 21 18
27 27 27 6
11 16 4 11
15 4 21 9
15 27 18 12
19 13 1 23
9 3 24 21
27 14 14 2
15 12 15 8
2 20 4 5
22 20 8 4
10 1 5 21
24 9 26 9
26 12 5 17
17 6 21 23
23 26 4 8
17 9 14 11
10 17 11 4
27 5 3 18
18 21 13 21
24 8 25 19
12 23 13 24
18 24 18 8
22 21 3 1
23 11 16 12
5 9 4 23
27 16 19 26
17 26 8 8
6 5 10 25
13 16 18 1
2 21 15 19
20 3 21 14
13 2 15 25
23 20 22 27
24 23 22 17
9 22 14 1
11 25 9 4
27 17 9 27
6 21 26 2
8 2 16 19
10 18 19 11
9 15 22 9
12 20 9 18
18 26 22 2
18 9 19 12
13 10 27 25
9 15 17 21
20 8 1 24
3 14 14 2
15 1 27 9
10 17 17 12
3 23 27 17
20 15 26 13
11 13 6 14
24 19 23 7
23 10 25 1
21 20 26 8
10 27 23 8
10 6 25 19
12 2 6 23
6 2 16 9
12 26 2 11
17 15 26 26
4 24 17 24
22 3 18 5
1 16 4 7
27 27 2 18
7 15 24 14
3 25 21 11
21 7 6 9
27 26 25 17
19 3 14 3
3 26 18 9
6 6 15 20
15 18 17 1
3 24 21 3
1 11 3 25
17 5 25 21
3 6 7 7
2 11 24 24
18 12 5 20
25 13 10 27
24 17 16 9
1 3 5 22
17 16 15 10
13 14 23 15
27 10 23 2
10 9 7 22
23 11 20 23
17 1 24 5
17 1 7 15
6 17 9 22
10 9 21 19
9 9 26 21
14 21 13 15
15 25 18 7
26 16 12 18
18 19 8 3
11 17 11 20
23 25 25 4
10 14 14 11
9 15 13 17
2 3 12 16
17 9 18 20
7 12 12 16
5 14 26 18
12 16 24 12
24 20 10 25
10 10 12 16
2 4 21 18
18 21 23 25
3 5 14 20
7 20 6 21
15 19 21 16
10 4 26 12
2 15 18 13
4 1 7 26
4 3 16 12
14 15 18 15
20 16 7 7
21 4 7 3
6 14 18 26
24 6 16 5
20 8 10 1
15 27 3 19
6 25 15 12
27 8 20 8
5 25 2 9
1 1 16 9
10 24 9 24
4 12 18 4
25 2 24 17
4 5 6 27
14 26 1 4
20 5 2 14
8 6 1 11
5 10 12 27
24 20 25 13
15 21 22 17
8 17 14 10
4 18 25 7
7 19 20 22
20 21 11 18
3 5 25 1
23 14 4 13
16 18 6 5
13 6 14 9
12 27 9 8
24 4 1 18
20 17 16 19
26 6 7 8
19 23 18 27
14 19 22 2
12 13 7 22
1 27 16 8
18 26 18 12
10 16 10 23
3 17 27 7
12 5 6 11
24 5 25 13
23 27 8 16
14 26 7 13
15 25 19 18
6 7 9 26
2 1 6 8
12 21 20 15
17 16 4 27
18 16 12 8
11 4 27 13
17 17 25 20
23 9 9 5
23 23 25 4
10 6 15 4
25 21 23 11
10 6 6 13
13 12 19 3
5 18 17 20
26 8 12 20
23 25 23 18
11 10 17 5
27 2 5 15
12 15 23 4
12 15 11 27
13 24 15 20
26 24 10 10
5 5 14 4
20 18 14 2
15 1 10 5
9 5 11 15
2 4 20 1
16 6 8 4
18 5 9 12
13 9 17 17
7 27 17 24
23 24 22 26
16 2 18 13
6 4 6 20
10 22 27 22
26 1 25 18
16 24 7 26
23 27 23 11
27 23 22 10
15 23 2 7
2 13 27 11
7 5 11 22
2 23 4 23
24 8 5 19
16 18 22 6
14 6 2 22
3 21 15 19
8 4 12 22
15 18 4 6
3 25 6 23
17 10 11 25
17 9 19 17
27 25 2 17
27 27 17 20
17 3 9 4