27
2843
1837
1048
3428
2691
769
3218
2245
1556
828
3198
3140
2190
1999
957
2674
2590
1507
884
2823
1376
3006
517
3257
2626
1320
683
335
4
19 26 10 11
22 21 8 19
22 18 1 12
10 3 17 9
8 16 22 22
19 20 4 10
13 14 13 13
21 15 27 2
27 17 27 19
13 17 26 20
13 1 13 7
9 5 18 12
8 11 7 5
7 6 17 5
24 15 21 10
11 18 9 27
25 24 10 24
13 18 11 4
2 27 13 18
15 27 20 19
24 18 23 12
8 19 25 15
14 6 19 16
16 2 26 21
15 17 22 9
22 14 6 3
5 27 7 13
14 15 3 27
1 5 17 27
18 23 26 10
8 5 19 17
24 25 1 8
15 24 7 25
15 4 5 1
11 10 1 27
4 4 22 27
22 4 10 16
3 17 25 1
21 22 1 15
1 12 9 4
12 11 23 8
9 24 17 8
5 6 18 8
26 1 10 25
10 22 1 8
5 21 21 18
5 26 9 24
6 10 1 21
1 25 2 27
27 7 16 21
21 4 26 4
25 18 25 20
1 6 19 6
24 2 14 11
21 24 13 26
18 27 25 11
14 23 19 13
4 22 3 25
3 2 12 17
26 16 19 9
3 12 1 25
15 17 22 4
26 4 20 10
19 23 9 21
7 19 3 12
24 4 24 17
26 6 20 3
14 5 25 18
6 1 14 10
23 19 2 10
8 22 26 19
10 17 20 4
20 16 8 22
7 8 6 16
11 21 18 12
9 1 15 6
8 2 9 7
4 13 1 23
5 19 20 9
1 6 20 14
3 7 12 13
2 17 23 6
2 4 16 5
4 9 20 17
9 17 11 12
20 22 6 13
9 22 8 25
25 13 15 12
6 19 10 21
27 18 9 26
14 24 7 14
15 19 18 18
6 8 5 24
24 7 6 9
17 5 9 27
13 27 8 18
9 4 24 15
19 21 22 5
16 16 16 27
8 7 24 22
9 6 13 24
7 15 6 17
21 12 17 22
11 6 22 19
19 5 19 23
2 27 19 21
4 10 4 12
21 1 11 19
12 14 23 15
7 16 19 12
18 9 27 5
24 20 8 24
10 20 21 9
14 11 3 27
8 16 25 9
1 4 22 23
6 2 13 6
26 25 27 12
16 25 6 2
11 2 17 25
13 18 10 17
22 11 20 12
14 1 4 16
16 17 15 14
7 2 8 5
5 20 5 12
7 19 5 23
27 10 7 14
16 20 10 15
11 25 5 6
6 15 12 23
15 22 21 27
3 20 16 13
22 14 14 9
5 5 27 23
25 25 18 9
9 16 22 2
19 20 27 1
23 17 14 10
10 9 27 3
18 11 3 24
18 4 1 10
16 15 14 6
22 21 23 22
1 24 5 7
23 22 25 2
14 26 17 10
19 24 25 24
27 6 18 8
26 22 15 10
18 16 22 24
25 23 20 3
22 18 10 10
24 13 16 17
12 19 15 16
11 15 5 13
17 17 4 24
22 20 2 15
27 26 8 26
24 1 4 20
8 6 26 14
17 23 9 15
4 12 25 7
19 16 18 26
15 16 13 4
1 24 12 26
15 15 16 4
7 2 7 19
23 14 14 23
3 19 19 22
7 22 8 13
16 14 19 1
20 14 11 19
19 21 1 3
24 11 26 17
20 7 14 26
1 6 14 13
19 6 7 15
20 24 12 13
4 13 7 20
15 12 27 16
6 7 26 16
13 2 16 7
18 10 6 1
6 5 12 7
23 10 6 16
9 26 10 24
16 10 21 21
3 17 10 25
10 3 5 18
25 8 2 11
18 16 17 8
15 14 15 11
1 6 23 11
25 27 23 24
7 14 5 11
12 3 13 10
17 13 16 19
10 10 7 16
17 25 20 3
8 10 12 4
12 22 25 4
13 18 18 19
15 7 10 2
4 7 16 25
14 12 21 17
5 20 1 14
6 21 18 18
19 26 7 18
13 3 27 23
19 19 2 24
27 6 4 26
18 20 25 3
13 21 5 22
16 18 17 8
11 8 20 27
16 14 8 11
7 4 11 8
18 4 21 21
13 4 21 24
2 27 27 10
10 13 23 8
24 20 12 13
23 23 27 15
12 21 11 1
8 9 4 22
6 5 17 7
1 17 20 5
1 3 16 27
6 25 21 12
5 9 6 1
27 9 5 4
22 5 15 13
1 11 4 14
2 12 24 2
17 22 2 15
17 14 27 1
22 4 25 20
6 19 24 12
16 21 25 17
11 22 15 19
21 12 21 11
23 8 12 1
17 2 10 26
7 9 14 27
12 12 19 1
2 6 1 18
16 26 6 24
27 25 19 21
24 12 25 17
8 6 4 13
16 20 23 21
24 17 3 6
26 12 27 20
1 6 4 18
3 26 24 17
16 16 11 11
24 15 23 21
19 12 22 13
17 5 20 1
24 15 25 14
9 2 23 11
13 4 10 9
20 14 3 26
25 24 12 7
7 20 9 1
14 11 18 5
26 2 19 27
17 13 2 3
11 11 12 20
15 18 10 4
23 13 17 23
23 25 25 8
27 22 20 5
17 6 7 16
11 24 20 18
22 16 8 17
8 19 3 7
19 7 7 21
16 21 12 13
11 9 19 17
18 13 26 25
10 18 12 4
18 25 27 1
6 4 18 17
20 27 16 22
19 7 2 7
7 2 5 4
17 2 22 25
8 9 21 10
18 20 23 16
5 12 2 25
5 5 3 19
20 7 17 24
11 18 22 21
27 24 8 20
5 9 18 23
24 8 23 13
26 6 27 12
19 4 18 6
13 23 19 7
6 16 5 24
6 6 14 19
20 15 26 5
6 24 6 16
10 5 13 18
1 25 22 19
21 16 11 14
12 8 6 12
7 12 1 27
15 4 14 21
4 13 17 16
8 3 3 10
7 15 6 27
17 22 1 16
5 20 13 3
6 19 6 25
19 20 2 4
11 4 1 16
20 22 24 2
19 11 20 13
4 27 17 2
3 7 26 2
1 4 15 13
19 4 1 10
13 15 2 13
3 19 26 6
17 18 1 6
18 18 7 1
11 1 7 10
24 20 20 11
18 22 4 10
18 1 16 15
17 6 20 24
8 18 8 18