27
2735
3017
2804
1475
1014
1706
3280
1314
2476
3469
1643
2294
1559
2335
1505
2364
2405
3243
555
2010
1394
1784
2981
965
1928
2034
1612
328
4
4 23 20 7
7 8 12 21
6 17 3 26
26 4 9 1
18 23 24 11
21 21 14 21
7 6 14 4
3 15 10 10
26 19 11 24
10 20 16 24
16 19 27 17
1 10 23 8
4 14 6 3
7 1 4 23
10 11 4 8
14 5 7 17
21 18 12 24
7 21 5 8
23 25 21 6
21 24 17 19
15 26 16 8
24 24 16 19
23 21 6 24
13 2 7 23
3 26 3 11
2 14 15 20
5 3 7 7
12 11 7 12
20 18 18 16
8 22 11 13
14 4 27 8
12 23 20 16
7 7 23 18
13 15 9 17
2 25 13 19
20 5 4 23
17 10 16 12
2 4 13 11
12 1 11 25
4 25 27 4
4 1 6 4
3 22 10 3
10 24 19 22
26 2 6 12
1 26 21 4
22 18 24 6
27 27 4 6
18 24 13 16
10 9 25 16
16 22 24 22
23 15 1 11
19 15 27 7
10 12 5 24
22 4 6 8
16 19 17 13
22 10 23 24
21 9 13 23
21 22 1 6
22 4 16 23
23 19 20 11
3 21 10 27
15 20 21 5
12 23 7 12
9 25 22 9
15 10 2 20
6 10 16 24
15 19 14 23
4 5 6 10
2 26 13 14
1 21 2 20
24 25 19 17
14 14 15 24
10 3 21 27
16 9 3 14
9 15 25 21
16 23 26 9
13 8 11 22
10 17 5 17
5 20 24 6
26 8 17 22
7 11 21 3
2 25 26 13
18 12 11 6
5 12 1 6
9 4 16 20
12 1 12 27
3 1 18 1
10 5 18 25
3 20 19 2
5 14 4 19
24 24 1 22
24 19 12 11
13 23 5 21
8 26 5 22
10 20 4 17
14 11 3 9
6 5 19 13
20 17 6 26
6 6 22 9
14 18 4 13
15 11 2 15
1 4 16 10
13 7 14 11
17 1 18 2
7 1 9 11
7 1 25 4
9 16 21 10
5 11 14 26
14 7 1 14
18 19 5 6
11 27 10 7
2 6 14 18
23 11 16 13
1 6 25 3
21 3 14 26
27 12 1 9
20 20 24 11
2 27 4 9
23 11 15 2
22 21 25 16
16 21 6 9
13 14 13 17
14 27 26 18
6 22 18 3
23 6 16 11
7 7 20 22
23 2 11 25
13 22 12 23
19 13 5 19
6 4 3 5
10 10 21 25
27 7 14 7
25 4 19 6
21 1 4 2
6 2 12 16
22 17 8 12
18 11 5 5
3 1 16 1
10 13 7 7
19 3 20 10
3 18 20 4
16 25 23 26
21 11 19 23
26 1 23 27
25 9 19 23
11 6 12 3
19 27 20 6
15 13 26 15
7 27 19 7
12 27 24 20
21 14 16 21
2 13 17 27
14 17 9 9
25 12 5 11
3 7 25 10
25 3 5 4
25 15 9 27
10 1 2 14
24 15 3 24
20 1 15 22
11 1 26 7
14 21 13 8
10 11 7 4
18 9 11 23
7 6 27 8
7 11 8 2
12 19 14 25
15 9 5 16
15 8 19 8
27 13 6 16
15 16 26 6
18 26 24 8
6 19 12 12
20 17 22 2
27 7 10 24
25 24 5 5
17 6 15 12
18 21 18 4
9 18 12 17
1 8 9 25
16 16 12 11
16 11 12 24
7 3 11 2
22 11 14 23
25 18 17 10
4 26 25 14
6 22 20 14
8 15 20 10
20 18 10 17
18 10 10 20
22 20 18 23
18 4 8 10
6 19 15 4
1 17 22 12
4 11 7 12
6 5 23 22
4 2 27 9
1 16 10 7
14 22 1 15
27 7 24 20
15 3 6 8
26 21 26 27
18 13 22 6
23 13 2 15
1 3 20 15
6 16 8 15
13 23 12 14
5 18 7 17
15 19 11 18
18 3 22 26
6 25 13 16
25 26 4 10
19 1 16 22
17 23 22 22
19 15 13 1
4 15 6 18
5 10 3 5
8 23 22 20
26 14 14 3
7 18 21 12
6 12 16 13
23 21 16 21
24 19 14 11
5 21 8 5
6 3 6 12
2 21 12 7
12 3 5 5
9 24 19 16
2 7 25 22
3 9 16 21
10 15 9 8
20 4 23 2
7 22 16 7
2 22 14 6
26 20 13 2
9 20 2 15
16 17 3 2
21 16 25 9
21 14 12 8
4 3 11 8
16 25 18 3
3 14 20 24
17 17 26 25
11 1 2 10
24 25 8 21
24 6 12 26
10 14 27 16
15 20 23 9
3 4 21 26
21 19 6 11
16 7 20 17
19 12 14 6
4 16 24 24
27 20 10 5
23 5 24 15
26 10 4 8
14 6 17 19
3 18 18 4
27 24 9 19
2 25 2 7
13 10 17 5
14 25 10 13
2 11 4 2
7 10 26 26
10 25 12 9
24 20 10 16
15 19 18 18
24 4 20 19
22 26 8 19
23 16 3 13
25 19 19 6
13 10 23 4
7 10 10 18
10 2 20 24
25 2 2 10
2 16 19 15
12 2 5 10
9 10 14 10
21 17 2 13
20 26 12 15
6 19 20 7
9 11 1 23
18 4 8 2
19 7 6 12
21 27 22 2
18 9 5 6
3 13 25 12
22 4 1 11
23 14 15 1
10 25 19 6
16 10 27 5
4 12 1 14
3 9 9 2
15 5 21 11
2 9 22 23
1 5 27 15
15 7 18 7
7 22 1 18
7 9 13 26
25 11 16 22
12 3 4 27
22 25 5 23
16 16 9 2
17 11 26 10
25 4 21 17
24 13 25 1
24 9 2 18
24 20 20 26
10 6 12 9
15 24 13 25
19 14 11 3
17 9 18 20
2 14 13 7
27 7 12 22
17 18 20 24
2 17 10 18
1 11 15 20
5 10 13 26
13 16 27 2
19 20 26 13
6 13 22 17
22 13 16 16
8 21 2 16
11 19 3 16
8 11 11 23
13 16 21 14
11 21 16 25
22 1 12 5