27
850
2802
1618
570
1772
2186
2770
2015
2983
631
1893
947
441
438
1598
835
3295
1046
2743
1588
2241
1503
2466
3489
2809
3233
3490
366
4
14 21 11 20
15 9 2 20
18 17 16 21
18 13 8 22
20 16 26 8
2 4 21 26
26 16 10 12
26 27 20 16
3 1 23 6
4 17 14 13
1 23 8 2
26 24 2 23
26 16 2 4
20 16 23 6
7 15 6 17
15 23 22 15
22 13 10 1
21 18 17 9
22 17 24 21
3 8 16 21
1 21 7 2
8 15 3 7
4 26 22 15
19 17 26 19
20 7 18 7
27 11 27 8
20 23 7 4
23 22 23 4
16 16 27 10
24 10 22 7
20 27 9 14
11 10 10 23
1 13 8 11
15 10 4 23
13 10 7 6
11 14 25 19
4 9 16 26
21 26 7 16
19 20 13 11
7 25 24 9
15 9 3 23
24 12 26 27
23 18 14 18
22 15 13 21
13 6 5 24
14 10 17 12
10 26 18 25
26 9 25 6
10 8 10 15
5 18 8 5
15 5 5 12
1 22 17 5
11 20 20 24
5 19 1 5
16 4 4 10
11 11 25 9
15 2 7 17
24 21 26 13
13 16 17 16
17 10 2 15
22 15 18 24
1 13 6 7
23 20 18 23
24 1 6 5
8 24 6 15
20 25 7 26
11 7 3 23
26 12 22 10
3 18 5 3
11 1 23 26
16 26 15 8
26 1 14 8
25 22 27 14
5 13 4 20
3 5 22 23
14 5 25 12
16 19 5 7
16 26 19 26
25 5 5 20
12 3 8 22
20 25 9 4
10 24 24 15
13 2 18 12
6 2 17 9
18 2 25 18
24 20 23 12
23 19 23 23
9 7 7 18
17 18 15 2
22 16 21 2
1 19 7 6
24 22 1 11
10 27 26 24
22 6 1 3
27 12 26 26
20 2 12 13
1 23 12 20
13 16 20 25
2 21 27 17
16 1 17 20
23 16 11 10
17 27 16 14
21 20 11 14
8 4 23 5
18 3 19 10
5 7 10 17
17 13 6 4
6 25 15 19
6 19 1 10
20 7 11 1
3 5 11 6
16 16 18 11
3 17 12 8
11 25 6 25
8 10 26 13
26 27 3 2
6 23 25 3
25 18 18 1
23 7 19 9
15 14 6 11
9 20 4 16
10 13 1 1
18 26 9 6
19 21 16 15
27 11 26 4
22 1 6 3
19 5 6 2
3 3 11 4
8 20 19 27
11 9 13 20
8 6 7 4
19 26 19 27
12 9 5 6
27 27 1 10
24 13 17 21
23 23 2 3
20 12 13 9
12 2 3 7
4 5 24 8
11 15 12 4
12 11 8 23
19 9 25 12
4 13 15 22
11 23 27 5
10 15 4 5
12 19 2 4
12 17 16 6
7 9 25 24
20 23 25 21
9 8 27 6
14 17 27 6
14 22 13 13
25 14 9 21
20 22 3 13
24 14 5 16
6 10 9 14
7 16 15 10
25 13 11 14
21 10 24 25
6 18 13 7
2 27 17 9
25 2 12 15
26 17 8 16
22 24 22 9
20 8 9 18
12 8 17 16
23 17 3 27
11 11 19 24
14 15 21 25
16 2 25 3
24 21 5 15
2 11 25 7
17 6 5 9
8 18 7 20
10 2 21 4
15 8 14 24
10 10 24 17
4 25 4 5
18 21 7 4
7 8 13 15
27 24 27 26
12 21 11 24
4 2 21 18
8 3 5 23
15 16 3 24
11 10 2 23
16 5 8 18
12 21 6 1
19 12 10 1
17 11 13 14
2 14 3 17
1 3 2 23
5 6 4 13
27 1 3 16
15 27 12 25
9 17 8 5
17 21 18 15
22 4 25 11
17 10 22 7
14 5 25 27
1 19 21 25
13 25 12 11
25 19 3 12
18 27 15 26
9 7 27 14
17 2 22 5
3 13 3 9
8 1 2 17
11 4 21 13
9 12 7 6
25 19 11 16
1 6 13 16
11 13 15 11
7 19 21 27
10 12 7 27
19 21 5 7
16 15 6 19
22 25 24 3
10 15 2 13
27 2 1 9
5 25 3 19
4 13 11 9
6 15 22 18
3 1 1 3
13 26 11 19
6 15 18 27
4 21 18 20
12 8 24 26
25 16 4 12
4 11 16 17
15 18 18 6
12 12 21 1
3 7 18 24
20 4 15 9
14 27 19 8
2 17 9 7
25 8 13 26
7 26 10 26
19 21 5 24
18 21 10 4
8 4 18 9
19 7 23 1
1 13 25 21
7 24 17 27
9 4 20 25
6 9 27 13
16 14 27 10
21 20 25 4
18 5 13 20
25 21 4 8
11 3 20 8
10 9 19 12
15 6 17 20
11 16 9 9
17 20 20 2
24 27 1 17
10 4 19 2
19 12 4 25
25 12 14 27
12 17 1 8
14 22 7 3
9 13 21 19
17 26 6 8
17 20 21 21
4 23 9 4
5 26 14 24
10 21 17 15
16 3 14 9
13 12 4 19
25 4 8 17
20 16 13 15
17 15 4 3
5 7 13 12
11 12 20 13
6 18 25 10
5 15 4 4
12 8 13 4
24 13 24 25
17 21 6 22
19 3 23 14
14 16 27 22
12 13 1 23
24 7 16 6
2 3 24 2
26 6 16 2
7 13 4 2
19 5 5 21
15 23 23 5
24 8 4 7
11 16 25 16
16 1 4 23
13 27 1 17
9 6 27 25
23 16 26 16
15 13 5 9
17 17 2 15
3 6 17 3
24 3 24 11
14 13 27 14
14 19 21 17
22 16 19 5
10 22 18 21
10 8 2 1
24 17 17 14
21 12 3 2
9 15 18 23
16 7 1 1
14 19 6 20
5 13 9 4
25 15 16 10
24 6 12 18
19 17 25 3
21 4 20 22
18 14 26 12
18 18 23 10
10 4 27 22
12 8 2 1
23 3 5 7
5 1 13 1
7 1 21 27
24 17 2 20
13 10 5 26
14 8 15 1
16 24 27 10
15 25 18 11
11 17 13 4
2 1 14 10
5 1 17 25
21 25 16 2
16 18 14 12
22 17 17 21
4 7 12 7
6 9 14 13
4 25 27 3
2 9 5 23
11 2 2 1
21 11 22 7
12 13 22 12
25 2 3 18
27 4 26 24
25 3 11 27
19 4 12 13
16 19 2 3
17 23 23 6
5 2 14 23
1 26 6 6
17 19 26 6
24 16 2 9
8 22 8 20
2 4 1 25
15 3 4 24
18 13 26 14
11 23 6 19
6 1 6 18
16 6 5 2
13 20 15 7
19 23 19 26
1 17 10 12
20 3 4 3
22 17 22 25
25 26 24 1
17 5 17 6
9 11 6 9
19 9 4 19
2 18 22 11
25 26 18 20