27
453
497
2574
1514
720
3112
1048
2688
2133
3426
1104
2674
1883
1556
630
1201
2263
2666
2942
2886
2752
576
2316
898
1411
2401
2594
339
4
9 18 5 22
27 3 13 15
26 4 18 6
4 18 7 4
16 4 26 2
21 8 22 23
19 22 17 11
19 10 7 19
5 17 19 13
19 12 1 27
26 3 8 5
9 27 8 27
27 7 19 20
8 24 16 26
19 6 2 9
3 13 1 6
18 16 18 10
19 26 8 9
14 27 25 12
20 4 1 12
26 16 6 19
21 26 27 4
17 6 22 5
1 10 24 12
16 7 1 8
11 17 10 14
5 27 27 2
10 11 13 8
2 11 12 5
9 25 4 19
3 14 5 19
18 26 1 19
19 13 10 7
3 20 12 14
15 17 4 23
7 25 17 1
21 7 12 24
25 14 14 27
1 21 1 13
15 21 11 12
12 16 24 18
21 27 19 14
10 19 13 9
14 21 24 23
19 9 21 21
16 15 15 11
24 16 24 14
7 12 27 13
14 3 21 19
16 6 3 24
7 27 23 16
27 10 12 11
21 1 26 11
4 18 23 20
17 10 26 26
4 13 3 18
20 22 27 23
11 6 7 17
21 26 9 1
14 14 19 9
2 19 17 24
1 11 12 26
2 7 4 20
25 16 20 5
8 18 3 17
21 22 12 7
26 25 9 8
15 8 1 15
25 21 2 16
15 22 25 19
1 20 1 10
27 13 17 8
17 22 26 22
17 19 9 25
12 16 4 2
16 20 12 2
10 23 2 10
15 9 5 12
25 25 24 13
16 1 16 18
11 19 26 12
17 8 15 25
4 27 25 21
18 20 20 25
12 21 1 9
11 9 22 8
3 27 24 19
23 6 8 15
23 10 24 8
19 23 21 6
6 25 16 17
9 7 2 27
20 24 17 23
14 24 10 19
11 27 20 18
12 21 15 19
18 17 11 21
7 2 4 18
10 26 6 21
9 21 13 22
2 9 15 12
9 9 11 2
13 18 15 22
5 22 14 2
16 17 7 25
11 10 2 14
8 20 25 5
3 15 20 20
27 22 19 4
17 6 12 16
15 8 1 16
21 16 13 21
25 14 18 12
24 12 7 25
14 14 2 7
16 23 5 4
25 17 11 10
14 1 25 16
5 27 6 3
22 11 10 10
9 16 15 19
12 24 2 27
18 21 6 12
27 11 10 17
24 8 6 7
5 4 17 11
23 27 22 17
9 22 10 22
15 7 11 2
7 27 4 6
4 14 12 9
20 17 21 15
19 13 19 27
25 19 10 25
25 21 3 24
21 6 11 17
20 24 27 5
21 4 3 10
5 3 12 19
14 16 13 6
20 13 16 13
6 13 27 25
5 16 19 11
10 26 22 26
20 9 15 8
6 18 7 11
12 1 5 22
1 26 3 21
19 7 2 17
14 4 26 4
13 17 12 8
22 12 14 17
10 8 7 8
22 6 11 4
4 4 8 6
16 27 19 1
17 15 4 24
7 18 16 8
2 17 16 6
20 5 15 2
10 4 7 14
4 14 18 18
23 16 25 19
22 15 7 19
5 7 9 8
25 3 20 19
22 10 22 27
18 21 13 22
10 26 18 18
18 7 20 20
7 17 9 5
19 19 12 26
12 26 19 23
12 5 1 27
2 9 2 18
12 1 22 8
10 15 3 1
13 3 17 2
12 25 16 14
21 12 20 12
25 18 26 8
20 20 4 23
27 5 18 14
11 24 5 24
4 25 1 19
16 16 23 3
19 13 27 25
8 14 16 4
22 2 6 10
18 16 3 6
12 4 9 12
25 16 9 10
10 8 9 18
6 9 20 24
15 13 13 14
22 24 1 17
17 24 5 10
20 3 18 11
6 12 26 19
20 2 24 25
25 9 21 20
11 16 12 12
14 12 11 25
24 7 22 15
17 19 1 12
19 6 25 16
19 13 12 11
7 16 25 14
27 3 4 1
4 2 12 27
19 7 17 3
9 10 26 18
3 10 23 6
21 11 23 13
20 14 25 17
13 19 23 18
17 18 7 12
4 25 16 4
3 2 21 22
10 11 15 5
9 15 1 23
2 21 15 16
16 18 11 9
1 7 16 17
21 11 9 21
23 12 14 22
27 14 13 7
5 4 24 3
5 10 6 17
12 23 7 23
19 1 5 17
25 21 11 11
13 11 19 20
16 7 11 25
13 7 9 9
24 5 22 24
3 9 21 15
24 20 14 15
7 1 7 5
18 21 13 13
9 15 23 17
6 9 21 8
25 5 17 11
23 14 5 11
1 4 2 5
21 12 21 4
16 13 4 18
23 17 24 20
3 13 2 24
18 1 5 23
20 26 12 21
8 4 5 16
25 25 5 13
8 24 23 12
27 17 17 17
7 20 7 12
15 4 14 15
24 15 6 21
5 24 7 23
13 14 10 23
17 14 6 24
16 21 27 23
20 13 11 5
6 17 13 8
13 9 9 2
4 20 17 20
5 24 8 9
18 21 12 22
18 12 13 11
24 9 27 11
6 24 2 6
22 14 3 22
22 11 6 3
7 22 23 6
15 17 10 14
13 8 10 20
7 21 1 12
16 6 18 16
15 3 13 15
12 10 2 18
24 5 14 26
4 6 4 26
25 10 20 3
10 21 17 12
9 7 7 19
11 15 8 17
1 22 26 2
19 14 21 25
16 25 19 21
15 19 25 23
13 23 9 12
2 1 2 12
23 2 10 13
2 24 18 2
20 9 16 9
11 24 4 10
7 18 24 27
13 1 20 12
20 27 18 22
20 22 21 10
15 24 15 17
13 11 3 20
20 4 25 23
25 19 14 21
6 20 2 23
20 25 23 24
4 1 11 15
5 10 23 24
8 2 9 8
25 15 9 27
25 2 13 27
24 15 3 16
8 14 24 19
2 20 8 13
4 19 6 25
21 3 2 22
18 24 18 14
9 24 9 3
16 14 16 23
9 26 10 23
3 11 13 14
8 6 3 23
3 19 7 20
5 21 9 19
20 27 9 20
6 5 9 21
26 27 18 4
10 27 2 2
6 26 1 6
7 2 18 17
27 18 15 7
10 5 6 21
15 5 22 18
10 19 18 24
3 20 15 13
25 5 16 26
21 14 19 22
18 15 5 9
19 1 15 26