27
2994
3283
836
3063
690
2842
2501
574
3077
864
3370
2618
2381
892
874
1061
2073
1943
2687
1033
2834
459
2133
1469
881
474
464
300
5
13 16 14 17 14
26 12 9 6 10
8 20 21 17 26
9 27 21 4
7
18 7 27 19
17
23 10 16
8
9 10 24 26
16 3
23
16 2 26
5 7 26
18 20 25 13 7
18 10
3 17
22
3 10 2
12 11 23
23 9
10
13 20
16 12 18
16 12 14 17
7 1 18
15 7
16 2
5 7 1 14
9 24
7 23
9 12
21 19 5 17 22
11
2 19 22 17 17
7 5 24 6
23 11 9 24
3 24
14 14 6
20 23
25 13
3 5
1
14 27 13 9
8
20 24 20 25
3 7
3 21 11 14 20
7
5 15 18
8 20
15 16 7 3
25 26 15 13
26 15 13
17 9 14 19
23
23
3 1 4 16
6
8
17
6 24 3 10
4 2
7 6 22 8 4
14 20
27 3 19
24 2
10 6 23 7 21
6 26 26
23 19
24
21
2 2
4 21 8
7
2 5 14
26 4 11 1 16
26 11
21 15 23 10
17 20 15 8 15
12 25 20 9 17
24 6 13
19 3
17
7 3
1 17 11 20
8
27
11 15 26 2
9 19 12
10 4 13 5 5
2 13 25 23
11
11 20 8 12
12 24
24 21 15
18
24
24 1 5 26
3 13
2 13 21 22 26
16
14 7
11
23 1 4
25 25
3
25 22 3 9
4 4 14
17 21 18 20 21
8 7
10 17 12 17 11
24 7
15
7 14 7 10
6 9 25
6 25 9
9 16
15 4 24
10 27 4 19
4 19 7 12
24 5
12
12 3 23 9 3
19 25 4 15 7
7 8 2 3 27
20
22 22 6 22
6
20 27
23 17 4 3 7
18 22
5
27 13 4 4
9
2
20 7 24 5
17 21 13 8
8 22 16 7
16 23 25
8
16 17 2 3 14
26 16 20
16
7
8 27 27
21
9 9 23 27 14
14 14
17 26 10
22 25
23 15 24
11 20 22 18 23
8 4 27 12
2 4 15 13 20
19
16 20
13 6 26 15
7 26 14 15
22
14 7 19
6 26 24
19 17 24 2
9 5 16 17
19
11 11 21
6
20 1 18 16 24
22
17 2 24
19 27 1 2
4 12 27 23
17 24 21 8
4
8
8 13 16 18
5 23 11 16 22
20 11 9 2
6 10 16 26 27
23 23 5 8
26 16 23 8
19 5 10
16 24 12
5 6 1 25 20
21 22 3 1 4
2
27 19 27 6 7
12 10
8 20 3 16 24
4 18 3 18 20
22 5 21 21
1 14 4 27
15 4 13
23 19 1 23 11
16 20 17
4 8 10 23
26 24
19 4 4
18 12 19 6
1 7 1
3 16 17
8 26 17
20
1
26 1 10 8 22
14 4 23
14 3
17 7 23 12
18 2 16 2 13
2 1 25 24 27
24 27 24
11
8 27 15 10 3
1 6 23
2
18 27 25
11 10 13
20 6 14 14 10
17
17 10 6
12 12 26 26 13
25 27
19 11 17 25 24
4 16
17 17 17 27
10 24 14 11 12
15
4 16 17 10
6 5
16 19
9 15
22 8 19
6 8
23 4 4 16 5
5 18 16 19 25
14
11 8 5 24
9 1 2 22 14
7 2
15
7 3
26 25
19 5
13 19
2 8 17
16 12 2 22 13
10 13 5
27 18 13 25 17
14 22 10 19
27 1 8 11 20
5 17 2 25 14
10
6 16
24 7 27
5 1 11 8
25 15 25 25
12 23
1 13 19
4
24 26 9
23 3
1 15 20 18
8 25 8
16 2 12 19 16
15
10
12 13 25 9 17
17 22 17
17 3 8 19 25
18 2
22 19
7 26 18
24 23
26 14 5 15 8
6 26 18
20
20 14
16
8
3 7
5
22 1 12 23 14
2
4 14 12 7
14 16 5 24 24
15 14 4
22 24 9 1 16
2 25 12 25
8 14
14 23 19 16 12
4 6 7 9 25
18 1
15 19 1 3
22 3 11 16 20
9 2
7 15 10 22
20
22 2 1 12 12
26 18 23 22
6