27
420
2361
2667
3032
787
639
1379
2046
994
3381
3197
2573
868
429
887
970
2136
3292
3517
1891
1423
536
2024
2737
2131
1869
1536
304
4
12 22 11 22
20 17 21 18
11 16 23 3
18 22 18 19
13 22 18 24
8 12 16 16
4 19 1 26
5 24 4 10
3 5 25 3
14 17 6 9
10 7 16 6
22 20 1 17
16 11 21 17
20 4 9 26
27 26 4 25
24 14 20 27
26 12 3 6
19 25 18 9
20 13 2 4
26 5 12 7
27 11 16 26
19 26 15 9
14 9 27 3
8 15 23 25
11 13 7 24
26 3 21 18
20 12 14 15
13 25 7 21
7 5 2 1
22 11 17 7
5 14 13 17
6 7 16 13
10 11 20 10
6 14 14 3
25 22 27 17
5 7 10 21
24 8 8 4
23 19 25 17
27 13 5 17
26 24 1 16
18 9 9 3
24 19 19 20
16 10 10 14
10 24 18 27
4 11 11 11
8 7 16 24
18 10 8 6
16 9 4 7
24 12 10 19
8 11 21 1
18 14 6 14
24 24 12 7
27 20 1 7
27 15 26 5
24 2 21 14
10 26 27 2
27 22 17 17
5 16 14 5
17 12 22 16
13 13 10 21
16 5 6 13
22 12 21 7
1 14 8 9
27 14 14 10
5 20 21 27
25 7 24 21
11 19 14 25
25 13 2 5
20 25 8 2
1 3 6 19
8 18 7 9
2 25 17 12
14 8 9 21
14 21 24 22
4 21 5 4
13 13 15 1
9 4 12 21
5 12 23 4
23 6 27 19
20 21 25 1
11 9 13 22
19 17 21 21
17 16 14 8
25 26 22 19
13 18 14 20
20 18 18 23
23 24 16 2
17 5 1 3
11 15 5 10
26 16 5 20
6 17 8 19
27 20 16 22
10 5 19 5
15 7 14 4
13 16 12 10
17 12 2 20
12 3 25 21
26 20 25 4
14 16 10 24
26 9 9 10
16 12 23 26
25 21 14 19
24 3 13 6
1 10 17 7
27 3 6 10
18 27 20 17
19 1 14 5
10 10 15 20
2 20 8 3
15 25 6 25
22 16 23 23
11 12 10 3
19 21 19 3
7 4 10 27
18 25 22 12
2 26 24 3
17 7 13 8
18 14 27 20
4 1 19 3
21 25 23 12
20 20 13 1
19 18 1 21
3 24 21 27
4 5 12 15
12 22 22 10
16 10 6 23
18 17 7 14
3 1 17 9
1 11 2 12
18 4 12 15
23 14 6 18
4 8 10 6
17 6 25 3
11 16 11 20
15 12 20 23
17 6 24 11
2 26 20 24
13 20 12 24
10 25 24 15
4 22 11 1
4 3 20 9
25 14 27 15
27 5 20 19
10 26 25 13
27 7 24 12
24 22 12 1
15 16 26 8
3 5 13 9
2 17 7 10
21 8 22 10
3 3 16 3
8 7 2 14
26 4 25 18
5 20 27 1
6 18 6 13
27 25 14 22
18 9 24 24
25 17 15 27
10 27 7 15
13 14 5 4
22 4 21 14
13 2 13 21
20 13 11 25
7 8 22 23
5 21 13 19
9 15 1 18
24 23 23 23
26 7 13 21
8 4 6 26
5 12 27 14
26 22 2 26
12 21 14 20
13 16 9 3
2 1 3 22
6 10 8 8
20 26 7 10
15 27 5 22
8 13 6 18
11 17 9 27
23 19 15 1
8 6 20 4
7 14 6 25
13 17 5 5
17 22 9 26
15 13 24 23
22 26 20 18
9 15 19 24
8 6 13 8
4 8 14 5
11 4 27 23
7 1 17 6
16 23 8 1
2 19 21 7
11 11 21 7
23 19 12 5
18 1 10 14
20 21 13 26
10 10 11 4
2 24 19 10
26 19 12 27
22 18 26 24
4 15 11 17
27 12 23 10
13 10 1 26
14 17 6 21
12 16 1 20
24 2 19 21
7 25 19 21
10 5 14 24
17 16 19 27
5 15 10 27
22 23 12 4
9 15 12 13
1 8 6 4
10 13 26 10
15 1 23 4
21 21 5 18
10 7 24 3
8 1 24 26
11 27 15 16
19 6 6 13
17 12 22 11
7 27 12 8
8 17 13 26
20 12 6 20
13 10 8 8
16 9 26 10
27 7 23 9
26 6 21 8
11 10 4 15
26 20 9 18
14 19 11 15
10 4 3 13
23 14 6 9
8 10 10 18
14 3 17 26
9 17 24 19
25 1 5 23
24 9 11 2
10 20 24 2
23 13 14 13
7 26 21 22
19 5 7 20
17 4 26 19
6 26 20 2
19 17 6 9
12 9 13 6
15 17 23 24
1 13 24 8
3 3 10 16
25 23 21 19
9 6 20 4
27 19 13 1
26 17 24 22
27 7 19 8
2 3 21 1
2 14 21 12
9 21 6 4
27 9 8 7
8 27 3 17
4 27 25 8
22 21 23 6
24 18 27 20
2 2 11 9
17 6 16 5
2 27 22 1
10 17 19 22
22 27 15 6
7 19 27 20
22 15 13 9
9 1 13 3
7 27 9 25
1 10 4 16
15 25 9 8
1 14 12 10
15 4 11 4
13 25 16 11
14 15 18 18
22 26 23 1
12 17 23 13
9 17 26 22
15 5 15 6
26 19 10 5
3 26 2 24
22 25 23 11
3 5 1 27
24 20 13 12
4 27 14 7
2 1 21 18
8 2 6 9
12 27 11 4
15 1 1 14
17 6 2 21
5 27 10 25
26 8 4 27
2 23 20 4
5 12 7 16
13 16 16 14
20 21 14 22
9 7 4 6
10 8 4 14
16 10 26 12
2 1 2 7
8 10 12 7