27
2633
863
2933
1727
475
1716
705
2315
1479
3401
2818
3403
2758
2484
3145
1293
2673
2205
2987
1145
3345
3032
462
1673
1403
1090
2566
334
4
7 15 25 3
10 15 20 9
11 6 11 15
3 22 12 24
5 22 12 19
10 9 20 27
25 17 9 13
16 10 9 26
6 6 24 6
5 17 18 16
16 23 7 1
21 3 16 6
6 11 12 21
14 23 20 4
14 1 6 14
20 15 25 8
20 21 17 13
27 6 16 20
23 1 5 15
22 3 22 11
26 12 4 7
25 17 11 14
14 14 26 4
18 8 13 15
14 2 21 17
7 26 15 7
23 17 7 11
13 16 2 13
11 19 15 1
18 19 22 16
13 9 12 12
22 8 4 7
23 10 7 9
11 7 3 1
8 1 1 18
12 7 24 23
18 20 8 20
26 16 4 13
4 16 7 10
19 13 17 4
1 7 25 11
12 6 21 22
4 8 25 20
22 27 15 10
17 11 27 4
21 7 22 20
24 26 22 11
7 4 2 15
22 23 15 13
12 25 12 3
21 21 2 6
5 25 19 15
4 19 15 15
14 19 14 20
25 26 15 24
24 27 23 22
25 18 5 23
18 6 4 13
10 9 18 14
5 6 26 15
26 3 3 15
26 7 7 11
17 19 21 20
6 25 11 19
25 26 21 15
24 11 22 10
7 1 17 22
26 24 21 10
8 18 18 21
7 22 27 6
24 26 1 7
26 6 9 10
4 22 20 8
22 21 22 6
11 26 27 11
21 13 6 8
2 20 8 17
11 27 1 1
8 12 7 22
23 7 7 14
17 6 16 22
1 7 14 3
13 9 10 22
3 13 16 21
27 1 26 5
3 26 14 22
8 13 24 19
24 11 8 2
26 25 24 5
18 22 16 25
3 7 5 27
13 20 12 8
18 3 15 1
7 15 10 19
9 4 1 18
12 9 6 17
24 26 19 20
7 24 8 17
25 10 14 2
1 26 6 24
21 13 18 6
18 27 18 6
18 3 19 8
7 25 19 11
19 2 19 2
7 1 24 26
14 7 20 17
9 22 3 9
16 1 24 21
21 4 26 23
2 22 7 12
22 2 13 17
8 16 27 24
14 26 24 26
5 20 26 21
1 17 10 16
19 1 11 2
14 25 17 27
13 7 5 23
1 3 17 5
3 22 25 26
25 3 17 10
10 24 21 5
1 6 26 21
24 6 1 3
13 4 13 15
5 6 24 12
3 17 22 2
7 7 11 23
10 13 23 8
26 6 12 23
4 10 16 24
27 24 3 5
5 21 25 21
12 17 3 3
15 24 18 13
8 1 3 21
11 26 21 19
7 23 2 1
11 17 18 4
25 11 17 15
11 21 9 24
12 13 13 14
14 9 9 20
9 22 16 12
18 14 20 19
5 24 14 9
6 4 15 4
4 2 2 5
4 23 12 24
3 18 5 17
19 18 14 20
25 21 26 13
1 6 4 26
12 27 22 24
1 19 27 12
4 24 3 6
4 22 23 25
8 22 17 18
19 19 22 10
13 25 17 22
27 6 15 1
25 10 12 2
13 18 8 3
25 10 1 15
15 10 27 7
27 17 15 2
24 27 26 24
18 1 10 21
2 2 5 18
9 14 7 18
4 15 22 27
18 21 5 20
10 4 8 7
26 12 4 7
23 24 23 12
20 1 17 26
23 27 21 26
13 19 24 17
2 3 26 5
26 1 4 6
26 7 14 18
5 7 5 19
20 2 6 21
2 15 4 4
5 19 26 22
2 16 17 17
14 12 25 20
26 2 12 15
20 6 10 22
13 12 18 7
24 11 20 4
6 14 13 10
5 25 19 6
5 12 6 20
9 5 9 23
1 26 15 15
5 2 4 18
3 19 14 15
19 9 1 8
20 1 20 11
22 10 18 19
10 8 6 16
13 22 13 21
8 21 1 22
19 5 15 22
13 4 16 12
14 12 4 2
19 6 12 26
23 26 27 4
23 24 16 2
3 26 21 8
10 17 13 4
22 14 27 13
8 10 13 25
10 20 5 9
6 22 23 23
3 9 27 1
4 16 7 7
5 15 5 5
27 8 1 10
1 23 26 6
13 15 19 4
6 21 3 18
17 10 3 11
3 17 10 23
16 3 10 23
26 27 20 6
16 3 12 1
13 18 24 20
7 6 11 17
24 1 10 26
17 19 20 3
24 11 16 5
9 18 23 26
25 9 19 27
22 11 21 16
22 3 21 18
11 26 1 24
2 16 6 5
21 16 16 27
10 2 2 13
20 5 20 1
25 21 13 23
15 16 7 9
8 2 12 18
23 14 5 6
5 21 13 12
15 3 8 1
7 27 18 26
2 14 5 18
13 12 23 7
13 19 19 11
19 24 19 23
19 6 18 13
16 9 11 26
14 25 11 1
22 10 16 24
12 2 7 27
7 7 16 16
25 21 11 5
20 18 14 25
24 21 19 16
24 12 9 8
3 25 12 27
10 24 9 13
5 1 6 7
7 14 13 19
3 9 15 20
22 12 11 3
22 27 21 8
8 1 27 7
17 2 16 12
24 9 1 13
15 21 3 3
5 6 20 5
12 15 2 27
7 23 23 10
24 7 8 13
21 19 4 18
22 16 23 10
5 1 26 5
13 21 21 21
11 11 19 11
7 21 5 7
23 7 16 7
7 8 19 17
19 9 22 20
11 26 8 22
18 23 17 10
17 6 16 1
2 13 2 16
27 10 11 26
3 9 12 18
5 7 17 26
16 9 11 14
22 12 26 17
26 8 9 27
17 7 12 8
9 23 7 7
23 14 11 13
17 2 14 15
10 18 22 24
6 27 26 15
20 15 10 12
8 18 15 10
25 24 5 8
22 21 16 6
17 23 21 22
5 26 25 10
25 18 6 5
1 13 20 9
11 27 25 13
2 26 3 26
11 18 12 19
5 3 22 17
13 21 22 26
24 6 3 10
21 26 8 11
24 16 1 22
21 3 25 27
24 3 24 19
4 15 18 21
21 22 10 18
12 9 13 11
19 8 12 13
5 10 9 20
10 20 3 12
5 7 25 22
27 2 21 2
3 12 17 21
27 17 8 26
21 19 25 11
23 16 19 5