27
792
680
504
462
660
3363
3336
2206
750
3106
1143
1233
2449
1233
1618
2650
1295
644
2034
2086
1930
2031
2929
1802
1634
1444
2038
388
6
27 14 11 6 20 10
24 16 10 10 2 6
11 2 19 21 14 23
3 14 11 2 23 25
13 4 15 16 10 24
21 6 17 2 9 27
1 25 15 6 25 8
13 19 21 23 5 13
27 25 26 16 6 17
19 4 2 8 1 9
24 22 3 14 5 14
7 11 27 21 9 10
7 24 16 4 8 25
18 27 7 20 15 7
15 22 11 15 5 20
1 3 23 13 27 15
14 19 19 19 24 14
13 10 25 18 18 15
17 1 26 7 9 16
25 23 3 6 25 13
5 27 26 24 15 4
25 7 6 18 9 21
27 15 1 7 16 8
14 23 15 10 7 3
6 6 27 26 3 16
10 10 6 8 13 11
20 11 15 2 10 10
25 18 4 27 19 5
6 4 25 26 26 27
22 5 26 17 7 17
9 14 2 18 12 18
18 5 11 7 22 12
9 7 27 15 23 16
18 19 6 23 12 8
9 15 17 3 17 21
11 18 7 17 27 26
25 12 16 8 4 18
21 9 7 2 9 23
25 26 24 13 4 17
2 26 1 18 27 7
15 1 6 24 4 20
2 20 7 18 13 16
19 2 26 2 1 4
6 17 10 7 4 25
4 4 24 14 8 11
9 19 5 8 6 27
11 21 13 7 18 11
20 14 16 23 10 21
21 6 27 19 25 8
11 7 23 17 14 20
22 5 26 26 22 22
14 21 9 3 8 23
23 22 15 12 24 16
13 27 1 1 22 16
13 14 11 6 15 16
3 11 21 10 4 22
22 8 11 22 12 22
6 27 14 8 15 18
3 2 21 17 13 17
26 9 19 21 24 21
24 16 12 16 18 20
25 9 8 15 13 15
24 12 14 18 24 18
9 9 10 10 11 11
7 19 18 9 1 6
8 10 15 11 20 20
10 21 14 11 27 18
12 15 1 21 16 7
16 1 1 18 6 5
11 2 16 27 8 1
22 2 27 12 22 26
19 9 10 19 21 21
17 20 20 1 11 22
2 13 26 12 14 1
18 15 22 16 27 17
2 4 14 15 20 13
23 27 22 16 25 3
14 20 22 12 10 17
20 21 3 27 15 1
25 6 2 23 25 11
16 6 7 23 16 18
17 12 18 5 27 21
20 20 13 23 10 21
4 1 27 27 3 1
8 20 5 21 26 16
2 10 7 7 19 11
27 11 17 9 4 17
5 17 11 1 27 14
19 20 7 25 24 13
24 7 14 10 2 14
12 1 20 14 18 3
19 7 2 14 15 8
3 14 25 16 24 23
20 12 3 26 20 11
23 11 27 22 13 27
12 4 24 9 14 7
24 9 6 11 18 8
25 8 10 8 9 3
3 26 17 13 8 13
27 10 9 20 8 18
11 18 15 18 4 14
22 2 10 11 7 15
20 6 7 6 7 14
8 10 2 24 7 22
13 15 1 18 6 17
22 9 16 20 16 18
22 7 21 9 15 5
25 7 14 14 12 19
11 2 7 26 24 2
15 25 12 11 25 9
11 26 14 4 18 8
1 12 10 21 26 5
10 4 12 3 20 2
17 14 16 22 15 12
16 9 12 10 22 5
2 3 26 2 23 20
6 27 11 5 22 27
16 13 16 1 22 7
27 9 17 11 16 18
3 5 20 23 17 5
15 22 7 8 26 6
12 18 11 22 12 12
12 1 2 9 19 25
2 14 24 24 21 22
23 8 24 5 6 11
7 1 25 21 5 10
13 2 16 15 15 23
8 2 16 7 6 17
12 17 11 22 27 17
9 12 4 19 22 11
4 2 11 26 22 25
26 26 12 7 16 16
11 2 17 14 10 24
7 21 11 6 15 6
10 24 12 13 18 22
22 16 19 25 24 26
9 1 17 1 21 27
2 12 18 12 13 22
1 5 1 16 18 3
18 4 16 3 5 17
3 7 21 5 16 16
16 16 20 24 1 18
2 7 24 10 10 15
18 14 20 27 24 7
26 5 17 18 15 1
7 9 25 2 18 23
20 4 4 17 2 12
1 22 6 6 10 4
3 6 12 25 13 12
11 25 24 22 15 18
13 19 25 9 8 4
16 6 7 19 22 24
14 21 2 1 11 6
7 21 26 7 16 13
22 3 18 10 10 24
18 15 18 21 13 6
3 2 22 15 4 16
12 17 22 21 27 16
11 17 1 16 17 9
24 18 11 18 23 15
13 25 1 16 6 4
23 9 23 19 18 1
19 4 16 10 23 6
8 20 1 4 9 9
1 17 15 15 14 24
21 6 14 7 10 12
11 1 26 26 5 11
5 24 22 25 26 18
2 20 13 6 1 26
22 27 12 24 14 26
9 19 5 23 8 18
20 17 21 22 27 5
7 21 12 2 22 26
2 1 10 7 27 10
11 14 7 19 18 9
4 26 15 26 8 27
16 2 13 2 23 25
13 10 7 26 11 1
16 5 25 10 4 20
26 18 26 9 21 2
1 4 8 21 17 3
3 13 25 3 13 22
8 23 6 25 27 4
22 7 1 19 8 3
7 26 18 1 17 10
4 17 17 19 4 5
7 25 26 25 7 23
21 27 21 23 25 23
24 26 16 16 27 25
19 24 2 8 24 20
9 12 5 1 3 21
2 18 17 4 26 12
6 13 24 4 10 2
23 13 19 20 7 21
16 7 9 21 20 8
1 8 16 23 7 19
8 13 22 12 17 7
15 4 24 8 1 6
4 15 12 12 24 4
14 20 17 22 1 14
9 21 6 23 1 7
22 12 27 10 9 6
4 3 2 24 16 18
4 11 23 10 4 2
2 20 14 14 16 27
17 12 16 26 16 22
11 10 27 1 27 19
10 9 10 13 7 5
26 14 1 7 1 24
4 4 19 5 24 21
19 9 11 22 20 11
7 2 15 5 10 6
9 16 18 22 10 17
22 18 22 13 14 17
24 12 14 18 7 21
22 8 26 12 19 4
24 23 24 7 2 24
24 26 1 6 17 18
1 24 10 1 10 21
5 9 20 22 11 26
8 7 12 6 14 10
8 21 15 6 5 7
22 27 27 10 6 15
7 10 9 11 17 6
4 26 17 16 4 11
11 22 14 12 10 26
12 19 23 13 16 13
14 11 27 10 6 27
4 2 17 22 20 11
6 13 6 3 5 8
13 7 17 24 4 2
21 3 5 17 17 10
8 9 26 3 18 14
21 17 15 23 18 2
7 19 9 9 27 19
12 8 1 26 1 1
20 17 14 7 26 11
12 12 2 1 27 16
10 13 10 16 14 25
8 22 25 27 1 22
15 10 21 26 22 20
15 5 16 5 19 19
18 16 26 19 7 15
16 21 18 23 25 19
12 4 15 18 14 8
9 9 7 24 1 25
16 16 24 19 6 4
18 16 1 9 15 14
26 13 10 7 27 18
12 20 25 22 16 17
21 20 16 14 26 6
20 17 15 27 13 3
27 21 4 10 23 4
19 13 3 3 17 24
6 22 26 3 8 2
1 26 3 8 12 9
1 4 21 8 27 13
12 12 18 6 25 21
17 2 4 20 4 25
16 11 6 15 5 3
1 2 25 16 22 22
2 11 22 18 18 13
11 17 1 12 27 27
13 1 15 15 8 8
3 23 16 26 22 20
2 12 7 14 2 13
18 9 23 25 27 5
9 14 1 22 6 12
5 15 9 24 4 10
9 22 6 15 16 20
17 9 6 4 3 15
17 27 19 1 16 15
27 21 16 13 2 13
4 13 10 18 9 3
20 5 11 10 5 8
24 3 12 4 2 20
16 14 24 4 15 16
9 2 23 19 4 4
16 10 22 23 7 17
25 4 24 8 20 15
1 4 5 8 10 24
23 20 11 4 25 4
25 4 3 7 9 20
21 26 13 5 22 16
20 6 24 27 10 17
13 15 17 5 4 23
21 22 17 9 1 2
7 25 5 25 18 18
20 17 20 27 1 27
1 5 15 22 12 7
18 23 15 3 15 20
9 9 4 16 5 14
1 3 2 12 23 15
7 22 12 15 14 7
2 19 4 15 14 10
14 23 14 16 4 25
9 24 6 14 19 12
4 1 10 13 20 8
1 24 27 18 14 27
25 9 21 6 4 5
22 26 26 9 16 4
13 17 3 23 1 2
14 17 7 27 18 14
15 3 25 22 19 18
5 13 17 6 1 3
10 2 10 16 7 2
12 17 16 23 7 17
8 20 11 13 7 20
8 20 15 17 13 16
7 8 7 15 14 19
24 26 9 3 1 17
24 4 19 5 27 15
21 24 8 9 27 14
27 1 2 26 19 13
14 24 21 8 20 12
12 8 13 24 19 6
8 13 8 9 18 6
10 22 17 3 24 18
6 2 6 23 3 21
8 16 8 27 3 26
13 18 11 4 11 22
23 2 24 12 3 1
4 4 23 20 14 25
3 15 4 15 27 24
4 16 3 25 27 1
24 4 22 19 2 25
11 22 6 9 7 27
26 21 21 18 21 18
6 24 22 23 17 13
23 22 12 21 14 5
6 21 4 5 27 21
5 22 11 5 23 15
14 11 11 14 25 13
11 26 2 9 5 10
14 1 1 3 16 11
13 23 1 14 2 14
14 2 13 5 4 14
10 22 3 17 4 23
23 9 8 17 6 6
25 22 19 14 25 9
15 24 5 17 18 21
25 1 22 6 14 5
13 17 6 11 11 1
7 5 16 1 13 24
27 22 27 14 20 26
3 13 16 1 26 7
27 23 6 23 13 17
19 20 8 22 18 20
18 6 24 13 2 1
25 4 25 1 13 11
22 21 11 9 12 23
21 22 25 1 9 17
18 14 24 10 7 2
1 1 24 23 7 26
8 11 16 19 26 17
18 14 10 16 16 16
8 17 19 9 14 4
26 18 8 26 11 10
18 10 16 3 18 10
9 8 13 24 13 3
24 21 17 6 26 9
20 19 3 5 9 11
5 3 21 14 14 19
13 9 17 16 15 27
6 8 15 2 19 16
6 1 14 18 24 7
13 2 10 1 4 6
16 14 25 15 2 13
26 19 25 14 25 16
15 3 25 7 22 4
27 16 22 12 7 19
13 19 13 16 25 23
26 27 25 22 19 3
17 23 23 6 1 4
16 14 26 27 18 18
8 17 23 4 22 24
3 13 8 9 2 15
10 6 8 4 7 14
6 20 7 1 10 18
25 17 8 2 5 11
10 25 23 9 3 9
27 3 15 2 14 17
12 20 15 4 5 5
5 19 11 26 18 12
27 26 26 11 26 8
5 19 27 15 19 22
23 7 22 22 21 12
11 10 2 21 6 3