27
1554
1430
1344
781
2344
579
1205
2226
1524
2438
1026
3081
1764
555
1985
2482
3205
2264
1900
419
781
1358
1040
1875
1083
2114
2107
320
6
4 16 4 12 10 5
8 21 10 8 18 11
8 21 20 24 15 27
14 10 13 11 20 24
1 6 13 21 1 4
15 4 26 2 19 9
9 6 26 11 6 6
20 16 26 7 1 9
3 7 12 14 15 9
24 15 1 15 11 12
11 22 7 4 16 25
6 22 14 4 21 27
5 11 14 17 21 4
19 26 22 17 14 17
4 24 24 17 12 11
22 17 18 19 17 11
1 4 24 8 20 12
16 16 24 25 16 10
12 25 12 16 25 4
4 17 7 21 21 8
12 6 13 12 11 7
27 6 22 23 7 20
1 20 12 3 1 23
24 18 13 14 22 23
20 17 7 13 23 1
19 23 16 3 26 16
20 2 18 6 8 16
12 1 7 23 13 24
18 9 4 13 16 5
13 12 8 8 20 8
23 24 5 9 22 24
22 23 4 13 18 15
17 24 22 3 1 18
16 23 8 24 10 19
9 12 7 8 11 8
7 2 27 11 25 19
16 6 18 3 12 24
18 4 17 27 27 10
8 3 2 3 11 25
18 12 15 5 9 5
1 6 21 4 10 27
22 21 4 2 11 10
17 9 19 13 6 15
17 19 17 20 7 21
11 22 10 26 9 3
3 14 22 21 5 15
12 7 8 5 7 25
22 14 21 19 17 18
13 11 16 16 3 14
7 21 27 15 10 5
2 15 7 18 14 4
4 9 17 3 19 5
14 13 5 10 3 24
3 22 3 6 16 1
3 12 16 2 20 13
16 4 12 12 18 10
16 19 10 20 21 11
13 16 6 23 10 10
18 13 25 1 23 1
3 10 11 13 6 2
1 8 15 11 16 8
15 7 11 18 22 24
6 21 15 17 21 15
27 17 22 1 18 10
19 23 25 21 21 16
19 16 5 22 24 2
17 16 10 19 6 2
4 2 6 19 13 14
20 4 22 24 26 7
14 26 21 8 9 23
20 10 6 2 6 25
1 1 24 1 13 12
13 7 2 15 20 26
16 5 14 18 20 2
5 18 27 12 9 24
6 19 8 27 3 20
5 9 1 17 7 15
27 17 11 6 24 5
26 13 20 6 21 4
8 8 14 5 6 2
18 8 18 15 26 8
19 18 4 22 26 20
16 10 23 18 12 10
18 7 27 26 20 6
5 16 21 23 25 12
13 15 10 5 7 22
20 22 19 21 4 27
20 5 6 14 2 3
23 1 19 22 22 12
17 23 22 12 7 26
4 8 13 14 21 10
22 26 9 9 13 1
25 4 16 19 3 26
13 22 10 10 25 19
15 19 20 26 3 8
6 16 13 9 21 15
17 27 18 12 19 1
14 14 14 7 24 6
6 20 14 11 26 6
6 14 13 8 22 15
11 25 19 6 4 27
21 9 22 19 17 27
25 12 17 7 1 5
8 12 21 24 10 13
19 7 2 10 19 27
23 12 8 5 23 8
13 1 20 22 5 12
24 14 5 16 21 25
6 13 7 27 24 13
13 26 15 17 12 13
5 7 23 14 9 5
11 2 11 4 26 17
10 21 23 18 6 6
23 17 21 13 22 26
7 11 17 5 6 25
8 2 24 19 16 23
4 26 4 6 1 4
3 27 16 15 4 1
7 26 6 14 24 4
19 23 1 26 17 8
18 22 25 9 12 6
7 21 24 19 6 17
21 12 21 24 27 25
15 7 18 18 5 26
19 22 14 25 27 23
9 1 7 2 22 17
16 17 24 7 25 12
9 6 7 20 3 12
14 12 22 11 4 15
19 11 22 11 3 16
18 16 27 8 13 22
18 19 23 15 8 13
13 1 10 8 21 17
12 3 17 12 6 5
23 16 13 15 21 2
11 7 23 21 22 21
13 26 4 12 2 18
21 12 2 13 26 3
18 1 17 1 6 17
5 27 24 24 9 1
18 26 21 16 24 14
19 10 14 27 18 26
17 22 13 2 3 15
16 3 19 13 22 27
1 10 2 9 18 19
14 17 17 5 21 10
11 1 22 20 20 7
27 8 7 27 22 26
9 6 25 11 8 22
18 9 5 1 8 18
15 8 13 19 11 8
3 23 6 15 2 7
17 15 8 25 14 12
5 26 22 6 3 21
10 15 3 3 17 26
20 2 15 2 21 23
24 1 1 20 16 14
14 12 27 25 22 14
19 7 26 18 13 1
10 22 3 7 14 7
2 25 6 22 18 9
13 16 14 16 17 12
16 3 2 18 11 21
25 16 6 10 10 25
2 20 20 8 1 9
26 18 16 9 2 10
27 4 13 2 6 22
15 1 12 9 8 16
13 11 19 26 10 5
22 3 19 24 5 5
3 14 13 4 26 22
25 8 17 15 22 16
4 16 24 4 22 19
11 4 3 26 25 13
8 5 20 9 14 1
12 22 9 14 10 21
16 24 27 13 12 25
18 25 5 18 15 18
1 18 5 12 3 18
8 26 12 9 7 16
26 5 9 12 21 21
26 21 27 19 18 25
24 7 7 10 26 13
21 6 4 9 4 4
5 6 19 18 17 26
21 26 2 11 5 1
20 3 5 18 25 12
23 24 9 26 1 3
6 25 25 4 10 19
18 17 15 22 6 5
24 18 9 9 20 20
11 23 9 9 10 10
12 26 12 10 13 27
27 18 1 12 16 3
2 26 12 13 8 15
1 12 1 21 19 15
22 13 2 12 14 10
16 9 25 13 20 13
11 6 12 10 8 21
23 18 1 11 8 18
19 17 1 10 1 8
21 20 27 22 2 22
18 23 27 12 24 16
15 25 18 12 13 22
14 13 27 2 15 3
2 22 3 11 24 12
7 6 9 26 10 10
18 26 20 3 25 4
18 5 4 1 11 24
26 19 27 12 9 18
27 16 16 7 15 8
10 10 1 3 23 25
16 2 12 18 3 14
12 16 14 4 27 15
27 6 23 7 20 13
16 15 17 20 24 9
8 24 21 15 9 1
15 4 17 26 10 19
12 8 5 1 19 17
17 8 16 14 14 15
16 14 23 20 3 5
23 26 19 12 25 4
11 21 24 10 9 8
8 27 22 13 13 19
9 18 21 13 24 19
19 11 19 27 16 7
27 27 21 20 4 8
19 12 16 4 12 19
7 4 19 6 11 12
8 6 21 21 20 10
3 9 7 18 15 9
14 7 7 14 19 18
4 23 26 25 22 26
13 12 2 24 18 5
16 12 4 1 27 24
16 5 1 12 10 27
11 27 18 27 26 15
24 20 27 24 18 5
1 27 19 7 15 11
26 11 17 7 16 10
23 5 20 18 26 11
2 11 26 9 24 2
17 19 22 1 13 24
12 22 1 2 24 5
15 19 25 20 16 27
23 9 25 15 22 10
14 7 5 25 8 19
25 8 12 16 11 5
11 27 25 17 18 24
13 11 6 11 14 2
11 14 11 23 19 21
8 8 27 22 9 23
13 3 16 20 18 1
14 4 27 9 15 16
27 27 7 23 5 23
20 17 20 10 14 8
3 1 22 11 21 20
22 2 5 26 18 19
6 7 13 2 2 17
1 3 1 24 7 1
2 4 17 2 24 18
7 10 1 18 18 2
13 21 19 21 7 24
18 9 20 26 22 18
2 8 24 15 14 5
19 2 18 4 6 9
18 21 12 23 15 18
7 19 7 4 18 7
10 16 20 8 15 20
23 17 2 5 6 10
4 19 20 13 3 21
15 21 3 15 2 16
14 6 15 13 12 22
8 16 6 26 7 2
8 7 6 20 7 10
6 23 17 17 2 27
10 3 15 7 13 9
13 9 17 12 27 6
25 13 24 10 21 5
14 13 23 26 9 6
22 25 19 8 22 1
7 13 16 17 2 13
26 18 3 17 8 18
21 18 15 22 18 12
13 17 14 10 4 7
25 25 10 7 6 20
6 17 3 16 20 25
3 4 13 19 12 6
1 13 23 18 12 19
20 6 17 24 6 9
23 4 3 26 11 12
14 4 17 4 17 9
9 17 21 11 3 12
4 8 1 21 25 1
15 18 16 10 14 17
20 12 2 26 7 20
1 12 19 21 14 6
17 10 2 2 21 20
19 11 16 24 4 18
18 16 24 26 22 8
16 13 7 23 1 5
20 6 26 16 16 4
12 14 11 7 10 17
2 23 6 3 19 14
14 16 25 21 21 1
6 22 17 26 15 7
22 23 25 17 12 25
8 10 15 27 24 7
13 1 22 2 6 24
15 1 13 14 15 25
7 14 5 23 24 15
6 25 14 7 27 22
16 10 2 24 13 8
1 21 1 11 6 23
19 17 25 14 7 20
8 14 27 17 9 14
19 6 9 14 15 13
8 13 27 2 4 22
26 26 4 13 20 23
25 10 13 22 21 7