27
611
820
584
3053
2848
1963
2689
3496
2533
1527
2037
1959
1569
420
1322
3353
1097
1256
855
2026
2072
3001
2087
3098
1419
1651
571
345
6
14 7 24 19 11 7
9 12 14 9 1 4
20 1 13 11 7 1
14 19 18 6 10 21
18 6 9 9 26 9
8 24 12 1 6 19
10 12 19 9 20 10
21 15 15 27 14 27
14 11 4 23 10 18
3 19 7 27 26 19
12 18 22 26 2 4
22 12 7 19 21 12
4 27 9 24 19 5
13 11 7 15 24 13
3 24 2 26 8 11
26 4 5 26 23 7
25 22 10 16 19 19
27 10 24 12 22 27
14 2 5 14 17 5
11 13 23 11 7 17
25 25 26 24 21 6
13 13 7 15 25 26
16 2 4 22 1 24
7 16 7 9 18 20
7 22 19 7 17 25
1 22 20 12 1 10
11 3 13 20 10 6
13 27 5 16 3 18
20 14 14 20 3 14
23 23 11 12 16 18
25 17 2 5 23 15
11 1 6 8 6 18
4 19 23 5 10 5
24 2 1 26 19 8
18 2 26 11 5 16
23 5 20 19 18 10
7 11 8 16 21 18
11 15 6 14 10 1
6 11 26 9 27 2
13 15 15 6 2 21
18 21 8 19 13 27
10 10 1 19 21 11
4 26 10 9 15 8
12 3 9 26 3 7
16 3 27 4 20 5
7 18 18 8 1 15
21 14 5 18 6 23
24 15 6 9 13 20
6 7 5 12 2 22
26 4 2 3 16 23
2 1 3 19 8 23
20 6 4 10 21 2
27 22 11 4 2 25
13 14 24 16 22 17
27 4 26 22 15 3
6 25 10 20 9 13
25 13 24 24 9 10
12 20 15 8 9 23
22 7 16 9 11 16
4 17 14 25 6 22
7 12 3 25 22 19
12 3 13 18 21 2
24 20 2 23 16 24
6 20 21 23 6 23
14 8 26 22 1 19
7 20 21 2 25 18
21 14 12 2 22 27
3 19 14 12 27 15
11 7 26 19 10 25
9 25 21 19 4 25
16 24 11 18 15 11
4 10 6 16 5 2
17 10 4 10 12 6
16 2 11 5 6 13
3 3 21 9 9 14
16 12 23 9 10 26
18 9 15 24 21 10
27 18 12 24 9 9
27 17 1 8 8 18
26 22 6 10 20 8
4 12 19 26 22 27
5 17 25 3 14 17
19 12 10 17 2 8
8 11 12 23 13 12
27 17 4 27 21 17
13 10 1 3 16 8
24 26 18 8 21 21
12 5 22 10 1 19
19 21 17 1 25 4
23 25 14 8 21 16
16 16 24 4 24 20
4 24 6 14 9 4
20 5 15 12 24 2
4 22 9 17 7 21
21 11 27 26 1 13
26 17 5 24 17 22
6 20 7 16 6 11
22 26 1 21 10 1
18 1 19 25 18 1
13 23 21 4 8 10
24 1 12 6 19 2
11 22 14 26 27 27
22 2 16 13 18 27
5 4 6 25 13 1
23 23 17 11 16 6
27 18 4 27 16 5
16 23 1 6 21 6
9 9 6 2 16 2
6 20 11 26 21 17
6 10 15 11 25 10
20 6 12 12 17 12
26 16 17 26 21 5
20 9 6 24 24 14
21 7 16 16 27 12
20 27 19 26 26 5
25 17 3 27 7 17
9 12 23 24 9 8
17 24 23 14 15 23
23 10 26 20 17 12
19 1 10 11 4 24
22 10 24 1 12 27
26 9 14 20 20 11
18 27 25 14 25 26
20 18 25 6 14 15
9 25 26 11 18 23
14 18 26 6 22 11
10 20 14 17 16 15
6 24 6 7 14 15
12 4 10 10 15 22
10 22 11 3 22 8
7 14 16 5 19 15
27 16 3 16 15 17
2 13 25 7 19 6
13 1 22 26 10 3
5 17 26 8 17 12
4 8 26 14 23 12
20 23 14 7 5 21
2 18 15 14 26 12
7 20 11 25 25 19
5 20 15 7 11 26
11 18 27 4 10 12
11 11 24 11 17 12
18 20 10 2 26 12
16 13 4 23 7 18
3 12 15 14 16 5
21 4 6 7 3 26
24 14 4 25 14 6
7 11 9 8 25 11
24 20 8 23 10 18
12 22 9 18 8 2
25 12 4 6 13 17
9 21 24 7 7 14
15 8 17 11 3 19
7 10 10 6 24 23
1 6 18 2 1 18
11 24 25 6 7 27
11 1 7 2 9 25
20 3 21 13 23 24
4 5 16 23 12 6
26 4 9 3 8 8
3 13 7 1 27 10
9 14 13 4 26 7
4 1 26 25 16 21
3 6 5 13 18 26
25 22 4 10 10 25
3 5 26 3 20 20
14 5 11 7 10 23
17 22 21 4 14 1
27 3 9 8 9 2
27 5 6 9 17 17
26 10 26 21 9 1
15 14 7 8 23 21
21 14 4 23 16 1
11 2 8 3 15 7
13 21 13 3 2 1
15 3 22 17 26 12
1 24 18 9 25 11
2 27 24 10 1 16
16 6 4 18 9 6
22 26 3 6 1 9
21 6 20 4 23 7
4 19 2 23 3 25
16 4 25 2 8 20
10 25 20 14 18 8
26 18 21 16 22 6
1 6 8 13 27 16
15 6 19 25 20 18
3 5 17 3 21 2
23 6 5 22 23 20
1 16 16 15 16 11
12 6 11 19 3 1
3 23 2 7 4 10
21 7 12 16 20 11
6 10 19 24 6 10
27 20 24 26 15 23
26 16 23 20 4 21
20 25 4 17 16 14
6 9 12 20 2 13
11 3 11 7 26 9
19 5 26 8 22 8
7 6 23 13 19 14
12 22 16 21 1 22
3 4 27 13 8 5
6 20 27 6 11 27
3 9 25 22 10 12
8 27 10 10 23 3
4 4 21 6 3 11
24 14 16 26 18 22
23 9 3 14 1 21
4 15 11 8 20 25
19 10 10 27 3 17
2 15 27 17 2 5
13 10 15 14 1 19
21 17 1 16 6 13
26 25 11 18 15 11
13 26 17 1 13 8
2 18 7 13 15 13
18 9 14 1 2 14
25 22 22 9 7 22
21 25 25 23 10 24
18 20 21 9 23 4
11 13 11 3 26 1
21 14 18 6 7 21
22 2 9 4 1 17
4 10 4 11 19 10
5 3 18 15 16 16
6 5 20 23 13 19
17 15 27 11 24 1
11 27 20 8 6 10
14 16 19 15 16 25
20 5 16 11 7 7
20 22 8 27 23 1
10 12 21 13 23 15
4 22 19 23 9 11
22 16 21 16 14 19
17 17 17 11 3 14
5 11 4 2 26 1
20 14 1 7 24 2
2 10 9 14 9 1
26 15 23 11 9 24
1 21 13 6 23 12
25 15 19 23 13 4
11 20 20 27 20 7
13 1 6 24 4 10
1 17 6 22 14 6
17 3 27 19 15 5
18 14 20 17 9 27
16 10 23 23 10 24
14 7 27 11 7 1
10 12 15 12 15 8
24 17 5 6 22 9
11 3 6 3 21 19
18 10 15 4 3 1
10 16 27 15 19 9
10 4 6 25 8 15
6 5 17 6 6 9
12 11 17 21 11 1
18 24 26 17 4 19
27 11 26 27 26 2
18 24 2 5 10 12
8 3 20 27 19 16
19 19 21 18 16 24
13 17 13 21 24 5
21 9 4 4 14 11
3 8 4 27 3 2
15 19 1 11 11 8
17 27 6 4 8 26
18 23 21 7 22 18
9 14 9 10 7 6
3 5 23 3 6 21
8 23 13 8 15 26
14 27 11 5 21 4
26 17 23 25 22 25
15 5 16 14 18 16
15 16 18 14 17 22
22 12 19 16 5 2
11 13 17 12 5 8
26 4 10 16 19 3
25 15 10 18 7 11
1 25 26 2 7 11
14 4 23 26 10 7
4 17 9 15 14 18
3 23 21 12 13 4
15 27 4 1 9 5
23 3 16 2 5 11
24 18 6 27 24 5
16 2 21 9 13 18
13 27 20 10 27 26
8 18 21 6 7 14
19 10 17 26 21 8
2 2 3 3 23 4
25 16 25 3 16 18
14 6 25 17 4 25
11 17 10 14 25 16
7 18 22 9 19 4
25 19 23 13 10 8
24 8 16 12 17 1
11 20 9 20 9 26
9 14 6 27 26 25
16 25 11 9 25 18
20 5 10 6 16 4
19 19 9 21 1 1
19 9 18 5 20 3
14 21 20 10 22 9
9 18 8 25 22 13
21 8 4 18 3 7
26 25 11 5 7 21
25 17 23 9 4 11
4 15 13 14 23 8
13 25 20 24 11 27
25 15 11 4 8 5
16 25 18 10 16 1
18 24 17 2 26 13
24 21 12 10 6 12
2 25 10 7 27 11
9 22 19 25 11 18
17 16 21 15 15 6
1 3 5 3 21 17
25 26 5 26 7 23
5 17 9 21 1 21
6 16 20 5 17 9
11 8 19 11 4 4
11 9 7 19 23 20
7 25 18 18 10 16
22 10 4 11 24 7
11 19 15 22 17 17
3 21 20 5 17 3
27 6 19 15 12 1
6 13 12 25 13 20
27 15 12 21 3 5
24 26 19 17 19 4
22 12 11 17 23 15
21 18 5 19 13 6
12 23 27 15 8 3
27 25 20 8 5 22
23 7 13 7 3 25
23 13 16 16 15 18
4 14 24 20 16 17
23 7 9 5 18 14
6 20 10 3 5 6
8 20 6 5 11 10
19 24 23 12 22 15
7 4 25 27 18 15
9 4 2 14 23 5
25 4 1 1 22 26