27
3188
3446
1660
2759
3012
1219
2316
1799
1992
1466
3003
1771
1451
2595
3012
2438
1391
2834
3248
1800
561
3495
716
2490
3466
1845
2206
359
6
6 6 23 24 21 19
16 4 14 4 19 17
7 4 23 9 25 25
12 26 1 4 21 24
25 24 1 5 19 17
5 9 10 10 23 8
27 23 5 12 7 24
17 20 26 3 10 12
14 16 1 1 7 13
1 3 1 7 13 12
9 18 13 9 2 15
1 27 2 18 26 21
4 17 25 24 1 10
6 10 27 17 10 23
6 10 12 21 8 13
9 5 19 9 5 13
10 9 20 22 9 20
27 21 11 10 8 17
26 25 23 22 2 8
15 1 21 15 24 9
15 17 26 7 18 12
23 11 9 13 19 19
23 8 13 12 14 7
10 7 12 18 17 23
27 14 8 24 7 24
17 11 6 8 10 14
3 10 9 20 15 1
16 14 2 17 7 15
13 14 9 1 4 21
25 13 6 7 11 10
8 18 6 26 26 27
9 8 18 6 24 1
19 4 23 9 15 3
7 25 17 2 2 22
4 16 18 22 2 20
3 7 19 11 22 3
19 24 5 27 22 18
15 20 5 1 18 27
21 18 25 26 12 17
20 24 15 11 26 11
3 17 25 20 24 7
24 2 1 21 10 14
10 15 5 14 18 23
7 8 13 20 3 27
12 19 25 20 27 25
4 19 3 1 6 1
22 11 1 7 25 8
8 17 11 7 8 14
8 6 2 8 15 5
15 26 20 1 17 27
4 13 21 12 9 1
19 23 1 27 12 21
12 6 5 13 8 18
11 26 10 24 3 8
5 16 11 7 14 7
1 24 25 8 24 11
13 7 20 21 16 7
9 27 26 24 4 23
20 13 10 17 13 25
16 17 2 26 16 13
13 3 1 12 17 26
17 4 18 13 2 11
6 1 11 14 25 27
6 23 5 15 16 6
26 21 7 14 8 22
25 12 11 3 6 25
6 27 8 4 24 14
12 21 5 24 2 25
5 15 2 23 3 27
23 26 20 12 13 16
18 22 21 22 10 23
11 7 8 13 5 21
22 22 13 27 15 5
24 8 17 19 15 16
15 2 14 21 9 2
22 10 23 2 16 18
16 7 24 22 8 2
14 14 5 8 13 5
1 11 8 17 15 23
16 11 26 7 25 8
15 17 22 19 15 24
20 16 14 13 10 23
7 18 2 25 6 13
17 6 11 20 13 12
18 17 26 15 13 5
16 9 26 22 17 1
24 13 6 18 3 8
22 4 18 25 17 11
22 18 9 8 20 12
5 12 24 27 7 24
5 24 9 4 7 7
12 24 11 23 10 11
27 3 11 24 18 5
14 12 17 14 19 22
24 17 2 27 25 26
16 21 1 12 10 17
6 20 14 23 17 11
15 6 20 25 17 18
18 19 9 6 10 20
14 24 4 19 3 4
26 4 1 2 9 11
22 1 4 17 23 24
7 17 17 27 25 27
7 12 12 6 6 16
10 27 27 25 24 21
23 7 9 5 27 16
2 9 21 6 17 14
20 15 6 8 12 20
10 5 3 21 10 18
23 3 18 3 4 27
1 25 8 10 26 6
13 22 5 4 10 9
2 9 22 4 5 3
13 20 1 17 27 17
27 3 18 18 25 16
2 3 25 24 16 27
1 27 13 17 21 21
1 5 4 16 14 12
13 23 11 14 16 22
25 21 1 2 18 8
17 4 19 9 4 22
18 19 9 14 1 13
8 7 15 18 16 23
12 6 25 25 3 10
20 8 27 23 8 18
20 12 2 11 5 23
7 6 14 27 16 4
22 5 14 19 4 10
16 21 6 21 13 23
18 11 2 26 24 24
8 20 17 24 14 18
7 7 6 18 10 11
5 2 21 10 5 8
23 19 11 9 20 18
14 21 9 20 26 8
3 27 22 24 25 26
13 18 8 24 27 17
21 9 23 2 16 16
8 2 10 23 13 12
12 26 2 27 3 7
14 20 24 24 17 18
21 26 2 15 11 3
10 19 2 11 13 25
27 24 4 23 3 19
5 27 13 15 2 13
21 3 4 8 27 19
9 4 12 21 17 17
4 7 2 9 16 3
24 9 20 21 15 11
20 15 5 27 8 19
13 18 17 17 22 6
13 9 15 13 26 4
22 20 19 18 27 21
3 16 14 4 17 2
4 26 1 3 9 7
22 10 19 16 7 15
19 14 1 26 1 2
6 18 14 6 4 18
11 27 11 8 21 15
8 3 3 3 20 12
25 17 26 13 16 8
16 15 2 21 25 22
27 13 18 21 9 26
20 5 8 1 7 11
7 14 9 27 18 9
9 19 18 18 24 15
17 25 5 17 14 27
16 12 23 24 22 23
21 11 12 15 11 24
20 9 9 12 1 1
15 12 16 26 14 9
22 1 5 19 19 24
10 17 5 7 13 17
11 10 15 6 5 8
2 18 17 10 10 13
1 8 21 15 7 21
2 24 18 19 6 24
5 26 17 10 3 15
17 13 22 16 23 7
19 20 3 19 18 5
3 1 13 16 1 4
17 2 3 12 5 4
11 6 21 27 2 8
15 27 9 21 21 19
10 5 16 15 26 3
5 4 5 9 27 26
3 16 5 2 12 10
20 5 5 25 27 20
16 26 18 8 21 25
14 12 12 3 16 8
3 4 24 5 4 8
1 24 10 18 7 25
21 23 10 18 23 20
15 9 27 25 19 11
18 9 17 27 5 13
11 1 22 20 16 4
10 5 13 11 8 22
2 15 23 27 7 25
9 27 25 10 20 5
23 15 3 4 24 13
4 4 8 5 8 6
16 21 16 12 23 5
24 21 4 20 24 6
3 15 4 11 24 4
1 27 3 4 15 22
9 27 20 16 12 10
12 4 1 23 21 16
12 25 14 25 15 5
16 25 26 2 13 3
11 19 1 6 15 19
22 7 26 2 20 11
21 5 13 27 9 10
15 7 4 19 20 6
2 10 20 4 2 7
15 11 22 23 10 2
27 4 11 6 17 1
23 13 6 22 22 17
3 11 13 24 7 24
23 17 17 21 7 24
9 10 8 2 14 27
8 12 15 22 13 13
26 6 11 23 2 24
27 12 12 8 7 4
12 15 25 27 16 11
20 12 26 21 26 8
16 13 17 13 22 2
22 24 24 21 20 20
13 3 8 16 24 8
9 22 14 9 23 11
25 19 11 4 8 4
5 17 5 26 10 8
19 7 4 11 6 16
20 4 5 24 9 26
9 26 7 5 2 3
22 19 25 7 24 25
23 7 8 9 3 1
22 9 11 4 5 21
20 15 14 7 16 12
5 26 5 23 18 17
22 27 7 20 13 11
4 26 26 9 12 26
11 23 26 1 27 14
10 9 27 3 21 21
12 5 13 2 23 8
27 16 3 17 7 10
5 2 1 6 18 11
27 11 24 13 16 15
10 9 11 13 21 21
4 24 24 5 20 2
12 20 8 10 15 8
1 26 14 12 18 2
10 3 2 11 27 17
16 25 24 13 17 24
10 3 1 3 10 24
27 2 22 20 7 14
17 22 12 21 17 24
13 23 18 16 27 8
22 14 5 18 3 12
14 27 15 24 19 25
20 9 27 4 3 24
5 11 3 13 22 20
11 25 10 3 21 3
27 17 14 27 20 26
2 15 17 13 7 12
18 18 8 25 2 15
25 20 26 12 11 15
10 14 5 18 3 13
23 11 1 16 9 12
21 25 2 16 27 19
24 25 21 3 21 25
10 14 5 13 2 17
21 26 14 2 8 16
4 15 12 5 12 5
24 19 14 2 12 21
6 25 17 22 7 19
5 24 25 9 18 4
9 1 23 20 25 15
1 18 2 19 7 26
12 5 8 12 5 2
27 9 3 13 18 24
13 20 7 3 10 2
21 7 11 14 11 23
5 11 1 11 13 26
17 22 12 2 14 14
1 1 3 8 10 7
25 9 23 27 4 25
10 20 10 4 24 17
25 16 23 3 6 3
23 19 19 16 2 22
24 13 7 10 12 19
7 1 4 20 22 24
15 13 10 10 14 11
13 13 17 27 8 5
8 19 12 19 18 7
16 18 2 12 19 3
15 20 26 16 16 27
11 25 14 19 23 20
2 3 25 1 9 1
9 3 19 4 8 8
20 7 1 25 12 12
14 12 23 20 7 25
15 17 25 19 4 13
26 12 19 3 5 17
10 10 12 17 7 4
20 21 7 1 24 13
10 14 16 25 4 9
9 16 23 8 6 25
24 6 26 16 2 23
13 3 12 7 15 20
2 11 7 14 3 20
22 3 18 1 25 15
11 15 8 2 23 5
18 16 15 21 27 4
14 19 10 4 27 3
5 12 18 17 23 25
24 20 6 12 18 23
8 26 1 11 8 5
7 24 5 24 22 8
1 22 6 2 8 17
4 13 12 20 7 14
13 5 5 25 24 12
18 25 26 18 2 7
27 2 13 20 25 23
27 22 11 3 5 9
6 19 19 18 13 19
23 26 23 2 5 10
9 20 8 2 3 3
14 5 25 12 3 6
8 10 11 10 27 23
15 1 11 5 16 27
24 7 17 9 19 23
26 16 8 12 12 5
8 26 9 24 17 26
19 27 6 22 10 18
7 7 15 17 13 27
24 20 10 6 27 13
3 6 27 6 27 8
12 1 10 1 26 17
7 8 23 1 9 14
13 6 5 12 6 15
13 25 22 24 19 23
15 12 10 6 19 25
16 9 10 12 19 5
19 3 22 13 13 6
4 27 10 18 9 7
21 9 17 12 27 26
1 7 9 15 6 6
16 10 7 26 7 14
25 12 10 26 5 27
27 10 9 1 18 2
19 24 24 17 21 16
14 9 24 15 15 20
5 19 13 6 3 22
15 25 11 20 14 26
6 17 19 17 5 17
25 15 27 27 1 3
24 26 6 11 7 14
24 17 8 7 6 15
2 18 16 2 19 16