27
1186
2119
2934
3251
533
2657
1415
1714
1308
1285
1959
3107
2424
601
3026
1940
816
1862
2786
1210
1514
3031
1543
1075
3021
1134
966
339
6
4 13 8 8 2 15
12 14 17 11 25 16
10 1 19 19 26 11
23 6 3 27 19 13
2 2 22 26 1 14
4 8 25 9 4 19
20 16 6 19 16 14
20 21 27 23 9 14
24 9 2 24 21 6
21 5 8 6 7 17
20 11 13 4 27 5
2 26 12 9 12 11
18 15 21 2 22 6
10 3 6 9 6 4
6 24 21 6 13 7
14 25 11 3 12 9
17 12 24 11 1 4
2 24 27 14 24 18
2 1 14 4 13 15
24 3 27 10 5 9
19 26 13 4 22 6
8 19 19 6 4 2
2 13 6 25 6 10
15 16 18 18 23 12
2 8 16 23 20 17
9 16 17 22 7 25
1 4 16 21 4 9
27 9 10 20 5 1
2 24 23 2 13 26
9 12 26 18 23 22
15 19 20 27 12 24
8 1 11 25 20 19
11 25 10 5 6 23
8 6 19 19 14 8
4 17 13 17 9 23
19 7 1 5 20 10
4 9 14 24 6 2
12 23 27 23 5 11
1 21 1 11 10 26
3 19 4 16 1 1
25 19 4 9 25 19
24 12 4 10 16 15
3 6 6 8 1 22
2 13 24 13 10 14
23 6 26 4 21 14
13 2 6 12 12 25
25 5 18 4 10 24
12 18 26 25 7 16
25 13 27 27 10 4
12 7 25 27 17 8
20 5 19 5 5 19
22 20 9 9 16 27
13 15 10 19 13 24
6 12 5 12 26 2
8 27 7 3 3 3
11 13 26 7 1 10
4 5 3 2 1 1
12 27 27 19 12 25
9 19 23 8 13 1
20 14 12 23 27 7
4 21 3 25 16 14
20 8 16 8 18 5
16 9 8 6 1 5
21 12 17 18 12 10
1 24 25 13 9 5
14 26 13 14 7 5
7 1 6 15 6 3
18 11 9 16 4 14
3 26 4 10 21 9
20 22 4 18 4 6
14 13 26 6 18 25
10 26 17 9 8 17
16 21 15 10 5 4
20 9 18 23 19 22
16 5 12 12 18 14
12 24 10 27 4 2
4 19 10 19 17 11
17 14 20 4 23 15
18 20 3 1 26 11
20 6 1 1 18 7
22 24 20 5 18 7
13 26 25 12 3 4
25 18 6 1 15 7
9 9 8 2 17 11
15 14 18 22 25 26
10 17 13 25 1 18
20 1 23 7 17 1
4 25 19 17 12 24
27 11 18 26 2 2
14 1 12 23 22 16
22 18 24 11 4 25
11 3 23 9 14 6
7 22 22 5 19 21
19 6 27 2 14 17
7 9 14 17 27 1
21 15 17 9 15 26
1 2 17 8 24 16
15 17 20 12 13 1
9 6 16 1 13 5
13 5 14 16 3 8
17 12 2 13 14 21
2 16 17 25 6 13
17 22 23 5 22 9
26 14 13 16 11 26
8 19 20 8 18 8
17 19 21 4 15 14
7 19 14 10 2 18
13 6 25 7 7 10
13 26 27 17 26 2
9 21 14 2 17 24
17 22 17 3 16 23
24 18 26 27 23 12
1 19 21 4 3 7
9 19 23 27 17 8
9 27 7 21 25 26
7 4 4 2 1 10
20 13 4 21 22 18
15 9 24 23 16 22
27 23 18 19 14 1
7 17 16 8 8 24
8 16 17 17 4 1
1 8 22 10 14 13
27 7 5 6 9 16
9 23 25 18 9 4
20 21 20 13 13 2
7 16 12 27 2 18
20 21 2 21 27 19
2 6 11 8 3 9
18 23 19 24 5 23
3 11 27 12 5 7
24 23 17 18 14 12
1 21 10 27 11 1
13 25 5 17 26 25
4 1 5 8 22 25
27 7 21 2 21 13
12 4 26 2 24 26
24 22 22 5 19 16
18 19 19 27 20 3
24 21 26 23 1 1
2 26 27 13 11 3
2 22 20 7 18 19
16 11 24 4 19 11
9 17 1 13 9 5
26 12 2 20 18 13
2 3 27 13 26 26
26 15 27 19 3 3
25 6 17 12 15 14
10 18 11 13 5 4
5 4 25 10 23 14
18 19 16 17 3 6
17 18 21 12 3 10
9 13 25 24 1 14
15 6 15 19 5 11
14 23 17 19 1 25
6 6 20 17 13 13
1 22 9 18 11 21
3 22 9 26 6 3
10 5 3 20 4 26
12 15 5 9 8 14
9 22 16 2 25 24
25 8 1 17 12 19
21 25 3 26 26 25
10 8 18 22 10 12
25 3 21 11 16 25
4 1 5 22 14 27
16 13 26 24 3 23
17 23 5 6 23 27
25 22 22 26 2 14
4 11 9 25 25 23
2 9 5 16 1 7
15 6 13 6 7 22
11 7 19 3 2 5
4 13 7 26 27 5
13 9 27 4 16 24
16 11 8 14 6 21
13 15 6 21 11 7
12 17 7 21 1 16
27 23 25 26 2 11
4 25 6 7 5 1
11 18 13 14 18 6
12 14 4 25 7 11
20 16 5 19 1 27
12 14 11 27 20 24
25 4 24 23 18 9
2 10 24 16 22 6
19 13 15 18 27 1
1 25 1 27 3 23
10 25 12 15 9 2
10 27 18 27 22 7
8 24 17 25 20 27
23 16 3 6 24 7
9 18 20 27 26 12
5 6 24 26 23 2
16 10 15 18 11 18
12 20 10 6 4 2
22 8 13 17 21 19
3 12 18 3 13 23
21 7 15 10 14 13
10 17 16 9 9 5
4 23 5 26 21 12
12 25 4 18 21 13
8 23 22 15 19 6
25 8 10 22 16 22
14 12 9 13 4 22
10 20 10 15 27 11
13 4 15 15 5 4
6 1 18 4 12 25
9 20 24 24 22 16
21 9 23 22 20 14
16 25 13 10 1 13
12 8 10 23 10 26
8 19 18 22 8 25
8 22 9 25 21 12
8 15 19 19 8 23
21 12 17 6 24 18
3 26 23 15 6 15
4 14 6 7 27 6
17 16 4 7 23 2
26 17 20 19 2 22
20 2 9 20 7 4
27 20 8 12 5 22
7 12 1 5 22 13
25 10 25 27 22 26
24 12 26 23 11 21
9 22 18 23 13 26
26 23 13 1 4 8
22 18 6 18 21 11
2 18 5 15 27 6
2 7 20 1 20 25
19 20 17 21 14 13
23 8 21 16 6 6
26 9 6 11 13 24
8 16 17 19 12 2
5 11 12 20 9 8
18 6 27 11 26 14
16 7 14 23 4 5
9 8 24 15 1 5
21 21 5 1 10 10
3 4 21 16 7 6
16 9 15 1 26 23
17 11 23 6 8 6
6 26 24 6 17 7
7 21 23 9 14 2
20 7 6 13 13 27
2 23 6 7 3 7
14 11 12 25 2 23
19 4 19 1 5 15
12 16 12 13 23 1
12 19 8 3 4 1
11 26 25 25 19 12
3 17 21 13 13 8
9 27 3 10 8 25
8 26 3 16 14 2
15 27 9 22 3 12
22 11 17 17 24 3
6 25 1 25 15 2
7 8 27 23 3 7
25 23 11 16 9 15
5 19 18 5 21 1
8 27 24 7 25 11
9 9 3 15 16 2
18 11 4 3 12 23
18 10 7 25 1 12
12 14 16 14 25 14
24 10 14 13 4 26
14 4 4 25 4 3
20 13 21 27 16 21
26 16 27 27 10 11
21 26 24 9 1 17
24 25 16 2 4 19
22 17 24 3 3 17
22 7 17 9 12 8
2 25 22 3 11 19
15 6 6 17 27 21
6 12 23 13 11 11
6 24 9 6 17 3
7 1 8 9 20 3
23 6 15 20 1 26
9 17 3 3 10 2
1 2 26 17 23 8
20 2 3 20 4 3
10 2 23 10 6 3
11 17 3 9 19 6
21 20 25 3 19 25
24 9 8 13 18 18
8 15 17 19 11 16
6 2 23 20 24 15
8 7 5 24 3 14
24 7 6 6 24 8
4 4 9 13 19 2
5 6 15 14 14 13
3 5 1 27 7 2
7 6 27 3 3 23
23 27 15 10 18 18
22 23 7 14 5 24
25 24 17 27 2 23
27 11 6 8 5 8
4 6 7 10 8 25
27 25 1 8 27 8
3 20 2 22 4 3
1 1 11 14 20 23
11 3 27 22 10 6
7 9 23 6 19 3
20 19 26 14 11 25
20 9 24 3 18 12
27 19 26 14 1 3
11 6 4 13 10 20
8 25 27 6 16 4
25 3 21 2 5 17
10 27 15 8 3 11
21 27 15 11 26 22
14 13 10 3 8 21
8 10 19 18 3 23
2 3 20 24 12 2
8 9 10 21 26 12
14 26 6 9 23 26
3 15 9 5 7 26
22 3 14 9 12 10
22 1 11 23 23 24
27 11 11 18 27 3
4 20 8 12 24 23
17 23 22 8 4 8
11 25 2 21 14 7
17 17 27 19 7 22
25 1 15 7 16 1
2 3 8 19 18 18
19 19 2 16 4 10
12 11 19 9 5 25
27 17 4 6 10 2
7 19 18 19 20 18
7 10 8 4 12 26
6 10 23 8 20 11
10 1 21 24 21 19
9 14 23 12 6 23
16 19 8 26 15 3
25 14 22 7 15 20
12 19 23 5 26 14
5 12 11 6 19 7
23 10 7 26 27 10