27
1294
2925
3459
1804
608
2775
3445
2806
640
1142
581
999
602
3461
1642
671
2424
2656
1639
1345
1584
2517
2632
940
662
1389
1675
304
6
20 16 16 8 23 11
14 1 11 12 6 6
5 5 17 7 21 26
6 2 11 13 18 6
1 18 15 17 3 3
22 16 24 21 16 25
24 10 13 24 11 26
22 13 26 21 12 25
12 26 2 11 2 20
24 25 4 20 13 1
25 10 19 2 23 11
26 3 25 12 20 21
27 22 8 7 6 18
15 10 14 12 26 9
18 16 2 3 21 18
11 8 6 7 11 14
26 26 2 10 13 8
15 9 5 27 14 2
13 23 20 18 14 10
2 21 20 10 3 23
2 15 7 23 22 8
2 26 27 27 15 14
1 25 23 25 26 26
13 6 15 7 10 9
1 2 7 14 3 19
25 12 20 7 3 24
18 12 17 19 22 25
21 24 16 27 14 27
1 11 11 11 11 7
5 7 13 23 2 1
4 9 13 2 26 11
24 21 19 1 25 25
4 23 9 18 11 19
1 13 5 8 5 15
20 9 9 12 22 1
8 12 23 22 9 16
1 8 27 25 15 20
16 16 22 11 23 25
26 11 19 3 16 10
3 12 8 13 8 23
1 9 15 19 7 25
5 5 3 23 21 20
11 4 25 20 9 24
17 23 5 21 4 23
3 22 25 12 4 21
15 13 9 6 27 24
18 1 3 15 27 5
16 23 20 24 16 13
11 16 5 6 18 9
20 13 20 26 12 21
12 22 16 8 4 10
1 22 26 16 17 25
6 21 7 9 23 17
14 24 6 15 12 26
2 8 21 2 5 27
10 7 19 25 19 4
24 13 3 10 23 10
12 7 10 14 19 19
2 3 23 27 21 19
19 12 11 18 14 2
1 7 8 10 12 2
6 21 4 26 25 3
22 18 9 19 27 4
10 4 8 14 24 2
5 21 25 3 15 14
2 9 13 5 17 17
22 4 19 14 1 22
7 20 16 24 15 11
4 8 8 17 22 9
4 6 7 21 27 24
25 21 13 15 10 1
24 22 4 19 1 4
24 10 6 24 19 23
3 26 14 4 7 3
19 10 2 24 8 2
1 1 3 12 12 15
22 14 16 25 21 5
10 9 22 23 13 12
6 27 20 3 26 5
6 12 23 19 24 26
2 17 6 19 4 9
10 14 1 13 27 23
4 8 12 16 21 9
25 14 13 15 13 17
5 8 18 1 25 5
10 2 10 22 23 15
7 10 13 23 19 7
5 23 5 2 7 12
1 20 9 9 23 5
2 15 22 19 3 19
24 3 10 8 20 11
7 27 15 20 1 16
6 23 10 3 18 17
16 5 10 20 16 12
12 19 9 17 23 3
1 17 25 10 22 8
26 13 7 8 1 20
21 4 9 10 21 26
2 9 14 25 10 17
5 4 23 3 27 16
14 13 4 27 21 4
14 12 5 12 12 8
23 23 16 3 10 1
13 27 3 13 11 22
4 1 21 17 4 20
11 8 17 13 2 4
3 13 15 16 15 21
26 6 5 21 4 20
24 8 1 10 16 22
6 22 10 21 27 13
3 3 7 17 25 2
6 3 4 14 16 17
17 15 12 7 4 26
21 24 22 23 10 18
8 1 7 1 23 20
12 27 15 27 8 2
25 7 6 26 24 9
27 24 10 19 1 12
22 10 13 19 23 24
1 9 8 23 2 1
21 26 23 10 26 26
23 10 15 22 2 10
27 10 12 1 9 26
10 12 27 7 11 10
23 7 17 15 15 26
21 24 21 23 2 12
6 15 22 2 2 21
24 2 10 4 12 9
16 17 15 17 19 7
3 1 2 4 3 25
25 10 7 21 18 3
25 3 10 13 5 6
18 2 22 19 12 6
23 21 19 1 11 25
3 4 2 14 10 14
22 15 5 10 14 21
17 15 11 14 2 17
18 20 9 4 24 19
3 19 1 13 6 26
10 1 18 9 15 16
2 1 14 27 21 3
13 14 22 3 22 27
25 12 12 27 24 10
4 27 21 24 7 8
17 17 21 24 24 24
10 27 14 16 8 1
2 19 4 9 1 1
18 8 21 14 22 13
17 7 15 27 15 26
21 17 16 18 11 6
13 24 8 21 14 12
25 21 4 6 6 1
9 3 14 10 1 25
16 19 4 5 12 13
11 5 15 16 18 5
24 24 1 4 10 24
11 12 17 3 2 16
16 8 23 10 23 26
4 7 17 21 24 14
2 15 22 7 18 4
18 10 22 2 6 22
14 13 13 25 9 22
26 16 21 20 18 11
17 9 19 21 17 7
6 19 25 11 2 13
3 7 16 9 10 7
21 11 8 11 24 4
26 6 24 2 16 27
18 8 15 20 2 12
7 6 22 14 5 23
15 24 14 9 18 6
16 1 24 19 14 15
16 6 22 14 1 7
7 18 9 11 25 5
21 18 8 12 9 14
2 1 13 20 18 9
13 24 21 4 22 2
14 3 4 26 20 9
6 3 23 26 16 8
12 27 13 22 17 26
18 8 4 6 10 7
19 7 22 2 15 19
25 15 6 7 14 7
20 19 12 23 5 14
17 13 6 27 7 17
22 23 12 9 20 1
2 3 25 24 5 5
17 9 16 4 27 23
22 16 15 23 9 12
15 24 20 25 7 1
20 12 17 1 19 13
27 7 27 6 10 21
11 18 27 25 15 27
15 10 22 15 11 26
27 18 7 14 19 1
20 9 26 4 3 10
23 17 7 18 24 19
12 5 11 9 22 14
12 25 18 23 3 22
24 20 21 4 24 15
18 7 18 13 12 10
16 15 25 26 27 25
17 15 18 12 5 25
8 10 23 9 21 10
23 22 15 5 27 21
27 5 12 24 5 4
4 3 6 9 21 17
18 5 1 12 8 20
15 25 9 2 8 23
1 5 13 14 17 5
19 7 27 10 23 24
9 6 7 9 1 15
9 12 12 19 13 25
2 19 9 16 6 14
27 12 20 19 23 2
10 1 22 20 24 24
1 15 14 21 27 21
25 5 21 16 26 22
22 1 12 4 23 25
13 10 6 22 15 14
17 22 25 5 27 9
18 3 11 13 4 26
6 8 2 13 5 19
13 7 15 7 19 20
21 7 27 11 25 21
23 2 7 13 5 14
17 9 1 20 21 16
11 2 4 24 6 3
4 12 27 13 14 24
16 22 10 19 5 9
17 7 27 25 18 10
6 12 25 21 3 25
8 6 10 15 4 10
3 23 2 11 22 12
26 3 14 9 26 8
12 9 23 1 3 27
3 8 12 3 6 20
24 24 2 25 16 6
27 13 6 16 19 16
6 21 25 22 1 26
7 6 4 23 2 7
23 21 6 12 2 24
2 25 22 14 13 2
15 22 8 5 6 20
24 16 3 17 4 3
9 2 24 23 19 18
14 25 25 11 16 17
17 27 16 25 23 7
14 9 7 7 24 3
14 9 19 1 17 8
5 8 19 5 7 21
4 19 14 3 4 25
1 2 18 1 26 10
5 7 14 5 25 23
26 25 7 4 24 23
1 3 8 22 27 12
23 2 26 14 10 11
12 19 22 21 13 26
3 20 13 9 26 12
23 21 19 4 2 8
5 1 2 18 26 17
17 6 26 23 8 20
15 25 21 21 26 12
9 16 19 27 24 7
18 13 5 18 16 10
13 24 25 22 6 21
24 24 9 5 20 1
13 19 14 4 4 13
17 18 26 5 24 11
27 2 18 9 15 23
27 2 26 27 4 6
21 15 19 1 11 17
23 11 14 23 24 3
8 27 16 24 27 3
22 25 3 4 1 22
15 4 26 26 27 18
13 6 13 9 9 2
23 12 9 8 9 19
18 18 6 7 4 7
17 19 23 6 18 18
12 12 22 1 20 19
17 16 2 26 21 20
13 11 7 5 18 5
24 15 22 17 19 15
24 6 27 8 27 13
19 24 18 19 20 5
21 27 15 10 22 4
14 4 15 2 27 19
19 23 11 14 25 26
21 16 26 16 26 24
14 20 9 5 25 5
3 14 3 8 3 11
2 9 7 9 13 4
18 12 12 15 20 2
1 2 10 2 7 25
24 25 12 26 20 12
24 22 8 25 18 6
20 21 18 16 26 20
25 2 6 15 19 7
25 11 27 24 5 27
17 16 9 3 8 12
21 7 4 27 25 12
10 9 16 4 12 1
24 7 5 26 19 18