27
1373
3384
2146
1526
1900
2999
1065
2690
2603
1077
3140
2111
631
1239
754
966
552
526
1382
3407
892
2763
1060
2400
1596
2086
604
346
6
26 18 3 20 16 6
10 20 11 7 10 13
7 5 21 9 11 21
6 25 26 16 27 26
13 14 5 18 11 26
20 6 10 17 12 9
20 17 9 11 13 6
23 8 21 24 11 3
12 21 20 4 17 4
3 25 10 12 14 16
13 2 17 26 4 26
19 6 25 27 5 21
23 26 4 17 16 19
16 26 21 10 17 22
1 26 20 17 7 24
27 5 3 12 16 26
10 18 14 5 6 21
2 22 1 20 22 7
3 12 19 2 20 1
5 25 1 4 1 10
26 26 2 27 27 16
22 18 5 15 8 25
15 9 12 2 26 24
23 4 8 14 23 3
11 12 13 24 19 22
4 4 11 12 1 17
20 2 1 20 3 7
2 19 10 10 20 14
1 23 5 21 2 18
17 24 7 4 4 15
7 2 9 5 17 11
10 25 1 25 8 23
10 19 24 21 9 4
1 3 7 15 20 15
18 24 4 10 27 6
18 12 7 13 26 7
27 9 17 1 1 4
9 10 26 7 25 3
16 9 18 22 20 10
10 20 24 25 13 18
24 25 23 6 20 22
15 24 2 20 4 9
21 13 15 12 4 22
3 7 22 5 17 3
16 25 23 9 23 23
18 2 23 11 9 16
15 14 16 23 16 6
7 26 7 21 16 27
16 10 25 10 22 13
22 3 15 27 3 13
9 18 27 4 20 1
7 22 26 5 2 12
10 13 20 12 14 11
26 12 23 10 13 23
16 21 16 14 16 24
4 3 22 27 5 20
1 14 12 26 21 15
10 27 9 22 24 20
3 12 2 17 4 11
19 19 22 15 10 25
27 11 5 5 10 26
1 20 21 24 17 3
20 4 23 6 24 8
26 6 25 16 14 10
21 22 6 6 4 1
24 13 24 9 9 26
23 17 26 1 4 3
21 16 25 19 7 25
6 7 24 20 12 16
8 22 21 6 24 14
16 22 21 18 22 2
1 8 5 11 14 19
19 26 23 10 11 16
23 13 8 2 13 3
27 4 16 19 14 17
27 4 15 12 13 9
23 14 3 9 8 12
15 3 14 9 11 26
6 4 17 9 23 14
11 20 7 21 10 16
8 25 14 7 1 24
20 10 24 18 13 18
12 5 21 3 20 22
12 23 21 23 8 22
10 15 22 17 17 10
7 21 2 3 5 18
20 20 25 25 23 12
15 12 2 26 13 23
19 8 2 5 8 9
18 2 8 25 21 24
18 12 25 20 1 3
10 18 10 12 6 18
3 25 8 21 19 1
16 14 1 11 17 13
7 10 10 12 1 13
3 18 17 2 4 2
1 3 13 11 16 6
18 3 8 26 23 14
4 5 19 15 27 10
16 21 7 5 18 1
4 17 23 8 1 26
24 17 20 26 14 24
13 3 5 24 5 9
23 19 17 12 24 1
1 24 7 18 9 3
14 10 8 20 22 25
8 13 23 18 26 21
8 13 27 9 23 20
27 6 9 1 6 1
5 5 2 20 7 24
11 6 10 27 17 22
17 17 24 26 9 5
4 15 15 3 16 27
7 20 5 10 15 27
22 21 12 24 17 21
13 27 16 9 13 12
1 3 13 16 27 14
23 12 5 7 12 9
4 11 24 23 11 20
8 5 7 12 9 18
27 17 4 19 5 14
26 5 7 18 21 13
6 24 12 2 12 20
10 14 20 17 17 26
12 27 14 14 13 21
10 24 27 1 12 27
24 3 8 23 14 15
13 19 19 6 4 24
11 11 19 19 27 17
1 1 16 7 11 6
8 10 1 14 19 23
7 26 1 11 24 27
19 7 22 21 12 25
27 17 22 25 18 26
21 8 10 22 8 20
22 20 6 7 1 16
26 3 18 17 5 7
1 9 18 1 16 19
23 18 13 11 3 1
20 19 2 10 18 7
12 23 25 13 5 5
16 3 5 24 13 9
18 3 14 9 17 9
26 27 12 23 21 10
24 8 4 19 25 2
14 16 27 19 24 19
10 20 11 25 7 21
23 2 7 6 4 15
4 20 21 2 6 5
24 27 13 20 2 21
27 16 23 8 19 24
24 21 19 25 4 2
9 18 24 2 15 17
22 26 20 16 23 18
8 19 16 24 11 17
15 12 3 20 1 18
24 25 3 11 26 14
15 2 9 27 21 24
14 20 4 5 1 5
13 14 7 20 2 17
17 16 2 23 5 17
12 24 9 17 2 12
12 23 9 22 14 13
6 9 10 25 24 14
5 1 22 17 26 17
14 4 12 23 20 23
27 5 14 17 20 19
10 10 27 17 24 13
4 20 15 6 2 20
21 12 24 17 8 20
16 16 26 19 15 12
2 6 5 7 13 6
13 24 8 8 27 27
8 22 14 25 22 25
16 26 18 24 20 21
17 19 2 21 8 5
23 3 8 18 1 27
4 6 6 17 23 10
12 26 12 8 4 7
11 7 22 21 10 2
6 4 11 12 24 18
23 9 27 14 19 25
4 26 10 26 24 23
13 23 25 26 2 22
15 23 4 25 1 15
14 23 1 23 4 6
11 24 7 12 19 23
3 12 14 27 17 16
15 11 8 12 19 11
24 25 14 23 22 24
25 20 11 18 20 7
10 10 6 1 4 23
16 8 2 18 17 18
26 6 11 12 27 1
26 19 15 5 22 2
5 25 1 21 13 8
8 19 16 2 13 3
1 13 2 9 22 16
21 2 27 4 6 16
27 13 9 15 23 6
11 24 11 21 6 11
11 17 23 22 22 8
17 26 20 15 11 21
14 15 4 14 27 17
25 22 24 17 26 26
8 2 7 2 7 14
9 4 22 10 3 25
12 27 17 13 19 15
5 10 27 21 22 27
3 13 4 27 17 11
5 1 21 24 16 3
23 2 22 7 6 17
13 26 13 12 2 7
19 22 10 4 5 20
25 7 11 11 26 7
16 21 18 4 12 10
9 6 20 26 5 4
25 4 23 12 23 22
10 23 9 10 13 25
2 27 6 8 19 17
13 26 6 22 4 1
14 21 12 18 27 9
7 11 1 27 24 10
25 12 10 12 7 5
2 11 22 26 23 25
12 15 22 10 24 8
5 26 18 6 3 25
27 18 8 22 3 20
19 27 7 7 12 18
9 22 4 16 26 11
12 22 7 4 1 14
9 9 10 10 13 4
26 16 26 10 16 16
18 8 19 18 13 3
13 17 19 10 21 6
4 18 14 20 19 25
10 10 1 15 12 7
18 24 22 12 15 25
16 3 13 23 26 15
27 7 12 17 2 26
14 17 24 27 12 10
16 8 26 13 3 9
6 21 10 19 3 25
24 3 18 16 9 21
8 14 3 8 15 4
26 9 6 17 11 7
9 27 17 15 21 11
16 23 26 10 17 12
23 26 9 20 7 17
20 10 13 27 19 23
4 8 25 18 15 13
11 16 27 24 26 4
7 27 15 27 25 12
7 6 2 19 17 11
15 23 8 24 24 11
25 9 22 9 20 12
11 5 6 11 9 24
20 19 19 10 10 20
18 9 19 22 10 22
27 26 6 16 13 26
4 6 5 3 10 16
6 12 1 12 9 19
9 7 9 8 6 5
20 5 14 5 24 13
7 19 20 27 23 4
17 21 25 20 4 13
24 1 17 19 11 14
2 10 1 25 2 27
17 12 21 4 16 22
6 23 24 15 18 11
17 5 3 20 15 12
18 18 27 19 11 14
8 21 20 9 3 26
22 14 17 6 20 14
12 20 4 14 26 24
13 3 14 18 4 17
21 21 21 3 26 3
18 17 6 4 22 5
12 12 6 20 4 7
3 12 22 12 19 27
2 24 17 20 13 5
20 16 13 19 21 11
5 24 2 7 27 1
19 14 1 19 5 14
18 27 8 1 19 25
6 4 15 10 22 5
13 10 4 2 23 3
12 4 21 7 10 22
8 17 8 26 6 26
6 20 21 18 10 4
6 13 7 26 22 20
11 2 27 10 14 18
24 24 11 25 27 23
4 24 6 9 13 19
23 21 26 26 19 9
4 5 3 20 11 1
18 11 10 5 27 21
23 8 23 16 19 14
26 26 13 8 15 24
27 21 27 19 10 13
7 18 15 14 11 27
23 3 5 12 3 12
7 2 21 18 22 23
21 13 24 20 8 1
1 8 3 11 25 16
6 12 20 10 7 18
24 16 26 4 14 26
17 3 10 22 26 25
23 6 21 13 25 19
17 7 13 18 3 10
19 9 17 27 22 20
7 16 22 19 6 15
10 21 5 23 13 10
1 15 19 23 26 12
18 6 10 14 22 4
21 9 27 4 22 26
21 3 6 10 11 26
5 26 16 20 8 9
4 14 1 20 5 13
7 15 6 14 15 23
20 22 14 16 26 9
8 4 8 2 1 16
6 13 24 18 23 16
22 27 18 27 10 11
20 16 11 24 18 19
12 24 4 19 17 16
2 2 19 2 19 10
7 17 22 15 2 21
7 3 26 24 17 12
8 15 13 6 24 18
21 27 26 17 22 13
1 9 20 12 7 15
19 8 26 13 20 2
14 25 10 23 25 8
12 8 8 5 21 6
5 9 5 18 14 8
10 5 12 8 25 19
18 9 7 5 22 7
9 13 11 18 9 4
22 16 4 16 3 17
26 19 16 12 27 14
3 12 5 23 1 24
25 26 7 21 15 6
9 1 10 20 27 10
26 15 22 8 17 4
23 4 10 7 21 6