27
1759
991
1275
3377
2904
431
1565
2890
3447
514
1733
2398
3300
1034
3156
1536
1860
1666
2131
2787
2412
1513
846
480
1812
1480
3112
310
6
21 7 4 2 21 4
2 11 14 18 21 1
6 13 26 24 3 18
13 18 23 8 5 6
14 19 11 1 25 13
11 12 15 12 23 13
8 11 20 20 21 8
10 19 16 18 21 15
18 19 15 12 9 18
26 1 12 9 26 19
17 2 13 9 19 26
20 23 16 13 18 2
4 17 4 25 11 7
15 20 11 25 4 26
3 9 4 26 15 15
19 8 20 4 22 5
18 25 24 22 22 11
21 7 4 26 6 15
15 17 11 8 6 26
12 25 3 11 6 22
19 15 27 26 13 10
17 8 9 27 13 2
21 1 3 24 22 3
11 15 27 3 21 5
20 24 8 2 20 24
14 26 22 6 4 8
6 24 27 23 4 14
11 15 20 1 17 1
12 15 4 9 3 18
16 16 13 12 6 19
18 15 18 12 4 23
5 12 23 1 5 8
25 22 5 12 22 23
24 14 5 17 26 14
16 5 19 19 2 13
21 24 24 5 20 21
17 2 8 23 24 15
11 3 22 3 14 10
4 23 24 15 2 5
5 26 24 5 6 16
17 7 7 18 19 12
13 6 10 11 26 11
1 13 12 12 23 19
14 17 13 24 19 3
7 6 21 13 3 22
24 19 19 26 3 21
23 26 22 21 13 25
24 14 21 27 16 26
26 19 3 7 22 13
27 6 18 23 5 10
8 18 23 24 11 20
1 13 21 26 11 26
26 8 11 14 5 11
25 27 21 13 10 12
17 21 27 6 25 1
16 10 2 8 1 11
13 17 12 24 6 7
5 18 12 14 9 10
24 12 7 14 23 23
7 25 4 12 21 26
17 8 4 24 24 10
2 7 4 26 15 22
24 15 19 5 27 15
23 2 13 13 7 24
21 21 13 9 3 20
16 21 13 17 12 15
4 6 1 6 11 13
10 16 4 11 7 8
15 22 21 21 27 5
11 21 13 2 16 14
5 1 1 1 27 8
25 20 19 18 7 9
16 11 27 18 17 21
14 1 12 6 14 13
4 1 22 2 25 23
8 23 19 13 2 19
27 18 7 20 2 20
24 27 15 2 5 26
11 7 15 11 9 21
15 4 23 14 11 14
8 20 9 4 11 26
26 24 26 2 15 12
25 22 20 24 13 3
22 12 13 6 10 13
5 21 26 24 19 23
4 11 3 4 13 26
9 15 3 3 18 1
6 26 3 6 11 2
25 27 5 19 7 17
21 14 1 4 11 5
10 2 25 26 14 27
20 10 13 4 4 3
20 6 5 25 23 11
2 22 20 14 20 20
15 15 17 22 6 18
26 3 11 3 2 20
3 20 8 22 16 4
11 21 8 16 1 24
9 18 18 4 5 24
16 21 20 13 27 26
26 14 5 23 23 17
9 14 25 15 25 13
2 24 5 14 14 6
9 24 5 20 25 21
8 16 13 26 10 25
1 13 3 1 24 12
23 21 18 4 4 20
5 25 25 9 4 19
11 8 9 5 16 19
18 20 27 12 16 17
21 2 10 9 7 11
17 24 1 23 3 1
8 21 23 2 13 19
19 3 19 8 17 3
13 16 22 4 18 3
18 12 10 1 20 14
11 21 6 3 23 25
10 6 18 15 23 13
2 7 2 14 19 26
7 5 20 2 6 5
24 27 27 25 16 11
10 18 14 1 26 6
18 3 4 10 10 1
8 24 24 5 17 16
16 16 22 13 18 1
27 7 8 25 19 7
12 13 14 24 4 24
5 1 7 10 26 17
3 21 15 6 23 6
24 22 6 5 22 14
4 26 14 18 12 23
19 12 1 18 4 18
24 3 6 22 20 10
13 18 3 26 23 8
15 2 3 6 10 12
9 13 20 26 16 9
16 5 7 22 21 17
26 3 25 1 2 12
2 13 3 2 4 23
19 13 2 6 4 21
1 25 3 6 21 5
23 2 18 9 12 3
25 23 20 9 10 15
3 16 24 23 22 9
3 19 26 22 15 1
27 15 21 16 24 22
4 6 24 27 26 10
5 10 24 23 15 14
12 12 20 5 25 12
12 7 13 15 20 26
18 8 6 2 25 19
10 9 25 21 1 2
8 6 18 7 15 22
21 7 14 4 4 25
16 12 23 2 21 22
4 21 3 4 9 14
20 2 25 19 23 13
3 23 4 17 6 2
1 5 10 23 20 13
1 9 7 4 24 7
27 19 4 15 20 8
14 26 13 18 27 24
4 14 5 22 12 9
21 3 2 19 21 23
25 15 10 13 25 9
24 11 23 17 17 4
10 19 24 15 3 3
3 12 21 25 11 2
20 14 2 23 4 17
20 19 11 26 26 25
10 22 25 10 16 14
20 4 24 27 12 7
24 27 22 22 1 7
18 27 16 20 20 4
25 17 10 5 3 10
7 14 5 11 18 27
20 7 6 19 12 5
16 22 17 26 10 2
6 11 6 19 27 13
3 24 20 22 14 3
14 6 22 25 13 1
18 25 12 14 16 27
18 4 23 12 8 12
5 22 9 10 12 9
18 8 5 25 15 27
4 2 16 27 4 23
7 11 27 7 16 3
3 15 19 24 6 7
7 7 2 7 2 11
18 27 2 14 8 11
6 6 4 11 4 1
19 27 23 12 4 21
19 23 20 26 14 19
3 16 26 23 23 22
20 17 1 13 13 19
9 18 2 16 18 2
23 26 17 3 15 6
18 22 14 16 27 26
15 14 24 23 9 14
18 7 5 27 1 10
14 24 8 5 6 1
2 8 1 16 23 2
18 6 1 6 13 22
21 3 23 16 27 2
18 16 17 5 27 11
19 26 26 13 18 20
24 6 17 22 13 26
1 27 25 5 21 10
15 18 1 5 6 26
6 27 27 2 26 22
27 20 1 13 26 25
10 15 7 1 8 19
17 3 12 13 2 25
12 10 10 20 16 23
23 21 6 25 13 8
23 3 20 2 18 19
5 16 5 23 5 21
25 2 21 27 11 23
6 20 14 11 22 25
16 16 25 16 9 8
22 10 6 6 8 3
18 19 20 12 18 6
11 23 8 1 18 8
15 3 9 11 3 15
23 14 22 4 27 21
25 1 22 9 20 7
19 23 18 15 25 19
5 2 27 23 22 23
5 8 9 9 10 23
16 23 26 21 2 24
16 7 2 8 19 27
14 9 12 10 21 8
4 6 16 20 19 1
19 8 16 17 14 16
5 2 24 14 13 4
22 14 16 18 12 12
17 26 6 4 11 10
11 22 18 16 22 14
22 20 25 5 9 7
17 23 4 14 7 1
1 6 10 9 1 10
23 3 15 4 20 7
11 1 10 5 22 18
11 8 7 19 19 5
2 4 4 3 1 17
18 9 25 16 19 9
5 15 21 11 10 1
11 24 17 5 11 22
16 13 21 18 16 23
18 19 27 24 6 27
19 20 20 24 7 24
20 13 9 8 10 26
26 14 27 13 10 19
22 24 10 14 6 4
11 6 24 7 17 5
4 16 21 27 18 27
6 6 8 15 19 25
25 8 1 1 14 14
20 24 24 24 24 23
23 18 26 5 10 5
12 26 4 18 15 4
26 3 7 17 26 3
23 27 11 20 12 10
19 18 1 2 15 20
8 16 2 3 23 7
16 15 5 6 2 26
14 20 27 8 25 19
23 18 9 20 9 11
23 25 23 12 13 25
26 5 8 3 15 17
6 15 18 15 10 15
15 22 5 27 5 21
12 24 19 2 6 3
24 7 23 22 22 11
8 11 19 25 1 9
4 24 5 16 13 17
8 17 26 23 23 14
14 2 3 14 15 7
4 19 13 18 20 16
23 6 8 14 5 9
25 9 11 13 18 13
23 1 7 25 22 21
24 25 22 19 17 22
24 5 3 24 3 11
12 8 7 19 4 21
23 1 12 9 4 8
5 6 12 6 14 22
3 7 8 12 26 4
15 13 12 5 5 19
27 27 16 22 7 4
4 6 23 24 2 13
1 4 6 5 10 9
4 25 8 3 19 1
13 13 24 17 12 19
3 2 25 8 10 23
20 20 16 20 17 3
5 15 1 24 3 16
13 18 22 7 14 14
4 11 25 16 7 1
9 11 21 21 4 13
22 24 11 22 24 16
17 12 20 12 23 2
23 1 23 6 16 15
9 4 9 25 18 11
20 1 14 13 24 22
4 9 9 1 8 16
12 5 6 3 6 6
21 26 3 20 26 19
14 2 11 6 13 15
26 20 2 20 27 6