27
2994
3283
836
3063
690
2842
2501
574
3077
864
3370
2618
2381
892
874
1061
2073
1943
2687
1033
2834
459
2133
1469
881
474
464
300
6
5 6 11 5 14 10
20 20 11 19 22 26
24 15 24 10 17 25
11 3 24 2 23 19
24 1 1 5 16 23
4 14 16 2 27 11
8 19 25 21 25 12
10 11 8 18 25 12
27 2 8 25 19 11
20 1 19 17 4 5
17 11 18 17 3 11
20 17 24 12 12 24
10 10 21 12 16 24
18 11 14 4 3 2
20 6 4 8 4 9
23 1 25 16 23 10
16 5 17 15 12 5
18 7 15 16 15 18
5 3 17 18 2 7
10 24 9 2 7 7
5 9 26 20 22 8
15 21 26 17 8 9
19 8 13 2 14 23
27 4 21 21 7 21
25 21 8 16 10 17
5 11 18 23 25 13
7 20 17 27 13 13
27 20 17 5 15 21
21 10 21 25 27 5
17 6 7 22 27 7
15 15 18 19 21 18
5 25 13 3 5 23
23 18 14 23 13 27
6 23 3 8 16 20
21 19 12 25 5 11
20 27 10 18 23 5
18 12 21 14 21 15
11 17 11 14 2 17
11 1 20 4 25 9
17 18 19 13 21 19
20 18 12 13 14 27
21 15 17 11 5 15
6 25 7 27 20 18
9 5 24 16 7 1
2 23 4 5 24 3
17 8 23 22 24 14
7 26 14 27 5 4
7 27 7 22 3 20
11 15 25 6 4 6
4 10 23 21 21 21
4 6 13 22 7 1
20 7 7 25 11 12
13 1 11 19 18 23
17 24 22 4 17 11
10 14 4 24 23 10
27 17 4 12 9 19
15 2 27 16 19 7
22 18 22 19 5 21
11 10 2 25 8 19
11 20 14 6 4 26
2 27 14 8 6 7
9 22 13 23 12 2
21 14 19 18 19 5
17 3 15 19 25 15
23 17 14 2 5 26
22 19 7 6 27 8
16 9 24 7 3 26
25 5 27 13 22 12
14 10 8 24 3 13
19 1 18 17 21 5
14 9 1 27 15 9
12 12 2 23 9 24
4 12 1 12 23 24
3 21 6 8 4 12
15 3 23 12 3 20
3 11 17 15 9 1
6 16 14 20 3 16
25 20 27 20 19 11
12 23 12 10 2 21
13 4 11 20 18 8
22 5 23 11 1 3
17 20 11 9 21 19
9 7 11 4 10 23
1 13 10 10 22 27
14 21 1 15 15 12
10 2 15 25 14 26
8 22 17 10 12 19
26 17 6 25 22 20
6 10 14 15 18 21
22 7 21 18 5 10
10 24 1 8 20 4
12 7 17 25 4 10
19 26 11 9 16 12
8 19 16 24 26 24
14 1 22 9 13 14
5 9 12 7 18 6
25 5 21 27 23 23
24 14 19 18 10 1
26 16 13 10 4 11
8 15 2 23 23 7
7 16 22 6 12 11
20 15 23 15 4 19
15 19 27 12 21 4
14 15 24 22 3 11
11 10 13 18 8 16
15 13 16 23 9 18
14 5 9 21 12 7
13 2 27 14 2 2
9 2 10 13 4 27
12 1 12 23 14 7
21 24 14 27 19 21
16 24 23 5 24 14
2 13 24 2 9 8
16 18 1 12 23 17
23 10 11 14 7 22
11 6 6 26 5 22
23 22 17 15 5 18
16 5 27 3 8 19
22 4 3 24 19 4
1 15 10 10 19 17
9 13 6 19 27 9
4 10 25 9 26 18
17 10 1 6 4 19
5 4 26 13 14 12
22 7 10 2 11 25
9 5 11 15 10 19
10 25 2 15 13 9
9 2 17 5 1 15
21 7 1 15 21 4
12 26 23 25 19 22
20 23 16 9 18 20
3 14 20 25 27 15
17 23 11 14 18 10
12 1 1 26 22 25
17 8 10 2 9 25
20 11 15 15 25 7
27 18 25 24 21 19
21 20 6 16 13 27
16 10 1 18 24 8
2 20 14 27 11 17
19 14 27 11 27 4
14 18 15 7 7 10
19 7 2 12 13 16
1 23 27 8 24 25
3 27 16 21 16 4
11 25 4 7 9 1
1 24 18 5 7 9
7 8 2 18 13 20
4 27 16 5 9 12
1 13 27 26 9 13
1 9 3 12 20 25
24 17 18 21 2 21
15 11 4 18 17 14
16 17 26 18 18 23
1 25 24 22 25 17
23 8 20 4 13 5
12 12 22 13 24 19
7 8 10 26 15 9
6 3 20 16 23 24
19 2 11 12 13 10
19 22 27 13 15 13
15 4 15 2 5 2
2 3 10 2 1 13
20 6 20 2 3 16
16 22 2 22 9 26
19 7 17 6 7 11
18 12 17 24 19 17
24 19 27 19 17 19
11 8 27 3 26 1
2 1 9 2 22 25
1 19 23 24 12 18
26 2 7 2 14 18
16 14 27 9 8 2
10 17 20 20 16 17
7 19 7 6 23 26
15 2 27 3 10 25
5 4 20 12 15 18
19 20 19 3 6 5
2 27 18 27 18 5
7 9 17 4 25 1
13 16 9 3 19 12
22 14 11 25 27 21
22 10 11 14 7 3
13 3 4 27 22 11
1 21 12 27 8 24
12 17 6 3 11 2
20 15 10 9 10 18
22 15 20 3 17 21
22 7 7 9 27 25
23 20 3 5 3 17
13 27 9 11 26 10
21 17 8 6 11 21
10 7 24 16 13 4
9 24 17 11 3 23
23 9 18 26 8 2
1 7 24 20 15 15
13 17 17 7 7 2
12 3 10 10 5 25
2 15 16 10 22 5
12 17 25 3 19 22
5 10 21 27 18 6
12 26 9 19 7 7
6 6 12 8 7 13
20 15 21 24 20 19
10 1 2 18 19 16
13 17 2 1 3 7
19 9 9 11 9 18
20 20 21 26 8 21
2 21 5 14 25 12
3 17 14 18 9 11
26 12 18 21 13 16
26 14 1 18 11 11
6 1 13 10 27 21
22 8 25 24 9 10
25 11 7 24 13 1
12 26 25 9 12 2
14 17 5 2 15 5
22 12 21 22 23 24
1 1 21 13 23 25
18 13 4 25 21 13
19 8 15 19 18 21
6 2 6 19 18 13
5 11 21 8 11 20
3 15 12 12 14 5
3 5 10 7 18 21
9 12 27 12 9 5
3 10 11 5 9 22
24 22 26 23 5 11
11 9 1 15 20 24
27 15 9 13 11 1
5 6 17 1 7 4
27 4 13 14 14 6
4 21 8 8 4 16
24 1 24 3 8 25
15 5 20 2 14 18
13 4 12 21 7 24
12 5 14 6 10 6
11 2 1 2 4 14
26 14 15 17 16 27
11 5 11 8 1 18
9 9 4 24 6 10
14 3 13 10 14 2
5 24 27 26 17 7
2 15 11 7 20 10
3 6 22 9 26 4
15 26 15 16 18 9
10 11 20 23 11 21
5 12 6 13 20 13
17 21 2 4 17 5
13 24 5 3 5 23
5 7 12 17 26 7
23 20 10 9 4 8
8 25 8 25 10 25
14 25 18 3 14 2
14 15 26 11 7 24
11 22 16 26 3 12
13 23 17 27 7 16
17 4 13 3 6 20
19 23 3 14 25 16
14 15 10 22 27 11
14 26 6 14 15 10
19 13 4 16 1 18
6 27 21 8 8 6
11 18 10 2 6 10
3 2 12 9 4 9
11 5 9 1 3 25
20 18 25 11 14 16
12 15 27 7 27 21
8 7 11 20 15 21
4 11 21 20 6 24
2 4 12 24 2 8
22 9 19 14 5 6
6 13 1 12 12 23
18 22 26 11 24 19
25 6 5 25 11 9
12 15 1 16 18 21
6 24 6 8 9 3
18 20 15 22 20 22
20 23 16 14 10 13
4 14 26 23 24 15
9 16 10 20 14 22
15 5 7 2 3 22
10 7 9 14 23 26
6 25 9 23 1 9
19 15 23 24 26 25
27 1 25 4 24 2
1 16 26 11 7 4
14 3 9 14 27 1
19 25 4 14 10 5
8 1 13 21 4 8
17 27 26 3 17 18
22 15 5 13 5 26
20 6 24 6 11 20
8 13 15 2 8 3
20 16 1 2 17 26
9 16 9 25 2 27
24 15 24 8 26 11
2 18 16 1 26 1
17 22 7 4 6 13
7 3 19 10 10 14